0 1
0 481
0 1026
1 0
1 958
1 1133
2 3
2 1896
3 2
3 547
3 1121
4 5
4 771
4 1284
5 4
5 269
5 1111
6 7
7 1690
8 9
9 8
9 1395
9 1576
10 11
10 741
11 987
11 1442
12 13
12 1150
13 1724
14 15
14 84
14 1615
15 14
15 201
15 555
15 1489
16 17
16 826
16 974
16 1033
17 16
17 825
17 1008
18 19
19 18
19 601
19 823
20 21
20 998
20 1423
21 20
21 32
21 251
22 23
22 580
22 613
22 1122
23 22
23 457
23 811
23 906
24 25
24 1686
25 24
25 1534
25 1751
26 27
26 605
26 1067
26 1857
27 26
27 559
28 29
28 381
28 1430
28 1827
29 28
29 194
29 212
29 718
30 31
30 1286
30 1581
31 30
31 328
31 1122
32 21
32 122
32 304
32 1307
33 34
33 399
33 434
33 512
34 33
34 174
34 411
35 36
35 75
35 175
35 180
36 35
36 195
36 743
36 1019
37 38
37 619
38 37
39 40
39 484
39 1021
40 39
40 185
40 1039
41 42
41 580
42 393
42 1411
43 44
43 165
43 1342
44 43
44 61
44 138
45 46
45 545
45 1338
46 45
46 414
46 472
47 48
47 1277
48 47
48 825
49 50
49 348
49 448
49 845
50 49
51 52
51 564
51 650
52 51
52 1842
52 1925
53 54
53 1328
54 53
54 874
54 903
55 56
56 960
57 58
57 1614
58 264
58 683
59 60
60 312
60 1624
60 1632
61 44
61 62
61 383
61 752
62 61
62 331
62 1287
63 64
63 320
63 762
63 1111
64 63
64 321
64 376
64 1548
65 66
65 429
65 1968
66 65
66 1243
67 68
67 878
67 1439
68 67
68 290
68 818
69 70
70 66
70 1242
71 72
71 118
71 345
71 749
72 71
73 74
73 210
73 858
74 73
74 676
74 1707
75 35
75 76
75 371
75 743
76 75
76 85
76 180
77 78
77 1015
77 1940
78 77
78 226
78 1641
79 80
79 601
79 1588
80 79
80 186
80 447
81 82
81 1119
81 1554
82 81
82 526
82 777
83 84
83 591
83 915
84 14
84 83
84 1771
85 76
85 86
85 1394
85 1731
86 85
86 117
86 749
87 88
87 300
87 389
87 870
88 87
89 90
89 167
89 1014
90 89
90 166
90 720
90 1188
91 92
91 456
92 1380
92 1385
93 94
94 93
94 159
94 1408
95 96
95 208
96 95
96 315
96 757
97 98
97 1030
97 1664
98 97
98 543
99 100
99 632
99 1082
100 99
101 102
102 1862
103 104
104 1356
105 106
105 1140
106 992
107 108
107 1587
107 1751
108 107
108 1050
109 110
110 386
110 1217
111 112
111 230
111 338
111 1797
112 111
112 307
112 374
112 587
113 114
113 379
113 778
114 113
114 444
114 729
114 998
115 116
115 422
115 1625
116 115
116 712
116 1234
116 1386
117 86
117 118
117 412
118 71
118 412
118 859
119 105
119 106
120 121
120 1665
121 1216
121 1665
122 32
122 123
122 794
123 122
124 125
124 382
124 606
124 772
125 124
125 200
125 1318
126 127
126 1724
127 1808
128 129
128 552
128 1158
128 1596
129 128
129 766
130 131
131 1718
132 133
132 212
132 448
132 718
133 132
133 213
133 731
133 1097
134 135
134 581
134 1333
135 134
135 463
135 1221
136 137
137 136
137 164
137 300
137 424
138 44
138 139
138 451
139 138
139 1241
139 1259
140 141
140 396
140 873
141 95
141 757
141 1220
142 143
142 282
143 1569
144 145
144 158
144 768
145 144
145 978
146 147
146 189
146 662
146 1516
147 146
147 190
147 829
148 149
148 199
148 460
148 908
149 148
149 663
149 1948
150 151
150 465
150 953
151 150
151 465
151 765
151 1578
152 153
152 1343
153 427
153 1343
154 155
154 915
154 1108
155 154
155 1159
155 1349
156 157
156 1398
156 1758
157 156
157 761
157 824
157 1332
158 144
158 210
158 768
158 1083
159 94
159 1456
159 1634
160 161
161 1247
161 1281
162 163
162 201
162 590
162 661
163 162
163 489
163 1652
164 137
164 423
164 1351
164 1551
165 43
166 90
166 167
166 1198
167 89
167 166
167 425
168 169
168 1414
169 1128
170 171
170 317
170 1683
171 170
171 417
171 646
172 173
172 952
173 1293
173 1653
174 34
174 1770
175 35
175 195
175 1012
175 1365
176 177
176 1218
176 1372
177 176
177 412
177 859
177 1336
178 179
178 185
178 665
179 178
179 1280
180 35
180 76
180 1012
180 1394
181 182
181 381
181 1430
181 1477
182 181
182 1068
183 184
183 1031
184 289
184 602
185 40
185 178
185 481
185 1021
186 80
186 812
186 1792
187 188
187 841
188 841
188 1837
189 146
189 190
189 558
190 147
190 189
190 1389
190 1410
191 192
192 1977
193 194
194 29
194 193
194 381
194 561
195 36
195 175
195 196
195 1201
196 195
196 790
196 1019
196 1113
197 198
197 1088
198 506
199 148
199 200
199 382
200 125
200 199
200 460
201 15
201 162
201 490
201 591
202 203
202 481
202 1575
203 202
203 732
203 1117
203 1299
204 205
205 810
205 1109
206 207
207 349
208 209
208 1233
208 1375
209 208
209 1220
209 1238
210 73
210 158
210 211
211 210
211 287
211 608
212 29
212 132
212 213
213 133
213 212
213 1717
214 215
215 251
216 217
216 577
216 616
217 216
217 835
217 976
217 1670
218 219
219 1646
220 221
220 1565
221 1605
222 223
222 1155
223 222
223 648
224 225
224 897
224 1132
225 224
225 665
225 1026
226 78
226 704
226 1585
227 228
227 803
227 1454
227 1611
228 227
228 229
228 400
228 518
229 228
229 230
229 804
229 1797
230 111
230 229
230 374
230 509
231 232
231 309
231 623
232 231
232 310
232 1439
233 234
233 440
233 1093
233 1494
234 233
234 1094
235 236
236 235
236 767
236 1479
237 238
237 833
237 1147
238 237
238 542
238 585
238 877
239 240
240 1129
240 1215
240 1497
241 242
241 871
242 241
242 833
242 1223
242 1516
243 244
243 457
243 567
244 243
244 337
244 567
245 246
245 321
245 866
245 1663
246 245
246 1549
246 1760
247 248
247 889
247 1347
248 247
248 1013
248 1240
249 250
250 904
250 1643
251 21
251 1226
251 1666
252 253
252 760
252 1361
253 252
253 894
253 1361
254 255
254 1659
254 1896
255 254
256 257
256 1952
257 358
257 445
258 259
259 945
260 69
260 1476
261 262
261 850
261 1441
262 261
262 881
262 1384
263 264
263 683
264 57
264 1962
265 266
266 265
266 888
266 935
267 268
268 1417
269 5
269 959
270 271
270 454
270 493
270 608
271 270
271 284
271 1315
271 1365
272 273
272 421
272 822
273 272
273 1486
273 1586
274 275
275 1567
276 215
276 277
277 1308
277 1493
278 279
278 647
278 754
279 278
279 1245
280 281
280 1152
280 1322
281 280
281 777
281 883
282 283
283 1522
284 271
284 493
284 789
284 1201
285 286
285 985
285 1456
286 285
286 1298
286 1616
287 211
287 676
287 1083
288 289
288 602
289 183
289 1192
290 68
290 291
291 290
291 361
292 293
292 752
292 1662
293 292
294 295
294 755
294 1429
294 1443
295 441
295 764
295 927
296 297
296 1300
297 296
297 779
297 1033
298 299
298 642
298 1011
298 1745
299 298
300 87
300 137
300 301
300 954
301 300
301 424
301 818
301 962
302 303
302 574
302 1467
302 1742
303 302
303 1214
303 1395
304 32
304 901
304 973
305 306
305 323
305 340
305 1954
306 305
307 112
307 308
307 415
307 1166
308 307
308 390
308 607
308 1834
309 231
309 310
309 1136
310 232
310 309
310 353
310 916
311 312
311 1624
312 584
312 1080
313 314
314 1850
314 1932
315 96
315 316
315 319
315 1975
316 315
316 757
316 872
316 1070
317 170
318 319
318 869
318 1730
318 1785
319 315
319 318
319 1233
319 1623
320 63
320 321
320 641
321 64
321 245
321 320
322 323
323 305
323 322
323 1902
324 325
324 1110
324 1562
324 1581
325 324
325 1239
326 327
327 326
327 936
327 1149
328 31
328 329
328 1110
329 328
329 1701
329 1963
330 331
331 62
331 330
331 756
332 333
333 1868
334 335
334 488
334 814
335 334
335 767
335 774
336 337
336 1182
336 1618
337 244
337 336
337 882
338 111
338 1582
339 340
339 830
340 305
340 339
340 366
340 1938
341 342
342 160
343 344
344 604
344 1135
345 71
345 406
345 859
345 1858
346 347
346 900
347 346
347 558
347 1340
348 49
348 1097
348 1142
349 521
350 351
350 634
350 1329
351 350
351 564
351 1424
352 353
352 673
352 916
353 310
353 352
353 1439
354 355
355 1841
356 357
356 375
357 662
358 445
358 797
359 360
360 1207
361 291
361 962
361 1475
362 363
362 1069
362 1449
363 362
363 1449
364 365
364 476
364 1404
365 364
365 473
365 1179
366 340
366 367
366 544
367 366
367 773
367 1890
368 369
369 1901
370 371
370 1397
370 1873
371 75
371 370
371 1336
372 373
372 512
373 1227
373 1269
374 112
374 230
374 415
374 1171
375 241
375 871
376 64
376 1346
377 378
378 1468
379 380
379 778
380 379
380 402
380 443
381 28
381 181
381 194
381 1068
382 124
382 199
382 664
383 61
383 384
383 531
383 755
384 383
384 1301
384 1316
385 386
385 467
385 483
386 385
386 392
386 1217
387 388
388 598
388 1460
389 87
390 308
390 606
390 982
390 992
391 392
392 386
392 391
392 1674
392 1913
393 394
393 1598
394 1286
394 1487
395 396
395 915
395 1750
396 140
396 395
396 1220
397 398
397 1657
397 1746
398 397
398 541
398 543
398 938
399 33
399 575
399 1127
400 228
400 430
400 509
401 373
401 1352
402 380
402 403
402 1878
403 402
404 405
404 1174
405 497
405 887
406 345
406 592
406 902
406 1218
407 408
407 864
408 1833
409 410
410 409
410 793
410 1297
411 34
411 575
411 1773
412 117
412 118
412 177
413 113
413 860
414 46
414 977
414 1234
415 307
415 374
415 416
415 607
416 415
416 772
416 1171
416 1181
417 171
417 418
417 1113
418 417
419 420
419 517
419 563
420 419
420 706
420 1971
421 272
422 115
422 1091
422 1697
423 164
423 424
423 819
423 1351
424 137
424 301
424 423
425 167
425 426
426 425
426 1533
427 428
427 1289
428 855
428 929
429 65
429 723
430 400
430 431
430 1171
430 1181
431 430
431 943
431 1051
432 433
432 482
432 1722
433 432
434 33
434 835
434 1127
434 1222
435 436
435 724
435 1043
436 435
436 1206
436 1229
437 438
438 437
438 464
438 1528
439 440
439 781
439 1396
440 233
440 439
440 730
440 1094
441 295
441 442
441 1009
442 441
442 927
443 380
443 444
443 702
444 114
444 443
444 575
444 1127
445 446
445 797
445 1001
446 445
446 1119
446 1283
447 80
447 516
447 533
447 1006
448 49
448 132
448 1097
448 1786
449 450
450 449
450 729
450 1255
450 1675
451 138
452 453
452 685
452 1191
453 452
454 270
454 974
454 1315
455 456
455 1337
456 91
456 455
456 1380
457 23
457 243
457 514
457 1388
458 459
458 1310
459 653
460 148
460 200
460 1161
461 462
462 711
463 135
463 1825
464 438
464 576
464 605
465 150
465 151
465 1285
466 467
466 1122
466 1228
467 385
467 466
467 1913
468 469
468 1639
469 650
470 471
471 1854
472 46
472 545
472 1051
473 365
473 1209
474 475
474 513
474 658
474 1678
475 474
475 1280
475 1542
476 364
476 709
477 478
477 1087
477 1486
478 477
478 535
478 978
479 480
479 1075
479 1278
480 479
481 0
481 185
481 202
481 732
482 432
482 792
482 1564
483 385
484 39
484 485
484 1542
484 1640
485 484
485 933
485 1039
486 487
486 733
486 1194
487 486
487 1003
487 1483
488 334
489 163
489 490
489 1211
490 201
490 489
490 1489
491 492
492 1801
493 270
493 284
493 494
493 1098
494 493
494 686
494 789
494 1484
495 496
495 954
496 495
496 900
496 1072
496 1705
497 498
497 832
497 961
498 497
498 886
499 500
499 1949
500 499
500 1492
501 91
501 92
502 503
503 502
503 1086
503 1099
504 505
504 1056
505 1695
506 1272
507 508
508 504
509 230
509 400
509 1171
510 511
511 1406
512 33
512 372
512 1222
512 1446
513 474
513 514
513 1152
513 1212
514 457
514 513
514 1212
515 516
515 1494
515 1583
516 447
516 515
516 956
517 419
517 518
517 983
518 228
518 517
518 1334
519 520
519 558
519 1650
520 347
520 519
521 522
521 909
521 1200
522 521
522 1419
523 524
524 1552
525 526
525 1108
525 1264
526 82
526 525
526 959
527 528
528 1321
529 530
529 1762
530 970
530 1762
531 383
532 533
532 967
532 1006
533 447
533 532
533 617
534 535
534 955
535 478
535 534
535 1521
536 159
537 538
538 206
538 836
539 540
539 793
539 1831
540 539
540 1381
540 1907
541 398
541 600
542 238
543 98
543 398
544 366
544 830
544 1677
545 45
545 472
545 562
546 547
546 634
546 1659
547 3
547 546
547 552
548 549
548 736
548 780
549 736
549 1033
550 551
551 957
551 1012
551 1394
552 128
552 547
552 634
552 913
553 554
554 553
554 746
554 973
555 15
555 640
555 1197
556 349
556 557
557 614
558 189
558 347
558 519
559 27
559 657
560 561
560 1606
561 194
561 560
562 545
562 563
562 1363
563 419
563 562
563 1051
564 51
564 351
564 1245
564 1842
565 566
565 827
565 1779
566 565
566 763
566 928
567 243
567 244
568 569
568 816
568 1505
569 568
569 1034
570 571
571 1895
572 573
572 917
572 1523
573 572
573 811
573 1059
574 302
574 1261
574 1505
574 1676
575 399
575 411
575 444
575 729
576 464
576 610
576 896
577 216
577 578
577 616
578 577
578 728
578 835
579 580
579 1558
580 22
580 41
580 579
581 134
581 934
581 1221
582 583
582 793
582 1579
583 582
583 1957
584 168
585 238
585 586
585 872
585 1728
586 237
586 585
586 1183
587 112
587 338
588 589
588 1024
588 1580
589 588
589 1469
590 162
590 591
590 1768
591 83
591 201
591 590
592 406
592 593
592 651
592 1219
593 592
593 922
593 1218
593 1372
594 595
595 594
595 879
595 1371
595 1490
596 597
597 456
597 501
598 897
598 1193
599 600
599 1838
600 541
600 599
600 657
600 1500
601 19
601 79
602 58
602 1065
603 604
603 1135
604 603
604 1382
604 1783
605 26
605 464
605 1209
605 1811
606 124
606 390
606 607
606 1318
607 308
607 415
607 606
607 772
608 211
608 270
608 974
608 1098
609 610
609 826
609 1036
609 1811
610 576
610 609
610 957
610 1412
611 612
612 611
612 1491
613 22
614 615
615 836
616 216
616 577
616 1874
617 533
617 633
617 967
618 37
618 619
619 618
619 1679
619 1922
620 621
620 695
620 844
621 620
621 687
621 807
622 623
622 1078
623 231
623 622
623 930
624 625
624 1227
625 408
626 627
626 965
626 1020
627 428
627 929
628 629
628 1451
629 1256
630 387
630 631
631 343
631 1470
632 99
632 633
632 823
633 617
633 632
633 823
634 350
634 546
634 552
634 1158
635 636
635 917
635 1580
636 387
636 630
637 638
637 847
637 1637
638 637
638 1449
638 1561
639 640
639 777
639 1771
640 555
640 639
640 1322
640 1678
641 320
641 866
641 1180
642 298
642 643
642 651
642 1219
643 642
643 1745
644 645
644 1457
645 1817
646 171
646 790
646 1683
647 278
647 468
648 223
648 993
649 650
650 51
650 649
650 754
650 1946
651 592
651 642
651 652
651 922
652 643
652 651
653 654
653 1239
654 1230
654 1310
655 656
655 1055
656 655
656 1248
657 559
657 600
658 474
658 1211
658 1542
659 660
659 883
659 1119
660 659
660 883
660 906
661 162
661 1238
661 1335
661 1768
662 146
662 375
663 149
663 664
663 1181
664 382
664 663
664 772
665 178
665 225
665 897
666 667
667 1560
668 669
668 1640
668 1652
669 668
669 1211
669 1923
670 671
670 672
670 878
671 670
672 670
672 1007
672 1064
673 352
673 674
673 1058
673 1708
674 673
674 744
674 916
675 676
676 74
676 287
676 675
677 678
677 919
678 1829
679 680
679 695
679 789
679 1484
680 679
681 682
681 1781
682 1781
682 1866
683 184
683 1031
684 685
685 452
685 684
685 1076
686 494
686 687
686 1086
687 621
687 686
687 807
688 689
689 688
689 870
689 962
689 1475
690 691
692 693
692 1017
693 692
693 1376
693 1652
694 695
695 620
695 679
695 694
695 1210
696 173
696 697
697 952
697 1178
698 699
699 698
699 776
699 1185
700 701
700 738
700 847
700 1069
701 700
702 443
702 703
702 727
703 702
703 717
703 1912
704 226
704 705
704 1761
705 704
705 1271
705 1698
706 420
706 1334
706 1638
707 681
708 461
709 476
709 1209
709 1277
709 1811
710 711
711 1095
712 116
712 1234
712 1844
713 714
714 1379
715 716
715 874
716 715
716 1059
716 1328
717 703
718 29
718 132
718 1786
718 1810
719 720
720 90
720 1174
721 722
721 805
722 721
722 1155
723 724
723 1043
723 1262
724 65
724 723
724 1476
725 726
725 1506
726 968
727 702
727 728
728 578
728 727
729 114
729 450
729 575
729 1144
730 440
730 996
730 1093
731 725
731 1717
732 203
732 481
732 958
733 486
733 1374
734 735
734 1295
735 1295
735 1904
736 548
736 549
736 737
736 990
737 736
737 1313
738 700
739 740
740 1311
741 742
742 782
743 36
743 75
743 1240
744 674
744 745
744 1861
745 744
745 996
745 1093
746 554
746 747
746 901
747 746
747 784
748 749
748 1275
748 1731
749 71
749 86
749 748
749 1513
750 751
750 934
751 750
751 1221
752 61
752 292
752 1691
753 405
753 719
754 278
754 650
754 1245
755 294
755 383
755 756
756 331
756 755
756 1287
757 141
757 316
757 873
758 759
759 1749
760 252
760 766
760 1195
761 157
761 762
761 1555
762 63
762 761
762 1112
763 764
763 927
764 294
764 295
765 151
765 893
765 1426
766 129
766 760
766 1195
767 236
767 335
768 158
768 1534
769 770
770 1889
771 4
771 1180
771 1720
772 124
772 416
772 607
772 664
773 367
774 335
774 814
774 1650
775 776
775 1543
776 699
776 775
776 1633
777 82
777 281
777 639
778 113
778 413
779 297
779 780
780 548
780 1045
780 1457
781 439
781 905
781 1906
782 10
782 783
783 10
783 1429
784 747
784 1559
785 786
785 1246
786 785
786 1696
787 630
787 788
788 1580
789 284
789 494
789 679
789 790
790 196
790 646
790 789
790 1201
791 792
792 482
792 827
792 1779
793 410
793 539
793 582
794 122
794 1450
795 796
796 187
797 798
797 1001
798 1177
798 1853
799 800
800 799
800 888
800 1013
801 802
801 1313
802 737
803 227
803 804
803 809
804 229
804 803
804 808
804 1809
805 721
805 806
806 805
806 1054
807 621
807 687
807 1951
808 804
808 809
808 1637
809 803
809 808
809 1454
810 811
810 1109
811 23
811 573
811 810
812 186
812 813
812 1120
813 812
813 1588
813 1694
814 334
814 774
814 815
815 814
816 568
816 817
816 1135
816 1619
817 569
817 816
818 68
818 301
818 819
819 423
819 818
819 1447
819 1843
820 821
821 1003
822 272
823 19
823 632
823 633
824 157
824 959
824 1137
824 1264
825 17
825 48
825 826
825 1811
826 16
826 609
826 825
827 152
827 792
827 828
828 827
829 147
830 339
830 544
831 101
832 497
832 1682
833 242
833 1668
833 1871
834 508
835 217
835 434
835 578
836 1651
837 838
837 1688
838 837
838 1199
838 1267
839 840
840 510
841 975
842 735
842 843
843 20
844 620
845 49
845 846
845 1786
846 845
847 637
847 700
847 1847
848 849
849 1213
849 1532
850 261
850 851
851 850
851 881
852 853
852 921
853 652
853 922
854 791
854 855
855 153
855 791
856 857
857 1311
858 73
859 118
859 177
859 345
859 1218
860 413
860 861
860 1142
861 860
862 863
862 1090
863 862
863 1214
863 1835
864 865
864 1325
865 647
866 245
866 641
866 1511
867 868
868 867
868 1704
868 1760
869 318
870 87
870 689
870 1525
870 1612
871 1254
872 316
872 585
872 873
872 1527
873 140
873 586
873 872
874 54
874 715
874 1328
874 1523
875 876
875 1423
876 214
876 1249
877 238
878 67
878 670
878 1064
879 595
879 880
879 1490
880 879
880 1712
881 262
881 851
881 1248
882 337
882 883
882 906
883 281
883 659
883 660
883 882
884 885
885 1235
885 1893
886 887
886 1806
887 753
887 1806
888 266
888 800
888 889
889 247
889 888
889 1013
890 891
891 1919
892 893
892 1246
893 765
893 892
893 993
894 253
894 895
894 1630
895 894
895 1496
896 550
896 576
896 1067
896 1500
897 224
897 598
897 665
898 899
898 1144
898 1309
899 898
900 346
900 496
901 304
901 746
901 1430
902 406
902 1219
903 54
903 918
904 1066
905 781
905 930
905 1396
905 1658
906 23
906 660
906 882
907 908
907 944
907 1345
908 148
908 907
908 1161
909 910
909 1378
910 1663
911 912
911 1058
912 911
912 1143
912 1538
912 1848
913 552
914 707
915 83
915 154
915 395
916 310
916 352
916 674
916 1136
917 572
917 635
917 918
918 903
918 917
918 1523
919 920
919 1674
920 1184
920 1416
920 1674
921 852
921 922
921 1022
921 1260
922 593
922 651
922 853
922 921
923 924
924 923
924 1337
924 1924
925 926
925 1734
926 1319
927 442
927 763
927 928
928 566
928 1597
929 690
930 623
930 905
930 931
931 930
932 933
932 1025
932 1039
933 485
933 1421
933 1828
934 581
934 750
934 1719
935 266
936 327
936 1538
936 1933
937 938
937 1520
938 893
938 1426
939 940
940 939
940 1397
940 1852
941 942
942 463
943 431
943 944
943 1051
944 907
944 943
944 1194
945 252
945 253
946 947
946 1972
948 949
948 984
948 1204
948 1456
949 948
950 951
950 1475
951 950
952 1178
952 1918
953 150
953 1010
954 300
954 495
955 534
955 956
955 1006
956 516
956 955
956 1583
957 551
957 610
957 896
958 1
958 732
958 1425
959 526
959 824
959 1112
959 1595
960 1518
961 130
962 301
962 361
962 689
963 964
964 311
965 626
965 966
965 1823
966 965
967 532
967 617
968 794
968 1717
969 970
969 1845
970 458
970 1845
971 26
971 27
972 973
973 304
973 554
973 972
974 16
974 454
974 608
975 848
975 976
976 217
976 975
977 414
977 1529
978 145
978 478
978 1521
979 980
980 1905
981 982
981 1317
982 119
982 390
982 981
983 517
984 948
984 985
984 1204
985 285
985 984
986 987
986 1442
987 986
987 1002
988 989
989 988
989 1713
990 736
990 991
991 990
991 1686
992 390
992 1745
992 1834
993 648
993 1438
993 1466
994 995
995 1740
996 730
996 745
996 997
997 996
997 1078
997 1136
997 1396
998 20
998 114
998 734
999 1000
1000 1654
1000 1944
1001 713
1002 1003
1002 1413
1003 487
1003 1002
1003 1092
1004 1005
1004 1631
1004 1737
1005 1004
1005 1047
1005 1738
1006 447
1006 532
1006 955
1007 672
1008 17
1008 1300
1008 1514
1008 1660
1009 441
1009 1541
1010 953
1010 1011
1010 1253
1010 1466
1011 298
1011 1010
1011 1219
1011 1437
1012 175
1012 180
1012 957
1012 1455
1013 248
1013 800
1013 889
1014 89
1014 1015
1014 1188
1015 77
1015 1014
1015 1187
1016 1017
1016 1052
1016 1164
1017 1016
1017 1422
1018 1019
1019 36
1019 196
1019 1018
1019 1240
1020 626
1020 1263
1021 39
1021 185
1021 1280
1021 1542
1022 921
1022 1260
1022 1582
1023 1024
1023 1073
1023 1076
1024 588
1024 1023
1025 932
1026 0
1026 225
1026 1132
1027 1028
1027 1503
1028 1050
1028 1883
1029 1030
1029 1209
1030 97
1030 1029
1030 1049
1031 1032
1032 1084
1033 16
1033 297
1033 549
1034 1035
1034 1250
1035 569
1035 1141
1036 609
1036 1315
1036 1412
1037 1038
1037 1966
1038 1290
1039 40
1039 932
1039 1575
1040 1041
1041 1040
1042 834
1043 435
1043 1044
1043 1676
1044 603
1044 1619
1044 1783
1045 1101
1045 1472
1046 1047
1046 1348
1046 1859
1047 1005
1047 1046
1047 1631
1048 1049
1048 1756
1049 1468
1049 1620
1050 1503
1051 431
1051 472
1051 563
1051 943
1052 1053
1052 1106
1052 1537
1053 1376
1053 1730
1053 1785
1054 528
1054 806
1054 1055
1055 527
1055 655
1055 1054
1056 1357
1057 42
1058 673
1058 911
1058 1149
1059 573
1059 716
1059 1388
1060 1061
1061 1060
1061 1338
1061 1363
1062 1063
1063 401
1063 1352
1064 672
1064 878
1064 1439
1065 1066
1066 1355
1067 26
1067 896
1068 182
1068 381
1069 362
1069 700
1069 1373
1069 1397
1070 316
1071 1072
1072 496
1072 1071
1072 1351
1073 1023
1074 969
1074 1075
1075 479
1075 1074
1075 1519
1076 685
1076 1023
1076 1189
1076 1445
1077 739
1077 1661
1078 622
1078 997
1079 1027
1079 1480
1080 1081
1081 1870
1081 1881
1082 99
1082 1083
1082 1681
1083 158
1083 287
1083 1082
1084 1054
1084 1085
1085 805
1086 503
1086 686
1086 1098
1087 477
1087 1769
1088 1089
1089 1205
1091 422
1091 487
1091 1092
1092 1091
1092 1443
1092 1729
1093 233
1093 730
1093 745
1094 234
1094 440
1094 1819
1095 1501
1096 1097
1096 1142
1096 1296
1097 133
1097 348
1097 448
1097 1096
1098 493
1098 608
1098 1086
1099 503
1099 1100
1099 1348
1100 1099
1101 801
1102 1103
1103 1102
1103 1271
1103 1585
1104 1105
1105 769
1105 1958
1106 1052
1106 1107
1106 1164
1106 1785
1107 1106
1108 154
1108 525
1108 1264
1109 110
1109 1383
1110 324
1110 328
1111 5
1111 63
1111 1112
1111 1180
1112 762
1112 959
1112 1111
1113 196
1113 417
1113 1114
1114 1113
1115 1116
1116 1202
1117 203
1117 1229
1117 1292
1118 856
1119 81
1119 446
1119 659
1120 812
1121 3
1121 1390
1121 1596
1122 22
1122 31
1122 466
1122 1921
1123 1124
1123 1444
1123 1779
1124 1123
1125 1126
1126 1552
1127 399
1127 434
1127 444
1128 831
1128 1644
1129 240
1129 520
1130 1131
1130 1190
1130 1467
1130 1887
1131 1130
1132 224
1132 1026
1132 1133
1133 1
1133 1132
1133 1425
1134 109
1135 344
1135 816
1135 1367
1136 309
1136 916
1136 997
1136 1861
1137 824
1137 1159
1137 1254
1138 1077
1139 1140
1139 1839
1140 1409
1140 1568
1141 787
1141 788
1142 348
1142 860
1142 1096
1143 912
1143 1494
1143 1723
1144 729
1144 898
1144 1255
1145 692
1145 1959
1146 1147
1147 237
1147 1146
1147 1224
1148 1149
1149 327
1149 1058
1149 1148
1150 571
1150 884
1151 1152
1151 1182
1151 1796
1152 280
1152 513
1152 1151
1153 1154
1154 1875
1155 222
1155 722
1155 1696
1156 1157
1156 1607
1157 1057
1157 1607
1158 128
1158 634
1158 1329
1158 1794
1159 155
1159 1137
1159 1350
1160 719
1160 753
1161 460
1161 908
1161 1345
1162 1163
1163 1703
1164 1016
1164 1106
1164 1165
1164 1312
1165 1164
1165 1421
1165 1880
1166 307
1166 587
1167 1168
1167 1469
1168 1250
1169 1170
1169 1815
1170 1288
1170 1344
1171 374
1171 416
1171 430
1171 509
1172 1173
1172 1753
1173 1716
1174 1553
1174 1947
1175 1176
1175 1626
1176 1599
1177 1273
1177 1853
1178 635
1179 365
1179 1601
1180 641
1180 771
1180 1111
1181 416
1181 430
1181 663
1182 336
1182 1151
1183 140
1183 586
1184 890
1184 920
1184 1888
1185 699
1185 1186
1186 1185
1187 1015
1187 1188
1187 1947
1188 90
1188 1014
1188 1187
1189 1076
1190 1130
1190 1191
1190 1505
1191 452
1191 1190
1191 1467
1192 980
1193 343
1193 631
1194 486
1194 944
1194 1345
1195 1196
1196 1689
1197 555
1197 1489
1197 1678
1198 166
1198 1160
1199 838
1199 1200
1199 1777
1200 521
1200 1199
1200 1688
1201 195
1201 284
1201 790
1201 1365
1202 994
1202 1203
1203 1282
1204 948
1204 984
1205 1138
1206 436
1207 1208
1208 1754
1208 1822
1209 473
1209 605
1209 709
1209 1029
1210 695
1211 489
1211 658
1211 669
1212 513
1212 514
1212 1460
1213 849
1213 1670
1213 1778
1214 9
1214 863
1215 1216
1215 1274
1216 1274
1216 1524
1217 205
1217 1706
1218 176
1218 406
1218 593
1218 859
1219 592
1219 642
1219 902
1219 1011
1220 141
1220 209
1220 396
1220 1237
1221 135
1221 581
1221 751
1222 434
1222 512
1222 1670
1222 1778
1223 1224
1223 1350
1224 1147
1224 1183
1224 1750
1225 1226
1226 251
1226 276
1227 625
1227 1325
1228 466
1229 436
1229 1117
1229 1382
1230 1920
1231 1232
1231 1787
1232 1613
1233 96
1233 208
1233 319
1234 116
1234 414
1234 712
1235 1642
1236 1048
1236 1115
1237 1220
1237 1238
1237 1768
1238 209
1238 661
1238 1237
1239 325
1239 653
1240 248
1240 743
1240 1019
1241 139
1242 1243
1243 1956
1244 986
1245 279
1245 564
1245 754
1246 785
1246 892
1246 1247
1247 1246
1247 1281
1248 656
1248 881
1248 1441
1249 214
1249 277
1250 1034
1250 1636
1251 1252
1252 1251
1252 1348
1252 1631
1253 1010
1253 1285
1254 356
1255 450
1255 1144
1256 1747
1257 1258
1257 1299
1257 1821
1258 932
1258 1575
1258 1867
1259 139
1259 1536
1260 921
1260 1022
1260 1372
1261 574
1261 1262
1262 723
1262 1261
1262 1676
1263 583
1263 1490
1263 1579
1264 525
1264 824
1264 1108
1265 1266
1266 1884
1267 838
1267 1268
1268 1267
1268 1303
1268 1461
1269 1265
1269 1366
1269 1446
1270 1271
1270 1360
1270 1761
1271 705
1271 1103
1271 1270
1272 523
1273 579
1273 1558
1274 1332
1275 748
1275 1276
1275 1500
1276 1275
1276 1513
1276 1752
1277 47
1277 709
1277 1405
1277 1660
1278 479
1278 1533
1278 1761
1279 369
1280 179
1280 475
1280 1021
1281 160
1282 507
1283 446
1283 1284
1283 1720
1284 4
1284 1283
1284 1554
1285 465
1285 1434
1286 30
1286 394
1287 62
1287 756
1288 427
1288 1289
1289 1020
1290 1118
1291 1257
1291 1292
1291 1721
1292 1117
1292 1291
1292 1476
1293 1294
1293 1465
1294 1134
1294 1653
1295 1296
1296 1096
1296 1812
1297 410
1298 286
1298 1351
1298 1628
1299 203
1299 1257
1299 1292
1300 296
1300 1008
1301 1302
1303 1304
1304 1362
1304 1964
1305 852
1306 1307
1306 1420
1306 1559
1307 32
1307 1306
1308 1309
1308 1547
1309 898
1309 1547
1310 530
1310 1230
1311 946
1312 1164
1313 108
1314 1236
1314 1810
1315 271
1315 454
1315 1036
1315 1455
1316 501
1316 1301
1317 982
1317 1318
1318 125
1318 606
1318 1317
1319 1320
1320 126
1321 263
1321 1832
1322 280
1322 640
1322 1515
1323 1324
1324 1273
1324 1791
1325 401
1325 865
1326 1327
1326 1655
1327 770
1328 53
1328 716
1328 874
1329 350
1329 1158
1330 1331
1331 1128
1332 157
1332 1387
1332 1877
1333 134
1334 518
1334 706
1334 1611
1335 661
1335 1375
1335 1652
1336 177
1336 371
1336 1373
1336 1397
1337 455
1337 924
1337 1338
1338 45
1338 1061
1338 1337
1339 6
1339 191
1340 1341
1340 1389
1340 1914
1342 43
1342 565
1343 1344
1344 1815
1345 907
1345 1161
1345 1194
1346 376
1346 1776
1347 247
1348 1046
1348 1099
1348 1252
1349 155
1349 1350
1349 1750
1350 1159
1350 1223
1350 1349
1351 164
1351 423
1351 1072
1351 1298
1352 372
1353 1354
1354 1510
1354 1645
1355 105
1355 1647
1356 1485
1357 1970
1358 1104
1359 1360
1360 1270
1360 1359
1360 1920
1361 1765
1362 1156
1363 562
1363 1061
1363 1364
1364 1363
1365 175
1365 271
1365 1201
1365 1455
1366 624
1366 1269
1367 817
1367 1470
1368 1369
1369 925
1370 1371
1370 1590
1371 595
1371 1169
1371 1753
1372 176
1372 593
1372 1260
1372 1373
1373 1069
1373 1336
1373 1372
1373 1561
1374 733
1374 1736
1375 1335
1375 1376
1376 693
1376 1053
1376 1537
1377 1378
1377 1820
1378 1820
1378 1915
1379 204
1379 1358
1380 1091
1381 540
1382 604
1382 1229
1382 1425
1383 696
1383 697
1384 262
1385 384
1385 1316
1386 116
1387 1332
1387 1433
1388 457
1388 1059
1388 1735
1389 190
1389 558
1389 1340
1390 1121
1391 1392
1392 1830
1393 677
1394 85
1394 180
1394 551
1394 1500
1395 9
1395 303
1396 439
1396 905
1396 997
1397 370
1397 940
1397 1069
1397 1336
1398 156
1399 1037
1399 1392
1400 1401
1401 1849
1402 1403
1402 1474
1402 1793
1403 1402
1403 1435
1403 1579
1404 364
1404 1405
1405 1277
1405 1404
1405 1514
1406 1407
1407 1323
1408 94
1408 354
1408 1560
1409 1437
1410 190
1411 1535
1412 610
1412 1036
1412 1455
1413 1244
1414 1415
1416 1134
1416 1294
1417 1418
1417 1916
1418 1667
1419 522
1419 1420
1420 1306
1420 1419
1421 1016
1421 1165
1421 1422
1422 485
1422 1421
1422 1640
1423 875
1423 998
1424 351
1425 958
1425 1133
1425 1382
1426 937
1426 1856
1427 1374
1428 1429
1429 294
1429 783
1429 1428
1430 28
1430 181
1430 901
1431 1432
1432 1498
1433 1571
1433 1726
1434 1253
1435 1403
1435 1436
1435 1824
1436 1435
1437 1011
1437 1438
1437 1466
1438 274
1438 1437
1439 67
1439 232
1439 353
1439 1064
1440 188
1440 1836
1441 261
1441 1248
1441 1624
1442 11
1442 741
1443 294
1443 1092
1444 1123
1444 1471
1444 1732
1445 1076
1445 1167
1446 512
1446 1269
1446 1770
1447 819
1448 404
1449 362
1449 363
1449 638
1450 842
1450 843
1451 1644
1452 1453
1453 1457
1453 1540
1454 227
1454 809
1454 1611
1454 1795
1455 1012
1455 1315
1455 1365
1455 1412
1456 159
1456 285
1456 948
1457 645
1457 780
1457 1540
1458 1459
1459 647
1459 1062
1460 388
1460 1212
1461 1268
1461 1303
1461 1462
1462 1461
1462 1562
1462 1711
1463 1464
1465 1184
1466 765
1466 993
1466 1010
1467 302
1467 1130
1467 1191
1468 1530
1469 589
1469 1168
1470 787
1470 817
1471 1444
1471 1564
1471 1767
1472 1473
1473 802
1474 1402
1475 361
1475 689
1475 950
1476 260
1476 724
1476 1292
1477 181
1478 612
1479 236
1480 1481
1481 758
1482 1483
1482 1648
1483 1427
1483 1584
1483 1648
1484 494
1484 679
1485 1748
1486 273
1486 477
1487 1157
1487 1488
1488 1964
1489 15
1489 490
1489 1197
1490 595
1490 879
1490 1263
1491 1594
1492 500
1492 1493
1493 1308
1493 1492
1494 233
1494 515
1494 1143
1495 1496
1496 895
1496 1495
1497 240
1497 1604
1497 1789
1498 1339
1499 269
1500 600
1500 896
1500 1275
1500 1394
1501 1502
1502 1703
1503 1504
1503 1512
1504 524
1505 568
1505 574
1505 1190
1505 1619
1506 726
1506 842
1507 1508
1508 258
1509 1371
1509 1510
1510 1330
1510 1645
1511 866
1512 536
1512 1079
1513 749
1513 1276
1514 1008
1514 1405
1515 1322
1515 1678
1516 146
1516 242
1516 1668
1517 1032
1518 1399
1519 1075
1519 1533
1519 1572
1520 398
1521 535
1521 978
1522 491
1523 572
1523 874
1523 918
1524 121
1524 1555
1524 1603
1525 870
1525 1526
1525 1593
1525 1780
1526 1525
1527 872
1528 438
1529 977
1530 1531
1530 1685
1531 332
1532 1458
1532 1837
1533 426
1533 1278
1533 1519
1534 25
1534 768
1535 393
1535 1921
1536 1259
1537 1052
1537 1145
1538 912
1538 936
1538 1539
1539 1538
1540 779
1541 1009
1542 475
1542 484
1542 658
1542 1021
1543 775
1544 713
1545 1546
1545 1622
1546 1512
1547 875
1547 1249
1548 64
1548 120
1549 246
1550 1461
1551 164
1552 1498
1553 941
1554 81
1554 1284
1554 1595
1555 761
1555 1524
1555 1603
1556 1557
1557 1556
1558 358
1558 1177
1558 1688
1559 784
1559 1306
1559 1560
1560 1408
1560 1559
1560 1609
1561 638
1561 1373
1561 1582
1562 324
1562 1462
1562 1711
1563 1564
1564 482
1564 1471
1564 1563
1565 1509
1566 1545
1567 1568
1568 1355
1568 1798
1569 1125
1570 909
1570 910
1571 1387
1571 1650
1571 1726
1572 1519
1573 1574
1574 359
1575 202
1575 1258
1575 1299
1577 1578
1577 1752
1578 151
1578 1577
1579 626
1579 1263
1579 1403
1580 588
1580 635
1580 1965
1581 30
1581 324
1582 1022
1582 1305
1582 1561
1582 1797
1583 515
1583 956
1584 820
1584 1483
1585 226
1585 1103
1585 1865
1586 273
1586 1587
1587 107
1587 1586
1588 79
1588 813
1588 1589
1589 1588
1590 1591
1590 1753
1591 1886
1592 429
1593 1525
1593 1692
1593 1772
1594 1175
1595 1499
1595 1554
1596 128
1596 1121
1597 1935
1598 1487
1599 1600
1599 1626
1600 570
1601 1179
1601 1602
1602 1601
1603 1548
1604 1497
1604 1776
1604 1864
1605 1869
1606 560
1606 1894
1607 1608
1608 41
1609 1610
1610 1452
1611 227
1611 1334
1611 1454
1612 870
1613 1851
1614 1065
1615 14
1615 1771
1616 286
1617 1028
1618 336
1619 816
1619 1044
1619 1505
1619 1676
1620 1236
1620 1314
1621 1326
1621 1918
1622 536
1623 319
1624 60
1624 795
1624 1441
1625 115
1626 884
1626 1600
1627 221
1627 1509
1628 1298
1629 1630
1630 894
1630 1629
1630 1702
1631 1004
1631 1047
1631 1252
1632 60
1633 776
1634 1079
1634 1635
1635 1481
1636 1167
1636 1445
1637 637
1637 808
1637 1809
1638 706
1639 469
1639 1440
1640 484
1640 668
1640 1422
1641 78
1642 618
1642 1679
1643 57
1644 1256
1644 1941
1645 1605
1646 1507
1647 981
1648 1649
1649 368
1649 963
1650 519
1650 774
1650 1571
1651 267
1652 163
1652 668
1652 693
1652 1335
1653 109
1653 696
1654 1293
1654 1465
1654 1655
1655 172
1655 1293
1656 256
1657 397
1658 905
1659 254
1659 546
1659 1833
1660 1008
1660 1277
1661 708
1662 292
1663 245
1663 1377
1664 971
1665 1497
1666 1550
1667 142
1668 147
1668 1516
1668 1669
1669 1668
1670 217
1670 1213
1670 1222
1671 1172
1672 1175
1672 1673
1673 1790
1674 392
1674 920
1675 450
1676 574
1676 1043
1676 1262
1676 1619
1677 544
1678 474
1678 640
1678 1197
1678 1515
1679 1672
1680 12
1681 1082
1682 832
1682 1684
1683 170
1683 646
1684 1682
1685 197
1686 24
1686 991
1687 710
1688 837
1688 1200
1688 1558
1689 1153
1690 1463
1691 752
1692 1593
1693 377
1693 1048
1694 813
1695 584
1696 786
1696 1155
1697 422
1698 705
1699 1700
1700 1584
1700 1814
1701 329
1702 1630
1703 313
1704 868
1705 496
1706 1407
1707 74
1708 673
1709 1710
1710 1391
1711 1846
1712 880
1712 1713
1713 989
1713 1712
1714 1369
1714 1715
1715 1934
1716 1800
1717 213
1717 731
1717 968
1718 1366
1719 934
1720 771
1720 1283
1721 1291
1722 432
1723 1143
1724 1725
1725 1898
1725 1931
1726 1727
1727 1860
1727 1936
1728 585
1729 384
1729 1385
1730 318
1730 1233
1731 85
1731 748
1732 1444
1733 857
1734 925
1734 1908
1735 1388
1736 1482
1737 1004
1737 1738
1738 1005
1738 1737
1739 1353
1739 1950
1740 1517
1740 1926
1741 1699
1742 302
1743 1573
1743 1744
1744 1566
1745 298
1745 992
1745 1139
1746 397
1747 1414
1748 1693
1749 1207
1750 395
1750 1224
1750 1349
1751 25
1751 107
1752 937
1752 1276
1752 1577
1752 1838
1753 1371
1753 1716
1753 1886
1754 1755
1755 1115
1756 97
1757 1758
1758 156
1758 1757
1759 1760
1760 246
1760 868
1760 1759
1761 704
1761 1270
1761 1278
1762 1074
1763 1764
1764 1656
1765 1766
1766 1909
1767 1471
1768 590
1768 661
1768 1237
1769 1087
1770 174
1770 1446
1771 84
1771 639
1771 1615
1772 1593
1773 411
1774 1448
1775 458
1775 459
1776 1346
1776 1604
1777 1199
1778 1213
1778 1222
1779 565
1779 1123
1779 1342
1780 1525
1781 891
1782 220
1783 435
1783 1044
1784 1785
1785 318
1785 1053
1785 1106
1785 1784
1786 448
1786 718
1786 845
1787 1431
1787 1788
1788 1976
1789 666
1790 1671
1791 537
1792 186
1793 1402
1794 1158
1795 1454
1796 1151
1797 111
1797 229
1797 1582
1798 288
1798 979
1799 1734
1800 1353
1800 1739
1801 1733
1802 1803
1803 566
1804 1805
1805 59
1806 1198
1807 801
1807 1953
1808 1150
1809 804
1809 1637
1810 718
1810 1314
1811 605
1811 609
1811 709
1811 825
1812 1813
1812 1904
1813 133
1814 820
1815 1816
1816 1370
1817 1818
1817 1943
1818 1917
1819 1094
1820 1763
1821 1257
1822 341
1822 1620
1823 965
1824 1435
1826 1389
1827 28
1828 933
1829 1872
1830 1743
1831 539
1832 1042
1833 407
1833 1659
1834 308
1834 1166
1835 863
1836 1937
1837 1458
1837 1639
1838 599
1838 1752
1839 1409
1840 1709
1841 239
1842 52
1842 564
1843 819
1844 712
1845 1949
1846 1225
1848 912
1849 1879
1850 1570
1851 1945
1852 940
1853 1791
1854 1830
1855 56
1856 1577
1856 1752
1857 1030
1858 345
1859 1046
1860 1727
1861 744
1861 1136
1862 1863
1863 760
1863 766
1864 1604
1865 1585
1866 682
1867 1258
1868 1617
1868 1882
1869 1741
1869 1870
1870 1967
1871 833
1872 839
1873 370
1874 616
1875 1876
1876 1903
1877 1524
1877 1555
1878 402
1879 1855
1880 1165
1881 1584
1882 1883
1883 1928
1884 498
1885 357
1886 1478
1887 1130
1888 1184
1890 367
1891 1892
1892 1891
1893 1368
1894 1606
1895 1680
1895 1802
1896 2
1896 254
1897 862
1898 1899
1900 1544
1901 103
1901 1939
1902 323
1904 1506
1904 1813
1905 1356
1906 781
1907 540
1908 1714
1909 628
1910 1911
1911 1799
1912 703
1913 392
1913 467
1914 1340
1915 556
1915 557
1916 470
1917 1138
1918 172
1918 1326
1919 1393
1920 529
1920 1360
1921 1122
1921 1535
1922 619
1922 1950
1923 669
1924 924
1925 52
1926 183
1927 582
1928 1929
1929 1807
1930 1231
1931 126
1931 1910
1932 1973
1933 936
1934 1235
1935 1680
1936 1129
1937 1804
1938 340
1939 1969
1940 77
1941 1627
1942 847
1943 1408
1944 510
1945 1687
1946 1440
1946 1836
1947 1187
1947 1553
1948 149
1949 499
1949 1775
1950 1739
1950 1922
1951 807
1952 1900
1953 644
1954 305
1955 1774
1956 69
1956 260
1958 914
1959 1145
1960 854
1961 1840
1962 1042
1963 329
1964 1462
1965 1327
1965 1621
1966 1162
1967 1279
1969 249
1970 311
1971 420
1973 1656
1974 303
1975 315
1976 1961
