1	[8, 21]
2	[4, 8]
3	[3, 16]
4	[2]
5	[10, 13]
6	[11, 14]
7	[4]
8	[2]
9	[4]
10	[3, 13]
11	[3, 13, 16]
12	[2, 11, 14]
13	[3, 7]
14	[2, 20]
15	[8, 20]
16	[2]
17	[11]
18	[11]
19	[2]
20	[12, 15, 18]
21	[5, 18]
22	[5]
23	[2]
24	[5]
25	[5]
26	[5]
27	[2, 10, 20]
28	[7, 17]
29	[9]
30	[4]
31	[12, 18]
32	[2, 11]
33	[8, 19, 20]
34	[2, 10]
35	[2, 10]
36	[2]
37	[12, 15, 18]
38	[9, 17]
39	[4, 8]
40	[3, 13]
41	[9]
42	[6, 9]
43	[11]
44	[2]
45	[12, 18]
46	[5]
47	[4, 11]
48	[5]
49	[3]
50	[20]
51	[2, 14]
52	[6, 7]
53	[12, 18]
54	[10, 13]
55	[3, 16]
56	[12, 18]
57	[4, 5]
58	[3, 13, 16]
59	[4, 5, 8]
60	[10, 13]
61	[2, 14]
62	[3, 16]
63	[5]
64	[16, 17, 19]
65	[15]
66	[3, 7, 16]
67	[8, 21]
68	[2, 20]
69	[5, 18]
70	[9, 15, 17]
71	[16, 19, 20]
72	[3, 13]
73	[3, 13]
74	[8, 14]
75	[2, 11]
76	[8]
77	[18]
78	[4, 8, 14]
79	[5]
80	[2]
81	[3, 16]
82	[8, 14]
83	[5, 18]
84	[6]
85	[7, 17]
86	[12]
87	[17]
88	[4, 8, 14]
89	[5]
90	[3, 13]
91	[11]
92	[7, 17]
93	[6]
94	[9]
95	[3]
96	[16]
97	[8, 21]
98	[2]
99	[17, 21]
100	[15]
101	[17]
102	[3]
103	[5, 18]
104	[3, 13]
105	[5]
106	[11]
107	[8, 19]
108	[7, 16, 17]
109	[5, 18]
110	[2, 10]
111	[6]
112	[15, 21]
113	[3]
114	[6]
115	[8, 14]
116	[4, 5, 8]
117	[5, 18]
118	[2]
119	[7, 17]
120	[5]
121	[16]
122	[3, 7]
123	[3, 16]
124	[20]
125	[3, 13]
126	[12]
127	[4]
128	[10, 16]
129	[19, 20]
130	[8, 14]
131	[19, 20]
132	[3, 7]
133	[9, 17]
134	[4, 5]
135	[3]
136	[17, 19]
137	[3]
138	[6]
139	[3]
140	[8]
141	[8, 21]
142	[17, 19]
143	[6, 7]
144	[3]
145	[9, 12]
146	[8, 14, 20]
147	[4, 8]
148	[2, 14]
149	[8, 19]
150	[3, 13]
151	[6]
152	[4, 5]
153	[8, 14]
154	[15, 21]
155	[4, 8]
156	[3, 7, 16]
157	[6, 7]
158	[5, 21]
159	[3, 13]
160	[6]
161	[9]
162	[6]
163	[12, 15]
164	[3, 16]
165	[7, 17]
166	[2]
167	[9, 12]
168	[11]
169	[15]
170	[6, 7]
171	[4, 5]
172	[3]
173	[2, 20]
174	[2]
175	[4]
176	[10, 13]
177	[3, 7]
178	[19, 20]
179	[4, 5]
180	[3]
181	[4, 5]
182	[2, 10, 13]
183	[4, 11]
184	[3]
185	[5]
186	[15, 21]
187	[2]
188	[4, 8]
189	[11]
190	[4]
191	[4, 5]
192	[9, 12, 15]
193	[8, 14]
194	[16]
195	[2]
196	[4, 11]
197	[5, 21]
198	[6]
199	[6, 7]
200	[16, 19]
201	[4, 8]
202	[15, 21]
203	[4]
204	[4, 8]
205	[4]
206	[2]
207	[17]
208	[6, 7]
209	[3, 7, 16]
210	[2]
211	[3, 16]
212	[16, 19]
213	[2, 10]
214	[3, 7, 16]
215	[4]
216	[4]
217	[19, 20]
218	[2]
219	[2]
220	[19, 21]
221	[18]
222	[5, 18]
223	[17, 21]
224	[6]
225	[15]
226	[4, 5]
227	[19]
228	[3, 13]
229	[5]
230	[4, 8, 14]
231	[3]
232	[2, 20]
233	[4, 5]
234	[7, 17]
235	[8, 21]
236	[2, 20]
237	[8, 14]
238	[12]
239	[4, 11]
240	[4]
241	[3]
242	[12]
243	[3]
244	[4]
245	[6, 7]
246	[16, 19]
247	[4]
248	[3, 13]
249	[4]
250	[3]
251	[11]
252	[12, 18]
253	[5, 15, 18]
254	[3, 7]
255	[3, 13]
256	[7]
257	[4, 11, 14]
258	[2, 10]
259	[3, 7]
260	[2, 11, 14]
261	[9, 15]
262	[4]
263	[11, 14]
264	[5, 18]
265	[7, 17]
266	[12]
267	[2]
268	[4, 5]
269	[19, 20]
270	[17, 19]
271	[15, 17, 21]
272	[2]
273	[3, 16]
274	[8, 21]
275	[4, 8, 14]
276	[3]
277	[12]
278	[3, 16]
279	[8, 21]
280	[16]
281	[4, 5]
282	[4]
283	[11]
284	[3]
285	[19, 20]
286	[19, 20]
287	[4, 5, 8]
288	[9, 12]
289	[13]
290	[2]
291	[6]
292	[12]
293	[14]
294	[7, 17]
295	[11]
296	[4, 11]
297	[15]
298	[11, 14]
299	[3]
300	[15, 18]
301	[9, 15]
302	[2]
303	[3, 13]
304	[3, 7]
305	[9, 12]
306	[16, 19]
307	[11]
308	[3, 7, 16]
309	[4, 8, 14]
310	[3]
311	[12, 18]
312	[6]
313	[2]
314	[4, 8, 11, 14]
315	[6]
316	[2, 20]
317	[6, 7]
318	[9, 12, 15]
319	[5, 18]
320	[4, 5]
321	[4]
322	[9, 12, 15]
323	[6, 9]
324	[2]
325	[10, 13]
326	[9, 12]
327	[3, 10, 13]
328	[4, 5]
329	[4, 8]
330	[6]
331	[11]
332	[16]
333	[5]
334	[2, 10, 13]
335	[9, 12]
336	[4, 8]
337	[2, 10]
338	[5, 21]
339	[2]
340	[2, 10]
341	[3, 7]
342	[2]
343	[18]
344	[5]
345	[4, 5]
346	[15, 21]
347	[2, 20]
348	[17]
349	[3, 6, 7]
350	[15, 17]
351	[6, 7]
352	[2, 10]
353	[6, 7]
354	[5, 15, 18]
355	[15, 17, 21]
356	[6]
357	[7, 17]
358	[11]
359	[15, 21]
360	[12]
361	[4, 11, 14]
362	[18]
363	[9, 17]
364	[3, 13]
365	[12, 18]
366	[7, 16, 17]
367	[3, 7, 16]
368	[3, 6, 7]
369	[11, 14]
370	[4, 5, 8]
371	[16, 19]
372	[12, 18]
373	[6]
374	[10, 13]
375	[17]
376	[6]
377	[4, 5]
378	[3, 13]
379	[10, 13]
380	[10, 13]
381	[2]
382	[2, 10, 13]
383	[3]
384	[10, 13, 16]
385	[11]
386	[17]
387	[9, 12, 15]
388	[17]
389	[19, 20]
390	[3]
391	[3, 13]
392	[3, 7, 16]
393	[8, 19]
394	[4]
395	[3]
396	[2, 11, 14]
397	[5]
398	[3]
399	[4]
400	[6, 7]
401	[17, 21]
402	[15, 21]
403	[3]
404	[3, 7, 16]
405	[12, 18]
406	[3, 10, 13]
407	[3, 13]
408	[2, 20]
409	[3, 6, 7]
410	[3]
411	[2, 10]
412	[6, 7]
413	[10]
414	[15, 21]
415	[2, 10]
416	[9, 17]
417	[16, 19, 20]
418	[13]
419	[6]
420	[2, 20]
421	[9, 12, 15]
422	[17]
423	[4]
424	[5, 8, 21]
425	[2]
426	[6, 7]
427	[6, 7]
428	[6]
429	[4]
430	[2]
431	[4]
432	[3, 7, 16]
433	[3, 13]
434	[4, 11]
435	[4, 8]
436	[10, 16]
437	[2, 10]
438	[9, 12]
439	[4, 5, 8]
440	[3, 7]
441	[4, 8]
442	[5]
443	[4, 11]
444	[2, 10]
445	[12, 18]
446	[2, 10]
447	[2, 10]
448	[4, 5]
449	[9, 12]
450	[4, 8, 14]
451	[6]
452	[17, 19]
453	[19, 20]
454	[18]
455	[3]
456	[11, 14]
457	[11, 14]
458	[9, 12]
459	[2, 10]
460	[15, 18]
461	[5]
462	[6]
463	[2]
464	[2, 14, 20]
465	[5]
466	[12, 18]
467	[3, 13]
468	[2, 10]
469	[9, 12]
470	[19, 20]
471	[8]
472	[9]
473	[8, 21]
474	[6]
475	[6]
476	[15]
477	[8, 19, 21]
478	[11, 14]
479	[11]
480	[11]
481	[3]
482	[16, 17, 19]
483	[2]
484	[11, 14]
485	[5]
486	[6]
487	[9]
488	[6, 7]
489	[16, 19]
490	[4, 8]
491	[6, 7]
492	[11, 14]
493	[3]
494	[2, 10]
495	[3]
496	[11]
497	[2, 10]
498	[11]
499	[5]
500	[6, 7]
501	[6, 7]
502	[15, 17, 21]
503	[11]
504	[6, 9]
505	[6, 7]
506	[2]
507	[2, 14]
508	[9]
509	[5]
510	[5, 18]
511	[2, 20]
512	[4]
513	[2, 20]
514	[4, 8]
515	[5]
516	[2]
517	[11]
518	[5, 15, 18]
519	[6]
520	[2, 10]
521	[3]
522	[12]
523	[5]
524	[2, 10]
525	[15]
526	[4, 5, 8]
527	[3]
528	[5, 18]
529	[6]
530	[2]
531	[4, 11]
532	[5]
533	[15, 21]
534	[12, 18]
535	[6]
536	[4, 8, 11, 14]
537	[19, 20]
538	[3]
539	[3, 7, 16]
540	[10, 13]
541	[8, 21]
542	[10, 13]
543	[7, 17]
544	[16]
545	[9, 17]
546	[15, 18]
547	[10, 13]
548	[8, 14]
549	[2, 10, 13]
550	[2, 10]
551	[2]
552	[6, 7]
553	[9, 15]
554	[9, 12]
555	[9]
556	[3]
557	[2]
558	[11]
559	[10, 13]
560	[2]
561	[3, 16]
562	[3]
563	[5, 15, 21]
564	[12]
565	[4, 8, 11]
566	[3]
567	[8, 21]
568	[4]
569	[11, 14]
570	[5]
571	[17]
572	[5, 18]
573	[5]
574	[2]
575	[3, 7]
576	[17]
577	[6, 7]
578	[2, 10, 13]
579	[2, 10]
580	[2, 11, 14]
581	[12, 15]
582	[4, 11]
583	[4, 5]
584	[5, 18]
585	[17, 19]
586	[11]
587	[2, 10]
588	[13]
589	[2, 10]
590	[5]
591	[2, 10, 20]
592	[8, 21]
593	[2, 10, 13]
594	[2, 10]
595	[4, 11]
596	[6, 7, 9]
597	[10]
598	[7, 17]
599	[2]
600	[15]
601	[12]
602	[3, 16]
603	[7]
604	[5, 21]
605	[12]
606	[11]
607	[9]
608	[15]
609	[4, 5]
610	[3]
611	[3, 10, 13, 16]
612	[16, 19]
613	[2]
614	[3, 7]
615	[2, 10, 13]
616	[9]
617	[2, 8, 14, 20]
618	[9, 12]
619	[10, 13]
620	[4, 8]
621	[2, 14, 20]
622	[4, 8]
623	[5, 21]
624	[4, 8, 11, 14]
625	[12, 18]
626	[3, 13]
627	[3, 13]
628	[2]
629	[6, 7]
630	[8]
631	[3]
632	[15, 21]
633	[9, 12]
634	[3, 7, 16]
635	[8, 14]
636	[8, 14, 20]
637	[4, 5, 8]
638	[2]
639	[3, 7, 16]
640	[2]
641	[2, 10]
642	[12]
643	[9, 12, 15]
644	[15]
645	[15]
646	[3]
647	[17]
648	[6, 7]
649	[3, 13]
650	[2, 20]
651	[6]
652	[3, 16]
653	[10, 13, 16]
654	[5]
655	[2, 14]
656	[2, 10]
657	[9, 15]
658	[19, 20]
659	[4, 11]
660	[8, 19]
661	[6, 9]
662	[18]
663	[2, 14]
664	[6]
665	[7, 17]
666	[5]
667	[12]
668	[5]
669	[4, 8, 11, 14]
670	[2]
671	[16]
672	[6, 7]
673	[2]
674	[15, 21]
675	[5]
676	[2]
677	[15]
678	[5]
679	[10, 13]
680	[2]
681	[19, 21]
682	[17]
683	[4, 5]
684	[9, 15]
685	[18]
686	[4, 5]
687	[16, 19]
688	[12]
689	[2, 20]
690	[4, 5, 8]
691	[9, 15]
692	[4]
693	[4, 5]
694	[3, 16]
695	[2]
696	[9, 12]
697	[3]
698	[10, 13]
699	[4, 8, 11, 14]
700	[8]
701	[12, 18]
702	[5]
703	[12, 18]
704	[3, 7]
705	[19, 20]
706	[3]
707	[3, 7, 16]
708	[9, 12]
709	[9, 15]
710	[17, 19]
711	[6, 9]
712	[6, 9]
713	[11]
714	[4, 5]
715	[2]
716	[4, 8]
717	[5]
718	[5, 18]
719	[3, 7, 16]
720	[10, 13]
721	[2, 10, 13]
722	[10, 13]
723	[11, 14]
724	[6, 9]
725	[2]
726	[10, 13]
727	[3, 7]
728	[19, 20]
729	[2, 10]
730	[2, 10]
731	[17, 19]
732	[5]
733	[16]
734	[12, 18]
735	[4, 5]
736	[2]
737	[19, 20]
738	[3, 16]
739	[8]
740	[2]
741	[3, 7, 16]
742	[4]
743	[3, 7, 16]
744	[5]
745	[5]
746	[16, 20]
747	[2, 11, 14]
748	[17, 19]
749	[10, 13]
750	[17]
751	[2]
752	[3, 16]
753	[17]
754	[8, 14]
755	[4]
756	[2, 10]
757	[15, 21]
758	[11]
759	[4, 8, 11, 14]
760	[7, 17]
761	[2, 10]
762	[4, 5]
763	[9, 12, 15]
764	[14]
765	[16, 19]
766	[3]
767	[2, 14]
768	[4, 11]
769	[11, 14]
770	[5]
771	[6, 7]
772	[15, 21]
773	[6, 7]
774	[2]
775	[6]
776	[3]
777	[4, 11]
778	[17, 19]
779	[6]
780	[9]
781	[6]
782	[6]
783	[9, 12]
784	[2, 20]
785	[15, 21]
786	[2, 10]
787	[13]
788	[2]
789	[2]
790	[6, 7]
791	[3]
792	[8, 14]
793	[11, 14]
794	[3, 13]
795	[8, 14]
796	[6, 7]
797	[17, 21]
798	[8, 21]
799	[19, 20]
800	[9, 15]
801	[12]
802	[6, 9]
803	[4, 8]
804	[3, 7, 16]
805	[2, 20]
806	[16]
807	[5, 15, 21]
808	[5, 18]
809	[5, 18]
810	[3]
811	[6, 7, 9]
812	[11, 14]
813	[2]
814	[8, 14]
815	[9, 15]
816	[4, 5, 21]
817	[5]
818	[9]
819	[17, 19]
820	[19]
821	[12, 18]
822	[5]
823	[6]
824	[3, 16]
825	[2]
826	[12, 18]
827	[8, 14]
828	[9, 12]
829	[2]
830	[7, 17]
831	[10, 13]
832	[10, 13]
833	[10, 16]
834	[9, 12]
835	[7, 17]
836	[5]
837	[15, 17, 21]
838	[3, 7]
839	[3]
840	[2, 14, 20]
841	[4, 8]
842	[6]
843	[3, 7, 16]
844	[8, 14]
845	[12, 15, 18]
846	[12]
847	[2]
848	[11]
849	[2]
850	[5, 18]
851	[2]
852	[4, 11]
853	[4, 11]
854	[9, 12]
855	[15, 21]
856	[8, 21]
857	[6, 9]
858	[2, 10]
859	[18]
860	[2, 10]
861	[8, 21]
862	[3]
863	[15, 18]
864	[2, 10]
865	[5]
866	[10, 13]
867	[2, 10]
868	[3, 13, 16]
869	[13]
870	[11, 14]
871	[9, 12]
872	[2]
873	[6, 7, 9]
874	[3, 6, 7]
875	[9]
876	[3]
877	[6]
878	[6, 9]
879	[2, 10, 13]
880	[4, 11]
881	[6, 7]
882	[4, 8]
883	[2]
884	[17, 19]
885	[6]
886	[17]
887	[2, 11]
888	[2]
889	[9, 17]
890	[6, 7]
891	[2, 14]
892	[3, 7]
893	[6, 9]
894	[3, 13]
895	[6]
896	[4, 11, 14]
897	[2, 20]
898	[8, 21]
899	[18]
900	[3]
901	[18]
902	[12, 15, 18]
903	[6, 7]
904	[3, 7]
905	[2]
906	[2]
907	[8, 14]
908	[5, 15, 21]
909	[4]
910	[15]
911	[3, 16]
912	[11]
913	[9, 12]
914	[3]
915	[2, 14]
916	[9, 12]
917	[9]
918	[4, 8, 14]
919	[2]
920	[9, 12, 15]
921	[6, 9]
922	[4, 11, 14]
923	[13]
924	[3]
925	[2, 11, 14]
926	[6, 9]
927	[5]
928	[10, 13]
929	[12]
930	[17, 19]
931	[3, 13]
932	[12, 15, 18]
933	[11]
934	[3]
935	[17]
936	[13]
937	[6, 9]
938	[4, 5]
939	[2, 10, 20]
940	[9, 12, 15, 18]
941	[6, 7]
942	[6, 7]
943	[2]
944	[2, 14]
945	[3]
946	[19, 20]
947	[11]
948	[13]
949	[9, 12, 15]
950	[4, 8]
951	[3, 7]
952	[4, 11]
953	[3, 16]
954	[16]
955	[2, 20]
956	[3]
957	[19]
958	[6, 9]
959	[8, 11, 14]
960	[2, 10, 13]
961	[11]
962	[4, 11]
963	[5, 18]
964	[6, 9]
965	[12, 15, 18]
966	[6]
967	[2, 8, 14, 20]
968	[9, 15]
969	[10]
970	[3, 16]
971	[3, 7]
972	[2, 20]
973	[2, 20]
974	[4]
975	[9, 12]
976	[5, 21]
977	[2]
978	[8]
979	[12, 18]
980	[17]
981	[3]
982	[2]
983	[10, 13]
984	[9, 17]
985	[5]
986	[9, 12]
987	[6]
988	[17, 19]
989	[6, 7]
990	[2, 20]
991	[5]
992	[3]
993	[2]
994	[4, 5]
995	[12, 18]
996	[6, 7]
997	[9, 12, 15]
998	[3, 7]
999	[21]
1000	[3]
