1	[8]
2	[5]
3	[7]
4	[11]
5	[5]
6	[7]
7	[10]
8	[10]
9	[2]
10	[12]
11	[6]
12	[2]
13	[4]
14	[2]
15	[8]
16	[12]
17	[3]
18	[10]
19	[3]
20	[6]
21	[12]
22	[6]
23	[3]
24	[7]
25	[4]
26	[11]
27	[3]
28	[9]
29	[8]
30	[3]
31	[12]
32	[9]
33	[3]
34	[11]
35	[11]
36	[3]
37	[7]
38	[3]
39	[2]
40	[8]
41	[5]
42	[12]
43	[4]
44	[3]
45	[5]
46	[2]
47	[8]
48	[7]
49	[5]
50	[7]
51	[5]
52	[12]
53	[8]
54	[12]
55	[6]
56	[3]
57	[6]
58	[3]
59	[8]
60	[12]
61	[7]
62	[11]
63	[5]
64	[4]
65	[4]
66	[2]
67	[6]
68	[8]
69	[12]
70	[8]
71	[6]
72	[11]
73	[2]
74	[5]
75	[3]
76	[6]
77	[3]
78	[4]
79	[11]
80	[6]
81	[2]
82	[2]
83	[4]
84	[6]
85	[10]
86	[5]
87	[5]
88	[6]
89	[5]
90	[6]
91	[8]
92	[11]
93	[4]
94	[3]
95	[7]
96	[8]
97	[2]
98	[4]
99	[11]
100	[3]
101	[5]
102	[4]
103	[4]
104	[5]
105	[7]
106	[7]
107	[5]
108	[2]
109	[4]
110	[7]
111	[2]
112	[5]
113	[2]
114	[6]
115	[7]
116	[7]
117	[6]
118	[10]
119	[5]
120	[10]
121	[3]
122	[7]
123	[11]
124	[10]
125	[7]
126	[3]
127	[3]
128	[10]
129	[2]
130	[8]
131	[5]
132	[5]
133	[3]
134	[3]
135	[7]
136	[2]
137	[2]
138	[5]
139	[4]
140	[7]
141	[9]
142	[4]
143	[6]
144	[8]
145	[2]
146	[4]
147	[4]
148	[2]
149	[7]
150	[5]
151	[8]
152	[12]
153	[11]
154	[10]
155	[7]
156	[8]
157	[2]
158	[3]
159	[4]
160	[7]
161	[11]
162	[2]
163	[9]
164	[10]
165	[3]
166	[2]
167	[12]
168	[7]
169	[7]
170	[3]
171	[7]
172	[2]
173	[6]
174	[2]
175	[6]
176	[5]
177	[2]
178	[8]
179	[3]
180	[5]
181	[4]
182	[2]
183	[6]
184	[6]
185	[9]
186	[7]
187	[3]
188	[6]
189	[6]
190	[10]
191	[9]
192	[3]
193	[4]
194	[5]
195	[3]
196	[10]
197	[8]
198	[2]
199	[12]
200	[2]
201	[8]
202	[4]
203	[9]
204	[12]
205	[11]
206	[10]
207	[3]
208	[9]
209	[8]
210	[2]
211	[9]
212	[2]
213	[2]
214	[2]
215	[5]
216	[4]
217	[8]
218	[3]
219	[11]
220	[5]
221	[2]
222	[4]
223	[4]
224	[6]
225	[5]
226	[4]
227	[2]
228	[5]
229	[9]
230	[8]
231	[6]
232	[9]
233	[4]
234	[3]
235	[5]
236	[6]
237	[4]
238	[3]
239	[12]
240	[9]
241	[2]
242	[9]
243	[5]
244	[2]
245	[3]
246	[2]
247	[2]
248	[8]
249	[9]
250	[7]
251	[5]
252	[6]
253	[11]
254	[9]
255	[5]
256	[11]
257	[11]
258	[5]
259	[2]
260	[10]
261	[2]
262	[9]
263	[5]
264	[5]
265	[10]
266	[7]
267	[7]
268	[5]
269	[4]
270	[3]
271	[8]
272	[12]
273	[2]
274	[6]
275	[3]
276	[12]
277	[3]
278	[3]
279	[2]
280	[3]
281	[5]
282	[2]
283	[7]
284	[3]
285	[12]
286	[3]
287	[7]
288	[11]
289	[3]
290	[2]
291	[10]
292	[11]
293	[2]
294	[8]
295	[7]
296	[5]
297	[4]
298	[8]
299	[3]
300	[10]
301	[3]
302	[2]
303	[4]
304	[12]
305	[12]
306	[9]
307	[7]
308	[10]
309	[9]
310	[8]
311	[7]
312	[11]
313	[10]
314	[6]
315	[2]
316	[11]
317	[6]
318	[10]
319	[7]
320	[6]
321	[11]
322	[4]
323	[6]
324	[2]
325	[6]
326	[4]
327	[7]
328	[9]
329	[3]
330	[6]
331	[3]
332	[2]
333	[4]
334	[8]
335	[11]
336	[3]
337	[8]
338	[4]
339	[9]
340	[10]
341	[4]
342	[5]
343	[3]
344	[7]
345	[10]
346	[4]
347	[7]
348	[8]
349	[5]
350	[8]
351	[3]
352	[5]
353	[4]
354	[6]
355	[9]
356	[2]
357	[6]
358	[6]
359	[10]
360	[8]
361	[2]
362	[10]
363	[2]
364	[4]
365	[7]
366	[5]
367	[2]
368	[10]
369	[4]
370	[5]
371	[10]
372	[10]
373	[3]
374	[3]
375	[5]
376	[6]
377	[11]
378	[12]
379	[7]
380	[4]
381	[9]
382	[2]
383	[12]
384	[3]
385	[9]
386	[5]
387	[9]
388	[3]
389	[4]
390	[10]
391	[10]
392	[2]
393	[3]
394	[10]
395	[2]
396	[10]
397	[12]
398	[6]
399	[9]
400	[2]
401	[4]
402	[8]
403	[4]
404	[9]
405	[5]
406	[4]
407	[4]
408	[3]
409	[2]
410	[11]
411	[2]
412	[2]
413	[6]
414	[10]
415	[8]
416	[7]
417	[4]
418	[11]
419	[12]
420	[7]
421	[8]
422	[11]
423	[7]
424	[4]
425	[7]
426	[3]
427	[9]
428	[6]
429	[2]
430	[4]
431	[4]
432	[3]
433	[4]
434	[7]
435	[7]
436	[6]
437	[2]
438	[2]
439	[6]
440	[2]
441	[4]
442	[7]
443	[6]
444	[4]
445	[3]
446	[8]
447	[2]
448	[12]
449	[6]
450	[10]
451	[3]
452	[4]
453	[7]
454	[3]
455	[2]
456	[7]
457	[2]
458	[8]
459	[10]
460	[7]
461	[3]
462	[4]
463	[4]
464	[2]
465	[10]
466	[8]
467	[11]
468	[5]
469	[4]
470	[7]
471	[6]
472	[4]
473	[5]
474	[2]
475	[8]
476	[2]
477	[6]
478	[3]
479	[10]
480	[4]
481	[11]
482	[3]
483	[12]
484	[2]
485	[9]
486	[9]
487	[2]
488	[3]
489	[3]
490	[10]
491	[3]
492	[5]
493	[6]
494	[4]
495	[9]
496	[2]
497	[7]
498	[2]
499	[8]
500	[10]
501	[5]
502	[4]
503	[5]
504	[3]
505	[9]
506	[9]
507	[6]
508	[7]
509	[2]
510	[12]
511	[7]
512	[2]
513	[11]
514	[5]
515	[4]
516	[7]
517	[10]
518	[6]
519	[3]
520	[9]
521	[4]
522	[8]
523	[5]
524	[4]
525	[2]
526	[10]
527	[3]
528	[3]
529	[3]
530	[5]
531	[7]
532	[7]
533	[10]
534	[11]
535	[6]
536	[12]
537	[11]
538	[10]
539	[9]
540	[6]
541	[8]
542	[6]
543	[5]
544	[2]
545	[4]
546	[10]
547	[6]
548	[8]
549	[6]
550	[11]
551	[4]
552	[10]
553	[5]
554	[5]
555	[8]
556	[7]
557	[2]
558	[3]
559	[3]
560	[4]
561	[12]
562	[5]
563	[2]
564	[8]
565	[11]
566	[12]
567	[9]
568	[2]
569	[2]
570	[2]
571	[11]
572	[5]
573	[4]
574	[11]
575	[3]
576	[2]
577	[6]
578	[9]
579	[4]
580	[6]
581	[5]
582	[10]
583	[5]
584	[2]
585	[2]
586	[10]
587	[9]
588	[5]
589	[3]
590	[2]
591	[2]
592	[2]
593	[2]
594	[3]
595	[8]
596	[2]
597	[3]
598	[4]
599	[7]
600	[12]
601	[6]
602	[7]
603	[2]
604	[6]
605	[10]
606	[9]
607	[5]
608	[6]
609	[11]
610	[7]
611	[3]
612	[2]
613	[9]
614	[5]
615	[5]
616	[3]
617	[4]
618	[4]
619	[9]
620	[2]
621	[3]
622	[2]
623	[2]
624	[11]
625	[3]
626	[8]
627	[5]
628	[7]
629	[8]
630	[8]
631	[7]
632	[2]
633	[10]
634	[7]
635	[3]
636	[10]
637	[4]
638	[8]
639	[7]
640	[7]
641	[3]
642	[7]
643	[12]
644	[9]
645	[3]
646	[8]
647	[3]
648	[3]
649	[2]
650	[4]
651	[4]
652	[2]
653	[3]
654	[9]
655	[8]
656	[5]
657	[8]
658	[5]
659	[6]
660	[5]
661	[6]
662	[8]
663	[9]
664	[3]
665	[2]
666	[12]
667	[9]
668	[4]
669	[2]
670	[7]
671	[7]
672	[2]
673	[11]
674	[4]
675	[4]
676	[3]
677	[10]
678	[2]
679	[5]
680	[3]
681	[4]
682	[12]
683	[10]
684	[2]
685	[10]
686	[10]
687	[5]
688	[6]
689	[8]
690	[4]
691	[5]
692	[8]
693	[9]
694	[8]
695	[7]
696	[8]
697	[6]
698	[8]
699	[5]
700	[12]
701	[12]
702	[9]
703	[12]
704	[4]
705	[9]
706	[12]
707	[2]
708	[3]
709	[3]
710	[4]
711	[7]
712	[4]
713	[6]
714	[8]
715	[3]
716	[4]
717	[4]
718	[4]
719	[2]
720	[3]
721	[8]
722	[2]
723	[12]
724	[4]
725	[3]
726	[4]
727	[3]
728	[4]
729	[3]
730	[8]
731	[2]
732	[4]
733	[8]
734	[2]
735	[7]
736	[5]
737	[9]
738	[2]
739	[10]
740	[5]
741	[6]
742	[11]
743	[2]
744	[4]
745	[12]
746	[4]
747	[2]
748	[4]
749	[11]
750	[2]
751	[6]
752	[5]
753	[2]
754	[4]
755	[3]
756	[6]
757	[3]
758	[8]
759	[2]
760	[9]
761	[7]
762	[6]
763	[2]
764	[5]
765	[4]
766	[10]
767	[3]
768	[6]
769	[11]
770	[5]
771	[6]
772	[12]
773	[6]
774	[4]
775	[12]
776	[3]
777	[8]
778	[7]
779	[3]
780	[12]
781	[2]
782	[11]
783	[3]
784	[8]
785	[7]
786	[8]
787	[12]
788	[4]
789	[3]
790	[7]
791	[2]
792	[9]
793	[6]
794	[2]
795	[5]
796	[5]
797	[6]
798	[3]
799	[6]
800	[8]
801	[3]
802	[2]
803	[11]
804	[8]
805	[3]
806	[2]
807	[10]
808	[5]
809	[4]
810	[6]
811	[5]
812	[2]
813	[12]
814	[10]
815	[8]
816	[4]
817	[5]
818	[9]
819	[11]
820	[5]
821	[4]
822	[3]
823	[2]
824	[2]
825	[4]
826	[6]
827	[3]
828	[2]
829	[10]
830	[3]
831	[12]
832	[10]
833	[2]
834	[8]
835	[6]
836	[12]
837	[3]
838	[8]
839	[8]
840	[3]
841	[3]
842	[9]
843	[7]
844	[11]
845	[7]
846	[5]
847	[6]
848	[12]
849	[6]
850	[3]
851	[2]
852	[6]
853	[12]
854	[6]
855	[6]
856	[9]
857	[6]
858	[11]
859	[9]
860	[4]
861	[5]
862	[2]
863	[8]
864	[6]
865	[8]
866	[8]
867	[10]
868	[5]
869	[3]
870	[7]
871	[5]
872	[4]
873	[3]
874	[2]
875	[4]
876	[7]
877	[12]
878	[8]
879	[4]
880	[10]
881	[12]
882	[5]
883	[2]
884	[3]
885	[4]
886	[2]
887	[2]
888	[3]
889	[3]
890	[10]
891	[9]
892	[4]
893	[3]
894	[11]
895	[8]
896	[5]
897	[8]
898	[7]
899	[7]
900	[10]
901	[5]
902	[6]
903	[5]
904	[5]
905	[6]
906	[8]
907	[2]
908	[8]
909	[6]
910	[4]
911	[9]
912	[7]
913	[10]
914	[9]
915	[12]
916	[2]
917	[8]
918	[7]
919	[6]
920	[8]
921	[11]
922	[7]
923	[2]
924	[2]
925	[2]
926	[3]
927	[9]
928	[7]
929	[9]
930	[3]
931	[11]
932	[2]
933	[3]
934	[3]
935	[6]
936	[2]
937	[8]
938	[2]
939	[7]
940	[7]
941	[2]
942	[7]
943	[7]
944	[5]
945	[3]
946	[5]
947	[9]
948	[2]
949	[5]
950	[9]
951	[6]
952	[9]
953	[2]
954	[6]
955	[5]
956	[8]
957	[6]
958	[7]
959	[4]
960	[4]
961	[6]
962	[7]
963	[8]
964	[3]
965	[4]
966	[9]
967	[7]
968	[9]
969	[9]
970	[9]
971	[4]
972	[3]
973	[6]
974	[2]
975	[2]
976	[4]
977	[5]
978	[4]
979	[5]
980	[5]
981	[2]
982	[4]
983	[7]
984	[10]
985	[10]
986	[4]
987	[3]
988	[11]
989	[8]
990	[2]
991	[9]
992	[2]
993	[7]
994	[5]
995	[3]
996	[3]
997	[6]
998	[9]
999	[3]
1000	[2]
