1	[5, 13]
2	[5, 13]
3	[12]
4	[2]
5	[3]
6	[2]
7	[10]
8	[16]
9	[6, 12]
10	[10]
11	[4, 10]
12	[4]
13	[6, 12]
14	[6, 12]
15	[3, 8]
16	[17]
17	[16]
18	[10]
19	[5]
20	[2, 17]
21	[9]
22	[12, 15]
23	[15]
24	[4, 5]
25	[14]
26	[6, 12]
27	[9]
28	[2, 9]
29	[4]
30	[9]
31	[8]
32	[10]
33	[2, 3]
34	[5]
35	[2, 11]
36	[2]
37	[2, 9, 11]
38	[4, 10]
39	[5]
40	[6]
41	[2]
42	[6]
43	[3, 8]
44	[4, 5]
45	[6]
46	[3]
47	[9, 11]
48	[17]
49	[4]
50	[17]
51	[9]
52	[10]
53	[7]
54	[2, 3]
55	[2, 9]
56	[8]
57	[5]
58	[15, 17]
59	[4, 5]
60	[4]
61	[2]
62	[3, 8]
63	[3]
64	[7]
65	[17]
66	[11, 17]
67	[9, 11]
68	[11, 12, 15]
69	[15, 17]
70	[11, 12, 15]
71	[4, 10]
72	[9, 11]
73	[2]
74	[2]
75	[2]
76	[2, 3]
77	[6]
78	[4, 5]
79	[9, 11]
80	[2, 3]
81	[3]
82	[6]
83	[17]
84	[7]
85	[2, 17]
86	[4, 5]
87	[5]
88	[15]
89	[17]
90	[8, 13, 16]
91	[3, 8]
92	[2, 9]
93	[13]
94	[10]
95	[5]
96	[5]
97	[4]
98	[4, 10]
99	[3, 8]
100	[11, 15]
101	[3, 8]
102	[2, 3, 8]
103	[4]
104	[13]
105	[7]
106	[6, 12]
107	[6]
108	[5]
109	[17]
110	[4]
111	[5]
112	[2, 3]
113	[6]
114	[2, 11]
115	[6, 12]
116	[6]
117	[16]
118	[5]
119	[11]
120	[3, 8]
121	[4]
122	[7]
123	[4, 5]
124	[2, 3]
125	[4, 5]
126	[4, 10]
127	[15]
128	[5]
129	[5]
130	[7]
131	[17]
132	[2]
133	[3]
134	[2, 3]
135	[2]
136	[5, 13]
137	[3]
138	[2]
139	[2]
140	[3, 8, 16]
141	[8, 13]
142	[4, 10]
143	[2, 3, 8]
144	[7, 9]
145	[2]
146	[2, 3]
147	[6]
148	[13, 16]
149	[16]
150	[2]
151	[15, 17]
152	[13]
153	[10]
154	[4, 5]
155	[2, 3]
156	[10]
157	[13, 16]
158	[13]
159	[2, 3, 8]
160	[8, 13]
161	[4, 5]
162	[13]
163	[3]
164	[2, 17]
165	[4]
166	[7]
167	[2]
168	[8]
169	[2]
170	[16]
171	[5]
172	[10]
173	[13]
174	[3]
175	[4, 10]
176	[4]
177	[14]
178	[10]
179	[4, 5]
180	[4]
181	[6, 7]
182	[7]
183	[3, 8]
184	[2, 3]
185	[5]
186	[8]
187	[5]
188	[13]
189	[12]
190	[4, 7, 10]
191	[5]
192	[2]
193	[5, 13]
194	[5]
195	[4, 5]
196	[5]
197	[10]
198	[13]
199	[11, 12]
200	[10]
201	[4, 5]
202	[6]
203	[6]
204	[9]
205	[2]
206	[10]
207	[15]
208	[9, 11]
209	[6]
210	[4]
211	[16]
212	[17]
213	[2]
214	[17]
215	[7, 10]
216	[3]
217	[17]
218	[5]
219	[16]
220	[9, 11]
221	[3]
222	[5]
223	[4, 10]
224	[2, 11]
225	[8]
226	[10]
227	[8, 14]
228	[2]
229	[14]
230	[12, 15]
231	[3]
232	[4, 14]
233	[3]
234	[4, 7]
235	[4]
236	[9]
237	[5]
238	[8]
239	[4, 10]
240	[6, 7, 12]
241	[4, 5]
242	[8, 14]
243	[9, 14]
244	[14]
245	[3]
246	[7]
247	[7, 10]
248	[8, 13]
249	[15]
250	[3, 8]
251	[11, 12]
252	[7, 9]
253	[7]
254	[6, 12]
255	[2]
256	[11]
257	[9, 11]
258	[9]
259	[9]
260	[2, 3]
261	[12, 15]
262	[9, 12]
263	[7]
264	[3]
265	[3]
266	[6]
267	[3]
268	[15, 17]
269	[17]
270	[4, 5, 13]
271	[15]
272	[2, 9, 11]
273	[4]
274	[4, 10]
275	[11]
276	[6, 12]
277	[4, 7]
278	[5, 13]
279	[3, 8, 16]
280	[7, 10]
281	[2]
282	[8, 14]
283	[2, 11]
284	[15]
285	[7]
286	[3]
287	[16]
288	[2]
289	[9]
290	[4, 10]
291	[4, 5]
292	[4]
293	[8]
294	[7]
295	[7, 9]
296	[4, 7]
297	[12]
298	[11]
299	[2, 3]
300	[4, 5]
301	[3]
302	[9]
303	[9, 14]
304	[10]
305	[5]
306	[4, 14]
307	[2]
308	[4, 14]
309	[10]
310	[2]
311	[12]
312	[8, 16]
313	[4, 5]
314	[7, 9]
315	[7]
316	[9, 11]
317	[4]
318	[11]
319	[6, 7]
320	[16]
321	[4, 14]
322	[9]
323	[6, 12]
324	[7]
325	[9]
326	[10]
327	[10]
328	[2, 11]
329	[14]
330	[4, 5]
331	[3]
332	[2, 3]
333	[2]
334	[4, 10]
335	[15]
336	[6, 12]
337	[5]
338	[14]
339	[4, 10]
340	[3]
341	[2]
342	[2, 3]
343	[2, 11]
344	[8, 16]
345	[8, 13, 16]
346	[4]
347	[5]
348	[13]
349	[5]
350	[8, 14]
351	[15]
352	[2]
353	[10]
354	[15]
355	[3]
356	[4, 14]
357	[9]
358	[11, 15]
359	[16]
360	[2, 3]
361	[4]
362	[6]
363	[3, 8]
364	[2]
365	[6]
366	[2]
367	[2, 9, 11]
368	[10]
369	[6, 7]
370	[7, 9]
371	[2]
372	[13]
373	[3, 8]
374	[2]
375	[13]
376	[5]
377	[6, 12]
378	[2, 3]
379	[4, 5]
380	[11, 15, 17]
381	[11, 12]
382	[5]
383	[4, 5]
384	[3]
385	[6, 12]
386	[2]
387	[4, 5]
388	[7]
389	[15]
390	[2]
391	[2]
392	[3]
393	[2, 17]
394	[2]
395	[11, 12]
396	[17]
397	[5]
398	[4, 5]
399	[11, 12]
400	[2]
401	[6, 12]
402	[2, 9]
403	[2]
404	[2, 9, 11]
405	[6, 7, 12]
406	[2]
407	[4, 14]
408	[9, 14]
409	[4, 5]
410	[13, 16]
411	[3, 16]
412	[17]
413	[4, 10]
414	[3, 8]
415	[17]
416	[2, 11, 17]
417	[2]
418	[7, 9]
419	[2, 3]
420	[2, 17]
421	[15]
422	[6]
423	[9]
424	[3]
425	[5]
426	[13, 16]
427	[7]
428	[7]
429	[3]
430	[7]
431	[13]
432	[7, 12]
433	[10]
434	[3, 8]
435	[4, 14]
436	[2, 3, 8]
437	[9, 14]
438	[3]
439	[6, 7, 12]
440	[4, 5]
441	[2, 11]
442	[4, 5]
443	[2]
444	[3, 8]
445	[6, 12]
446	[9]
447	[13, 16]
448	[12, 15]
449	[4]
450	[2]
451	[8, 13]
452	[6]
453	[3, 8, 16]
454	[2, 9, 11]
455	[5, 13]
456	[2]
457	[3, 8]
458	[10]
459	[2, 11, 17]
460	[9]
461	[4, 5]
462	[2, 3]
463	[3]
464	[6]
465	[7, 9]
466	[8]
467	[5]
468	[6]
469	[2, 3]
470	[3]
471	[4]
472	[16]
473	[15]
474	[6, 12]
475	[16]
476	[4, 5]
477	[6, 12]
478	[2, 17]
479	[12, 15]
480	[13, 16]
481	[4, 7]
482	[2, 11]
483	[15]
484	[6, 7]
485	[4, 10]
486	[15, 17]
487	[6, 7]
488	[2, 11]
489	[6]
490	[4, 5]
491	[16]
492	[9]
493	[3]
494	[15, 17]
495	[7]
496	[7, 10]
497	[2, 17]
498	[12]
499	[3]
500	[8]
501	[3]
502	[13, 16]
503	[11, 12]
504	[10]
505	[3]
506	[2]
507	[2, 11]
508	[7]
509	[5]
510	[4, 5]
511	[2, 3, 8]
512	[6]
513	[8, 9, 14]
514	[2, 17]
515	[8, 16]
516	[16]
517	[2, 17]
518	[9]
519	[3]
520	[3]
521	[2, 3]
522	[4, 7, 10]
523	[3]
524	[6, 12]
525	[6]
526	[4, 14]
527	[3]
528	[6]
529	[14]
530	[2, 9, 11]
531	[3]
532	[4, 14]
533	[3]
534	[2]
535	[2, 3]
536	[6]
537	[5]
538	[3]
539	[2, 17]
540	[10]
541	[2]
542	[3, 8]
543	[7]
544	[10]
545	[7]
546	[2, 11, 17]
547	[13]
548	[2, 3]
549	[3]
550	[6]
551	[17]
552	[6]
553	[10]
554	[3]
555	[6]
556	[2]
557	[15, 17]
558	[10]
559	[15]
560	[2, 3, 8]
561	[6, 12]
562	[4, 5]
563	[3, 8]
564	[3]
565	[2, 11]
566	[16]
567	[3]
568	[3]
569	[2, 9]
570	[3]
571	[12]
572	[17]
573	[7, 10]
574	[4]
575	[6, 7]
576	[9]
577	[6, 7]
578	[16]
579	[2, 9, 11]
580	[4]
581	[16]
582	[4, 5]
583	[8, 13]
584	[5]
585	[6, 7, 12]
586	[3]
587	[5, 13]
588	[2]
589	[7]
590	[4, 5]
591	[2, 3]
592	[17]
593	[7]
594	[3]
595	[2]
596	[5, 13]
597	[9, 14]
598	[4, 10]
599	[12, 15]
600	[13, 16]
601	[9, 11]
602	[2, 3]
603	[12, 15]
604	[7, 12]
605	[4, 7]
606	[9]
607	[2]
608	[2]
609	[13]
610	[16]
611	[13]
612	[5]
613	[9, 14]
614	[4, 14]
615	[12, 15]
616	[3]
617	[4, 7, 10]
618	[10]
619	[3]
620	[2]
621	[14]
622	[2]
623	[16]
624	[10]
625	[3]
626	[8, 14]
627	[4]
628	[4, 5, 13]
629	[8, 16]
630	[4, 7]
631	[10]
632	[2, 3]
633	[7]
634	[4, 5]
635	[15, 17]
636	[6]
637	[2, 3, 8]
638	[15]
639	[7, 12]
640	[11]
641	[5]
642	[7]
643	[4, 7, 10]
644	[14]
645	[8, 13, 16]
646	[2, 9]
647	[7, 10]
648	[2, 11]
649	[4, 14]
650	[5]
651	[10]
652	[3]
653	[12, 15]
654	[9, 11]
655	[13]
656	[13]
657	[14]
658	[10]
659	[10]
660	[4, 10]
661	[3, 8]
662	[4]
663	[11]
664	[4, 7]
665	[5, 13, 14]
666	[3]
667	[3, 8]
668	[5]
669	[15]
670	[4, 5]
671	[2]
672	[7, 9]
673	[8, 13]
674	[5]
675	[10]
676	[2, 3]
677	[8]
678	[4, 14]
679	[3, 8]
680	[4, 14]
681	[6, 7, 12]
682	[10]
683	[4, 14]
684	[3]
685	[6, 12]
686	[4]
687	[2, 3]
688	[6, 7]
689	[4, 5]
690	[2, 3]
691	[4, 7]
692	[4, 10]
693	[10]
694	[3, 8, 16]
695	[9]
696	[6]
697	[3, 8]
698	[6, 7]
699	[4, 10]
700	[10]
701	[2, 11]
702	[4, 10]
703	[13, 16]
704	[3, 8]
705	[2, 3]
706	[10]
707	[12, 15]
708	[6]
709	[16]
710	[2]
711	[8, 14]
712	[5]
713	[3]
714	[11]
715	[2, 9, 11]
716	[13]
717	[3]
718	[4, 5]
719	[2]
720	[5]
721	[2, 3]
722	[13]
723	[6]
724	[8]
725	[3]
726	[8, 14]
727	[2, 17]
728	[16]
729	[16]
730	[2, 11]
731	[2]
732	[2, 9]
733	[15]
734	[5]
735	[2]
736	[6, 12]
737	[2, 3]
738	[3]
739	[6]
740	[12]
741	[4, 5]
742	[13, 16]
743	[6, 12]
744	[4, 14]
745	[10]
746	[5, 13, 14]
747	[6]
748	[6]
749	[5]
750	[6, 7]
751	[9]
752	[4, 14]
753	[5]
754	[3, 8, 16]
755	[4, 7, 10]
756	[12]
757	[3, 8]
758	[6]
759	[4]
760	[4, 5]
761	[3]
762	[8]
763	[14]
764	[2, 3]
765	[13]
766	[4, 10]
767	[2, 11]
768	[8]
769	[4, 14]
770	[9, 11]
771	[3]
772	[9]
773	[15]
774	[4]
775	[10]
776	[15]
777	[4]
778	[13, 16]
779	[3]
780	[2, 3]
781	[8, 14]
782	[2]
783	[3]
784	[6, 12]
785	[2, 3]
786	[2]
787	[11]
788	[4, 5]
789	[9]
790	[6]
791	[4, 7]
792	[4, 14]
793	[9, 11]
794	[16]
795	[3, 8, 16]
796	[2, 3]
797	[6]
798	[2, 3]
799	[5]
800	[15]
801	[2]
802	[10]
803	[16]
804	[13]
805	[7]
806	[3, 8]
807	[3]
808	[15]
809	[17]
810	[8]
811	[3, 8]
812	[3, 8]
813	[6, 12]
814	[2, 11]
815	[15, 17]
816	[12, 15]
817	[12, 15]
818	[6]
819	[6, 12]
820	[4, 14]
821	[9, 11]
822	[6]
823	[3, 8]
824	[2, 11]
825	[7, 9]
826	[4, 5]
827	[3]
828	[6]
829	[8, 13]
830	[7, 12]
831	[7]
832	[7]
833	[2, 3]
834	[5]
835	[2]
836	[3, 8]
837	[4]
838	[15, 17]
839	[4, 5]
840	[6, 12]
841	[6]
842	[4, 10]
843	[9]
844	[6]
845	[3, 8]
846	[2, 3]
847	[7]
848	[8, 13]
849	[3]
850	[3]
851	[2, 11]
852	[2]
853	[3, 16]
854	[17]
855	[15, 17]
856	[3]
857	[10]
858	[3]
859	[9, 14]
860	[7]
861	[5, 13]
862	[3]
863	[7]
864	[6]
865	[6]
866	[6]
867	[2, 11]
868	[8]
869	[2, 11]
870	[2, 3]
871	[3, 8]
872	[9, 14]
873	[4, 14]
874	[6]
875	[4, 10]
876	[7]
877	[2]
878	[7, 10]
879	[7]
880	[11]
881	[4, 7]
882	[6, 12]
883	[4, 7]
884	[15]
885	[6, 12]
886	[4, 5]
887	[6, 7]
888	[7, 10]
889	[3]
890	[7]
891	[13]
892	[3]
893	[15]
894	[5, 13]
895	[7]
896	[6, 7]
897	[4]
898	[3]
899	[6]
900	[6]
901	[4, 14]
902	[13]
903	[4, 5]
904	[4]
905	[9]
906	[6]
907	[7]
908	[2, 3, 8]
909	[6, 12]
910	[15, 17]
911	[4, 5]
912	[9, 11]
913	[2]
914	[6, 7]
915	[6, 12]
916	[7]
917	[9]
918	[4, 14]
919	[2]
920	[4, 5]
921	[15]
922	[3]
923	[6, 12]
924	[4, 5]
925	[2]
926	[6, 12]
927	[5]
928	[9]
929	[3, 8]
930	[2, 3]
931	[2, 3]
932	[5]
933	[9]
934	[3]
935	[4, 14]
936	[13]
937	[14]
938	[16]
939	[4, 7, 10]
940	[2]
941	[6]
942	[16]
943	[3, 8]
944	[5]
945	[9, 11, 12]
946	[9, 11]
947	[5]
948	[6, 7, 12]
949	[15, 17]
950	[11]
951	[5]
952	[2, 3]
953	[13, 16]
954	[2, 3]
955	[4, 10]
956	[2, 17]
957	[9, 11]
958	[3]
959	[10]
960	[16]
961	[9, 11]
962	[14]
963	[9, 14]
964	[13, 16]
965	[4, 10]
966	[8, 14]
967	[6]
968	[9]
969	[2]
970	[4, 14]
971	[6, 7]
972	[8]
973	[2, 3]
974	[17]
975	[13]
976	[11]
977	[9]
978	[6]
979	[2]
980	[14]
981	[9, 11]
982	[15, 17]
983	[15]
984	[8]
985	[2]
986	[4, 10]
987	[4]
988	[4]
989	[13, 16]
990	[17]
991	[7, 10]
992	[6]
993	[3]
994	[6]
995	[2]
996	[11, 12]
997	[2, 3]
998	[7]
999	[6]
1000	[17]
