1	[7]
2	[3, 4]
3	[9, 10, 12]
4	[3, 4]
5	[2, 13]
6	[4]
7	[11, 14]
8	[6, 10]
9	[2, 7, 13]
10	[8]
11	[15, 16]
12	[3, 4, 20]
13	[15, 16, 18]
14	[8, 19]
15	[2, 6]
16	[11]
17	[4]
18	[3, 4]
19	[15]
20	[7, 15]
21	[3, 5]
22	[11]
23	[3, 17]
24	[3, 4]
25	[9, 10, 12]
26	[7, 15]
27	[21]
28	[10, 12]
29	[8, 16]
30	[12, 14]
31	[7, 16, 18]
32	[3, 4, 20]
33	[4, 7]
34	[9]
35	[4, 13, 20]
36	[8, 16, 18]
37	[2, 8, 18]
38	[17, 21, 22]
39	[17, 22]
40	[6]
41	[8, 19]
42	[14, 21]
43	[6, 19]
44	[9]
45	[11, 12, 14]
46	[7, 15]
47	[3, 5, 17]
48	[5]
49	[4]
50	[3, 4, 20]
51	[2, 13]
52	[5, 21]
53	[12, 14]
54	[3, 13, 20]
55	[3]
56	[9]
57	[3]
58	[9, 14]
59	[13, 17]
60	[10]
61	[8, 16, 18]
62	[9]
63	[6, 10]
64	[4]
65	[2, 7, 13]
66	[3]
67	[11, 14, 21]
68	[2, 9]
69	[15]
70	[2, 13]
71	[2, 9]
72	[5]
73	[2, 7, 13]
74	[5, 11]
75	[2, 6]
76	[2, 18]
77	[4, 7, 15]
78	[11, 12, 14]
79	[10]
80	[8, 16]
81	[8, 19]
82	[15, 16]
83	[4]
84	[3, 4, 20]
85	[2, 7, 18]
86	[3, 5, 17]
87	[3, 5]
88	[3]
89	[11]
90	[16]
91	[2]
92	[7]
93	[2, 6]
94	[3, 5, 17]
95	[8, 16, 18]
96	[3, 5, 17]
97	[3]
98	[11, 14, 21]
99	[7, 15, 16]
100	[2, 9]
101	[12]
102	[12, 14]
103	[4]
104	[3, 4]
105	[11, 14]
106	[10, 12]
107	[2]
108	[5, 11, 21]
109	[22]
110	[6, 10]
111	[8]
112	[5, 11]
113	[17, 22]
114	[11, 14]
115	[13]
116	[3]
117	[3, 4, 20]
118	[10]
119	[8]
120	[4]
121	[5, 11]
122	[15, 16]
123	[8, 19]
124	[5, 11]
125	[9, 22]
126	[3, 13, 17]
127	[4]
128	[3, 4, 20]
129	[9, 10]
130	[6, 10]
131	[17]
132	[3]
133	[10]
134	[17, 21]
135	[6, 10]
136	[2, 6, 8, 19]
137	[2, 6]
138	[8, 19]
139	[11, 14]
140	[6, 10]
141	[4, 7]
142	[2]
143	[7, 15]
144	[2, 8, 18]
145	[15]
146	[3, 5]
147	[3, 17]
148	[3]
149	[8, 16, 18]
150	[8, 16, 18]
151	[2, 9]
152	[12]
153	[4]
154	[5, 11, 14, 21]
155	[2, 9]
156	[8]
157	[6]
158	[3, 4]
159	[4]
160	[6, 9, 10]
161	[2, 13]
162	[7, 15]
163	[3]
164	[8]
165	[5, 11, 21]
166	[8, 16, 18]
167	[8]
168	[3, 5]
169	[2]
170	[5, 21]
171	[12, 14]
172	[2, 6]
173	[15]
174	[9]
175	[6, 9, 10]
176	[5]
177	[3, 5]
178	[4, 7, 13, 20]
179	[16]
180	[2]
181	[10]
182	[6, 19]
183	[11, 14]
184	[3, 4, 20]
185	[2, 6, 8]
186	[7, 15]
187	[4, 13, 20]
188	[2, 6, 9]
189	[3, 4]
190	[9]
191	[5]
192	[6, 10]
193	[16]
194	[3, 4]
195	[4]
196	[4, 7]
197	[7, 15, 16, 18]
198	[11, 12, 14]
199	[2, 6]
200	[11]
201	[11, 14]
202	[3]
203	[3, 5]
204	[4, 13, 20]
205	[6, 10]
206	[9]
207	[13, 17]
208	[3]
209	[3, 4]
210	[10]
211	[3]
212	[3, 17]
213	[4, 13, 20]
214	[2, 8]
215	[3, 5]
216	[6, 10]
217	[6, 10]
218	[7, 15, 16]
219	[7, 15]
220	[11, 14]
221	[6, 10]
222	[4, 7]
223	[5]
224	[8, 19]
225	[5, 11, 21]
226	[2, 7, 18]
227	[15]
228	[11, 12, 14]
229	[4]
230	[2]
231	[11, 14]
232	[2]
233	[2, 7]
234	[4, 7, 15]
235	[7, 15]
236	[6]
237	[4]
238	[6, 8, 19]
239	[3, 5]
240	[2, 22]
241	[3, 5]
242	[6, 8, 19]
243	[9, 22]
244	[3, 4, 20]
245	[3, 5]
246	[2, 7, 18]
247	[5, 11]
248	[2, 7, 18]
249	[13, 17, 22]
250	[13, 17]
251	[12, 14]
252	[3]
253	[17, 22]
254	[3, 4, 13, 20]
255	[3, 4]
256	[12]
257	[2, 7, 18]
258	[11, 12, 14]
259	[2, 13, 22]
260	[2]
261	[7]
262	[9, 22]
263	[7, 15, 16]
264	[3]
265	[8, 19]
266	[3, 4, 20]
267	[11]
268	[6, 10]
269	[10]
270	[5, 11]
271	[6, 19]
272	[19]
273	[19]
274	[3, 4]
275	[2, 18]
276	[5]
277	[11, 14]
278	[6]
279	[5, 17, 21]
280	[2, 9, 22]
281	[15]
282	[17, 22]
283	[2, 6, 9, 10]
284	[6, 19]
285	[10, 12]
286	[4]
287	[14, 21]
288	[3, 4, 13, 20]
289	[7, 15, 16]
290	[3, 4]
291	[2, 9]
292	[3, 5]
293	[9, 21]
294	[4, 7, 15]
295	[4]
296	[2, 18]
297	[7, 15]
298	[9, 14]
299	[3, 4, 20]
300	[2, 9, 13, 22]
301	[3]
302	[8, 19]
303	[2, 13]
304	[4, 7]
305	[16]
306	[2]
307	[4]
308	[2, 7, 18]
309	[15]
310	[11, 14]
311	[3, 4]
312	[4, 7, 20]
313	[5, 11]
314	[2, 8]
315	[3, 5, 17]
316	[9, 12]
317	[4]
318	[2, 13]
319	[2, 22]
320	[2]
321	[3]
322	[6, 8, 19]
323	[2, 9]
324	[2, 18]
325	[2, 13]
326	[6, 10]
327	[6, 8, 19]
328	[2, 6, 8]
329	[12]
330	[11, 12, 14]
331	[2, 9, 22]
332	[11]
333	[9, 10, 12]
334	[6, 19]
335	[7, 15]
336	[11, 14, 21]
337	[4]
338	[3]
339	[2, 9]
340	[2, 6, 8, 19]
341	[7, 15]
342	[3, 4, 7, 20]
343	[8, 19]
344	[2, 8, 16, 18]
345	[8, 19]
346	[6, 8, 19]
347	[12, 14]
348	[15, 16]
349	[17, 21, 22]
350	[16]
351	[4, 7]
352	[17, 22]
353	[5, 11, 21]
354	[2]
355	[11, 14, 21]
356	[2, 18]
357	[12, 14]
358	[3, 4]
359	[15]
360	[9]
361	[2]
362	[3, 4, 13, 20]
363	[12]
364	[15, 16]
365	[6, 10]
366	[2, 6, 8, 19]
367	[11]
368	[7, 18]
369	[3, 13, 17]
370	[2, 7, 18]
371	[5]
372	[3, 5, 17]
373	[8, 16]
374	[2]
375	[4, 7]
376	[3, 5]
377	[3, 13, 20]
378	[10, 12]
379	[9, 12]
380	[3]
381	[4]
382	[3, 4]
383	[2, 6, 9]
384	[3, 5]
385	[17, 21]
386	[4, 7]
387	[2, 9]
388	[8, 19]
389	[5]
390	[8, 19]
391	[11, 14, 21]
392	[2, 13]
393	[3, 5, 17]
394	[5]
395	[8]
396	[12, 14]
397	[6, 9, 10]
398	[2, 13]
399	[9, 12, 14]
400	[5]
401	[8]
402	[12]
403	[2, 13, 22]
404	[5, 11]
405	[9, 12, 14]
406	[4]
407	[5]
408	[2, 8, 18]
409	[3, 5]
410	[13, 20]
411	[8, 16, 18]
412	[4, 7]
413	[4]
414	[14]
415	[2, 6, 9]
416	[16]
417	[3, 5, 17]
418	[8, 16, 18]
419	[10]
420	[8]
421	[6, 10]
422	[4, 13, 20]
423	[12]
424	[8]
425	[8, 16]
426	[2, 6]
427	[11, 14]
428	[3, 4]
429	[5, 17, 21]
430	[8, 16]
431	[12]
432	[6, 9, 10]
433	[2, 8]
434	[2, 6, 8, 19]
435	[2]
436	[7, 15]
437	[3, 5]
438	[11]
439	[3, 5]
440	[5]
441	[16, 18]
442	[6, 8, 19]
443	[5]
444	[9, 12]
445	[7, 15]
446	[21, 22]
447	[9, 10, 12]
448	[3, 5, 17, 21]
449	[10]
450	[3]
451	[3, 4]
452	[3, 5]
453	[8, 16]
454	[5]
455	[8]
456	[3]
457	[2, 7, 13]
458	[3, 4]
459	[4, 13, 20]
460	[9, 10]
461	[4, 13, 20]
462	[11, 14]
463	[2]
464	[10]
465	[3, 5]
466	[8, 16, 18]
467	[7, 15]
468	[3, 5]
469	[8, 16, 18]
470	[2]
471	[15, 16]
472	[9, 12, 14]
473	[4]
474	[4, 7, 15]
475	[8, 19]
476	[2, 13, 17, 22]
477	[2, 13]
478	[8, 16]
479	[5, 11]
480	[8, 16, 18]
481	[3]
482	[12]
483	[2, 6]
484	[5]
485	[13, 17]
486	[6, 9, 10]
487	[2, 13]
488	[3, 13, 20]
489	[8, 19]
490	[3, 5]
491	[2, 7]
492	[14, 21]
493	[4, 7, 15]
494	[2, 6, 8]
495	[2, 9, 22]
496	[3, 4, 13, 20]
497	[6, 19]
498	[6, 10]
499	[16]
500	[8]
501	[4]
502	[3, 4, 20]
503	[3, 4, 20]
504	[17, 21]
505	[6, 10]
506	[9, 10]
507	[2, 6, 9]
508	[2, 8, 18]
509	[8, 16]
510	[12]
511	[2, 9]
512	[9, 14]
513	[6, 10]
514	[4, 7, 15]
515	[7, 18]
516	[6, 8, 19]
517	[4, 7]
518	[6, 10]
519	[2, 13]
520	[8]
521	[4, 20]
522	[7, 15]
523	[16]
524	[8]
525	[10]
526	[5]
527	[2, 18]
528	[8, 16]
529	[5, 11, 14, 21]
530	[15, 16]
531	[10, 12]
532	[4, 7]
533	[2, 8]
534	[2, 7]
535	[2, 9, 22]
536	[16]
537	[6]
538	[3, 5]
539	[8]
540	[2]
541	[5, 21]
542	[7, 15]
543	[2, 7, 13]
544	[6, 19]
545	[3, 5, 17]
546	[4, 7, 20]
547	[9, 12]
548	[3, 4]
549	[3]
550	[2, 7]
551	[3]
552	[2]
553	[3, 4, 13, 20]
554	[4, 20]
555	[6, 19]
556	[6, 8, 19]
557	[8, 16]
558	[2]
559	[2]
560	[4, 7]
561	[9, 14]
562	[11, 14]
563	[2, 13]
564	[4]
565	[11, 14]
566	[4]
567	[3, 13, 20]
568	[2, 6]
569	[9, 12, 14]
570	[6, 10]
571	[9, 12]
572	[8]
573	[11]
574	[2, 8]
575	[9, 10]
576	[2]
577	[3, 4]
578	[2, 7, 18]
579	[19]
580	[6]
581	[2, 9, 22]
582	[2, 7, 18]
583	[5, 21]
584	[3, 4]
585	[4, 7, 20]
586	[11, 12, 14]
587	[10]
588	[9, 12]
589	[4, 7]
590	[10, 12]
591	[3]
592	[4]
593	[5, 11]
594	[3, 4]
595	[17, 22]
596	[10, 12]
597	[2, 7, 13]
598	[5, 11, 21]
599	[5, 17, 21]
600	[10]
601	[2]
602	[2, 13, 22]
603	[2, 6, 9]
604	[3, 5]
605	[8, 16, 18]
606	[8, 19]
607	[3, 13, 20]
608	[3, 4, 20]
609	[7, 15]
610	[8, 16, 18]
611	[4]
612	[3, 5]
613	[2, 8, 18]
614	[6, 10]
615	[8, 19]
616	[3, 5]
617	[2, 6, 8]
618	[15, 16]
619	[3, 4]
620	[2, 6]
621	[2, 9, 22]
622	[4, 7]
623	[7, 15]
624	[5]
625	[11, 14]
626	[6, 10]
627	[4]
628	[11]
629	[2, 13]
630	[3, 5]
631	[10, 12]
632	[8, 19]
633	[11, 14]
634	[3, 4, 20]
635	[5, 17, 21]
636	[12, 14]
637	[7, 15]
638	[6, 9, 10]
639	[3]
640	[3]
641	[17, 21]
642	[3, 5]
643	[2, 13]
644	[2, 22]
645	[5]
646	[4, 7, 15]
647	[3, 4, 20]
648	[5, 21]
649	[2]
650	[3, 4]
651	[6, 10]
652	[6, 8, 19]
653	[3, 5]
654	[3, 4, 20]
655	[8]
656	[2, 8, 18]
657	[8, 19]
658	[12]
659	[4, 7]
660	[2, 8, 18]
661	[12]
662	[16, 18]
663	[8, 16, 18]
664	[6, 8, 19]
665	[7, 18]
666	[10]
667	[12, 14]
668	[5]
669	[7, 15, 16]
670	[4]
671	[5, 11]
672	[6, 8, 19]
673	[5, 11]
674	[8, 16, 18]
675	[3]
676	[4]
677	[2, 6]
678	[5, 11]
679	[6, 10]
680	[8, 16]
681	[3, 5]
682	[8, 16]
683	[17, 21, 22]
684	[3]
685	[5, 11, 21]
686	[2, 6]
687	[6, 10]
688	[11, 12, 14]
689	[2, 8, 18]
690	[11, 14]
691	[2, 7]
692	[2, 7]
693	[8, 19]
694	[3, 4]
695	[19]
696	[12]
697	[6, 19]
698	[4, 7, 15]
699	[3, 5, 17]
700	[2, 7, 13]
701	[3, 4]
702	[6, 10]
703	[4]
704	[17, 22]
705	[9, 14]
706	[4]
707	[17, 22]
708	[6, 10]
709	[9, 10]
710	[2, 13]
711	[4]
712	[9, 10, 12]
713	[12, 14]
714	[8, 16, 18]
715	[7, 15, 16, 18]
716	[5, 11, 14, 21]
717	[3]
718	[7, 15]
719	[2]
720	[3, 17]
721	[5, 11, 21]
722	[5]
723	[7, 15]
724	[6, 9, 10]
725	[7, 15]
726	[6]
727	[8]
728	[2, 9, 22]
729	[8, 16]
730	[2, 13]
731	[15, 16]
732	[3, 17]
733	[6, 19]
734	[3]
735	[10, 12]
736	[3]
737	[9, 14]
738	[5, 11, 21]
739	[4, 7]
740	[3, 5]
741	[11]
742	[16]
743	[4]
744	[2, 13]
745	[2, 8]
746	[6, 10]
747	[7, 15]
748	[2]
749	[2, 13]
750	[11, 14]
751	[5, 11]
752	[2, 9, 22]
753	[6, 10]
754	[4, 7, 13, 20]
755	[9, 12, 14]
756	[8]
757	[3, 4, 20]
758	[21]
759	[2, 13]
760	[3, 5, 17]
761	[12, 14]
762	[2, 6]
763	[6, 19]
764	[3]
765	[7, 15]
766	[3]
767	[3, 4]
768	[2]
769	[5]
770	[3, 4]
771	[12, 14]
772	[17, 22]
773	[12]
774	[5]
775	[8, 16, 18]
776	[8, 16]
777	[3]
778	[15, 16]
779	[3, 4, 20]
780	[7]
781	[10]
782	[21]
783	[4]
784	[11, 12, 14]
785	[6, 9, 10]
786	[2, 7]
787	[8, 19]
788	[7, 15, 18]
789	[5, 17, 21]
790	[5]
791	[4, 7]
792	[3, 17]
793	[13, 20]
794	[3, 13, 17]
795	[6, 19]
796	[2, 8, 19]
797	[4]
798	[5]
799	[12, 14]
800	[2, 13]
801	[5, 21]
802	[9, 10, 12]
803	[4]
804	[6, 10]
805	[9, 22]
806	[2, 22]
807	[4, 7]
808	[5, 11, 21]
809	[9, 10, 12]
810	[7, 15, 18]
811	[4, 7]
812	[7, 15]
813	[4, 7]
814	[5, 11]
815	[2, 13, 22]
816	[9, 10]
817	[12, 14]
818	[2, 7, 18]
819	[3]
820	[13, 17]
821	[11, 14, 21]
822	[4, 13, 20]
823	[3, 5, 17]
824	[3]
825	[6]
826	[4, 7]
827	[2, 6]
828	[3, 13, 20]
829	[3, 4, 20]
830	[17, 22]
831	[2]
832	[7]
833	[3, 13, 17]
834	[4, 7]
835	[12, 14]
836	[3, 5]
837	[15, 16]
838	[9]
839	[2, 6]
840	[3, 4, 7, 20]
841	[16]
842	[12]
843	[7, 15]
844	[3]
845	[2, 13]
846	[2, 6]
847	[6, 10]
848	[2, 9]
849	[2, 13, 17, 22]
850	[3, 4, 20]
851	[4]
852	[3, 4, 20]
853	[2, 18]
854	[12, 14]
855	[8]
856	[3]
857	[17, 22]
858	[11, 14]
859	[7, 15]
860	[12, 14]
861	[2]
862	[2, 22]
863	[11]
864	[8, 16, 18]
865	[5, 11]
866	[4]
867	[12]
868	[2]
869	[11, 14]
870	[2, 8]
871	[9, 12]
872	[7, 15]
873	[2, 6]
874	[9, 12, 14]
875	[5, 11, 21]
876	[11, 14, 21]
877	[3, 4, 20]
878	[8, 16]
879	[17, 22]
880	[6, 10]
881	[2, 13]
882	[4]
883	[3, 13, 20]
884	[2, 22]
885	[2]
886	[2]
887	[2, 9, 22]
888	[3, 4, 20]
889	[3, 5]
890	[2, 7, 18]
891	[9, 10, 12]
892	[3, 5, 17]
893	[7, 15]
894	[11, 14, 21]
895	[15]
896	[2, 18]
897	[3]
898	[6, 10]
899	[3]
900	[2, 22]
901	[12, 14]
902	[7]
903	[12]
904	[2, 7, 13]
905	[4, 7, 15]
906	[6, 10]
907	[2, 7]
908	[5, 21]
909	[3, 5]
910	[9, 12, 14]
911	[3, 17]
912	[5, 17, 21]
913	[3, 17]
914	[4, 7, 13, 20]
915	[6, 10]
916	[2, 7]
917	[7, 15]
918	[6]
919	[4, 7]
920	[3, 5]
921	[2, 13]
922	[15, 16]
923	[9, 22]
924	[3, 4]
925	[3, 5, 17]
926	[16, 18]
927	[11]
928	[7, 15, 18]
929	[6, 19]
930	[4]
931	[2, 6]
932	[3]
933	[3]
934	[3, 5]
935	[5, 11]
936	[3, 5]
937	[2, 22]
938	[2, 8, 18]
939	[17, 21]
940	[3, 4]
941	[6, 9, 10]
942	[5, 11]
943	[3, 5]
944	[6, 10]
945	[14, 21]
946	[15]
947	[3, 4, 13, 20]
948	[6]
949	[3, 4]
950	[3]
951	[6, 10]
952	[4]
953	[6, 10]
954	[3, 5, 17]
955	[11, 12, 14]
956	[5, 11]
957	[3]
958	[15]
959	[7, 15]
960	[6, 10]
961	[3, 5]
962	[3]
963	[9, 12]
964	[4, 7, 15]
965	[6, 19]
966	[5]
967	[2, 6]
968	[5, 11, 21]
969	[4]
970	[10, 12]
971	[2]
972	[11]
973	[12]
974	[3, 5]
975	[2, 13]
976	[8, 19]
977	[5, 11, 21]
978	[2, 13]
979	[2, 6]
980	[9, 10, 12]
981	[7]
982	[5]
983	[2]
984	[9, 22]
985	[9, 22]
986	[6, 10]
987	[17, 22]
988	[3, 5]
989	[5, 11]
990	[2, 6, 9]
991	[3]
992	[6, 19]
993	[5, 11]
994	[7, 15]
995	[4]
996	[8, 16]
997	[4]
998	[2, 6]
999	[12]
1000	[6]
