1	[2, 5]
2	[3]
3	[4]
4	[16]
5	[10]
6	[2, 5]
7	[3]
8	[17]
9	[2, 13]
10	[12]
11	[15]
12	[9]
13	[6]
14	[4]
15	[11]
16	[9]
17	[4, 9]
18	[4]
19	[12]
20	[2]
21	[2]
22	[7]
23	[8]
24	[9]
25	[4]
26	[8]
27	[7]
28	[9]
29	[2]
30	[13]
31	[8]
32	[7]
33	[6]
34	[8]
35	[4]
36	[7]
37	[4]
38	[9]
39	[8]
40	[4, 7]
41	[6]
42	[2]
43	[4]
44	[8]
45	[7, 11]
46	[4]
47	[9, 17]
48	[4]
49	[3]
50	[14]
51	[12, 15, 16]
52	[16]
53	[6]
54	[3, 14]
55	[16]
56	[7]
57	[7]
58	[6, 8]
59	[2]
60	[15]
61	[17]
62	[9]
63	[7]
64	[2]
65	[12]
66	[8]
67	[15]
68	[9]
69	[10]
70	[11]
71	[3, 5]
72	[11]
73	[9]
74	[15]
75	[2, 13]
76	[3, 5]
77	[17]
78	[3, 5]
79	[2]
80	[2]
81	[11]
82	[3, 5]
83	[16]
84	[4]
85	[3]
86	[11, 17]
87	[7, 11]
88	[14]
89	[15]
90	[4]
91	[9, 17]
92	[2, 10]
93	[2, 13]
94	[4]
95	[12]
96	[6]
97	[15]
98	[3, 8]
99	[7]
100	[11]
101	[4]
102	[7]
103	[6]
104	[3, 15]
105	[8]
106	[2]
107	[2]
108	[4, 5]
109	[7]
110	[2]
111	[4, 9]
112	[15]
113	[10]
114	[15]
115	[2, 5]
116	[7]
117	[7, 11]
118	[4]
119	[7, 11]
120	[3, 8]
121	[6]
122	[7]
123	[12]
124	[10]
125	[2, 12]
126	[9]
127	[10]
128	[9]
129	[2, 13]
130	[2, 13]
131	[16]
132	[2, 13]
133	[17]
134	[12]
135	[4, 6]
136	[6]
137	[17]
138	[11, 17]
139	[10]
140	[4, 7]
141	[2, 10]
142	[5]
143	[17]
144	[9]
145	[7, 11]
146	[3]
147	[2, 13]
148	[14]
149	[5]
150	[5]
151	[11]
152	[4, 7]
153	[6, 8]
154	[14]
155	[9]
156	[4, 9]
157	[5]
158	[2]
159	[6]
160	[9]
161	[9, 17]
162	[16]
163	[3]
164	[7]
165	[15]
166	[9]
167	[10]
168	[15]
169	[2, 13]
170	[4, 9]
171	[10]
172	[5]
173	[5]
174	[17]
175	[6]
176	[2]
177	[3]
178	[5]
179	[6]
180	[12]
181	[2, 13]
182	[2]
183	[2, 7]
184	[10]
185	[3]
186	[2, 12]
187	[3]
188	[5]
189	[6]
190	[13]
191	[4, 5]
192	[2]
193	[5]
194	[2]
195	[7]
196	[5]
197	[5]
198	[6]
199	[12]
200	[12]
201	[2]
202	[14]
203	[6, 8]
204	[12, 15, 16]
205	[2]
206	[6]
207	[9]
208	[17]
209	[11]
210	[8]
211	[4]
212	[2, 10]
213	[12]
214	[7]
215	[15]
216	[4, 6]
217	[6]
218	[12]
219	[3]
220	[3, 8]
221	[7, 11]
222	[3]
223	[17]
224	[3]
225	[16]
226	[11, 17]
227	[6]
228	[11]
229	[8]
230	[17]
231	[17]
232	[7]
233	[2, 13]
234	[3]
235	[6]
236	[13]
237	[5]
238	[5]
239	[4, 9]
240	[2]
241	[14]
242	[4]
243	[11]
244	[7]
245	[4, 9]
246	[5, 16]
247	[9]
248	[4]
249	[10]
250	[10]
251	[6]
252	[3, 8]
253	[6]
254	[2]
255	[10]
256	[2]
257	[4]
258	[11]
259	[9, 17]
260	[10]
261	[15]
262	[2]
263	[12]
264	[11, 17]
265	[2, 13]
266	[5, 16]
267	[11]
268	[2, 5]
269	[2, 10]
270	[12]
271	[17]
272	[16]
273	[2, 10]
274	[6]
275	[4, 9]
276	[6]
277	[3, 8]
278	[6]
279	[6]
280	[12]
281	[2]
282	[2]
283	[4, 6]
284	[8]
285	[15]
286	[3]
287	[17]
288	[14]
289	[2, 10]
290	[2]
291	[2, 10]
292	[5]
293	[6]
294	[8]
295	[7]
296	[2]
297	[3, 8]
298	[7]
299	[14]
300	[2]
301	[16]
302	[15]
303	[2]
304	[15]
305	[12, 15]
306	[9]
307	[11]
308	[16]
309	[11]
310	[10]
311	[5]
312	[12]
313	[9]
314	[15]
315	[14]
316	[10]
317	[2, 13]
318	[2]
319	[7]
320	[2, 13]
321	[16]
322	[3]
323	[2, 5]
324	[6]
325	[17]
326	[3, 14]
327	[2]
328	[15, 16]
329	[5]
330	[6]
331	[2]
332	[16]
333	[17]
334	[11]
335	[15]
336	[4, 9]
337	[4]
338	[7, 11]
339	[17]
340	[14]
341	[13]
342	[3]
343	[4, 6]
344	[13]
345	[7]
346	[3, 14]
347	[2]
348	[4]
349	[2]
350	[17]
351	[2, 13]
352	[2, 13]
353	[6]
354	[7]
355	[7]
356	[6]
357	[10]
358	[3, 5]
359	[4, 6]
360	[12]
361	[2]
362	[15]
363	[9]
364	[5]
365	[2, 5]
366	[5]
367	[3, 15]
368	[10]
369	[2]
370	[2, 13]
371	[7]
372	[4]
373	[4, 6]
374	[2]
375	[8]
376	[4, 5]
377	[14]
378	[11]
379	[4]
380	[6]
381	[6]
382	[12]
383	[14]
384	[8]
385	[12, 15]
386	[3, 8]
387	[11]
388	[7, 11]
389	[4]
390	[2, 5]
391	[3, 8]
392	[6]
393	[2, 10]
394	[2]
395	[4]
396	[2]
397	[7]
398	[11]
399	[6]
400	[8]
401	[7]
402	[3, 8]
403	[7]
404	[12]
405	[6]
406	[17]
407	[6]
408	[15]
409	[4]
410	[5]
411	[2]
412	[16]
413	[2]
414	[2, 12]
415	[4, 6]
416	[15]
417	[14, 15]
418	[13]
419	[3, 5]
420	[10]
421	[3]
422	[8]
423	[7, 10]
424	[17]
425	[4]
426	[14]
427	[3]
428	[6]
429	[14]
430	[6]
431	[6]
432	[2]
433	[2]
434	[2, 7]
435	[3, 15]
436	[12, 16]
437	[3]
438	[9, 17]
439	[10]
440	[16]
441	[4]
442	[15, 16]
443	[6, 8]
444	[4, 17]
445	[7]
446	[12]
447	[2]
448	[4]
449	[4]
450	[2, 13]
451	[5]
452	[11]
453	[6, 9]
454	[11]
455	[9]
456	[6]
457	[5]
458	[3]
459	[2]
460	[2]
461	[13]
462	[5]
463	[3, 8]
464	[17]
465	[17]
466	[3, 5]
467	[7]
468	[2, 10]
469	[4]
470	[12, 16]
471	[9, 17]
472	[2]
473	[16]
474	[8]
475	[7, 11]
476	[3, 14]
477	[8]
478	[3]
479	[16]
480	[6, 8]
481	[2, 12]
482	[7, 10]
483	[3, 14]
484	[2, 13]
485	[9, 17]
486	[2, 13]
487	[2]
488	[4, 9]
489	[12]
490	[16]
491	[4]
492	[10]
493	[2, 12]
494	[6, 8]
495	[7]
496	[12]
497	[7]
498	[2]
499	[9, 17]
500	[14]
501	[3]
502	[9]
503	[3]
504	[5]
505	[17]
506	[14]
507	[2, 13]
508	[6]
509	[14]
510	[6]
511	[4]
512	[17]
513	[8]
514	[3]
515	[3, 8]
516	[3]
517	[2]
518	[10]
519	[8, 14]
520	[6]
521	[3, 5]
522	[3]
523	[4, 9]
524	[10]
525	[8]
526	[14]
527	[2]
528	[7, 11]
529	[2]
530	[5]
531	[8]
532	[5]
533	[4]
534	[2, 10]
535	[4]
536	[2]
537	[16]
538	[4]
539	[2]
540	[15]
541	[8]
542	[7, 11]
543	[2]
544	[3, 14]
545	[2]
546	[9]
547	[6]
548	[13]
549	[2]
550	[7]
551	[4, 6]
552	[11]
553	[5]
554	[6, 8]
555	[6]
556	[4]
557	[9]
558	[9]
559	[3, 14]
560	[16]
561	[14]
562	[2]
563	[3, 14]
564	[9, 17]
565	[7]
566	[5]
567	[3]
568	[13]
569	[17]
570	[3]
571	[13]
572	[5]
573	[14]
574	[9, 17]
575	[9]
576	[15]
577	[6]
578	[3, 14]
579	[5]
580	[6]
581	[2, 13]
582	[5]
583	[14]
584	[2, 10]
585	[2]
586	[7]
587	[16]
588	[14]
589	[6]
590	[11]
591	[5]
592	[2, 13]
593	[5]
594	[10, 11]
595	[2]
596	[2, 7]
597	[2]
598	[6]
599	[16]
600	[3]
601	[3, 14]
602	[4, 5]
603	[9]
604	[8]
605	[2, 10]
606	[2, 5]
607	[2]
608	[2, 10]
609	[2, 10]
610	[7]
611	[10]
612	[14]
613	[16]
614	[11, 17]
615	[10]
616	[3]
617	[10]
618	[9]
619	[4, 6]
620	[11]
621	[11]
622	[4, 5]
623	[4, 5]
624	[11]
625	[7]
626	[3]
627	[15]
628	[4, 9]
629	[8]
630	[12]
631	[3]
632	[3]
633	[2, 12]
634	[12]
635	[16]
636	[3, 8]
637	[2, 10]
638	[4, 5]
639	[2]
640	[12]
641	[10]
642	[12]
643	[2]
644	[2]
645	[2]
646	[2, 13]
647	[2, 13]
648	[4]
649	[3, 5]
650	[6]
651	[12]
652	[3, 15]
653	[4, 6]
654	[9]
655	[2]
656	[2]
657	[2]
658	[14]
659	[2]
660	[13]
661	[2, 5]
662	[13]
663	[9]
664	[12]
665	[2, 10]
666	[10]
667	[15]
668	[11]
669	[2, 13]
670	[12]
671	[14]
672	[2]
673	[2]
674	[4]
675	[8]
676	[5, 7]
677	[6]
678	[15]
679	[3, 8]
680	[2, 10]
681	[12, 16]
682	[2]
683	[3, 8]
684	[12]
685	[3, 15]
686	[3, 14]
687	[3, 8]
688	[2]
689	[16]
690	[15]
691	[4, 5]
692	[16]
693	[4, 7]
694	[5]
695	[2]
696	[2]
697	[4, 7]
698	[4]
699	[2]
700	[13]
701	[8]
702	[2, 12]
703	[5]
704	[4, 6]
705	[16]
706	[4]
707	[3]
708	[2]
709	[3]
710	[2]
711	[2]
712	[3, 14]
713	[3]
714	[2]
715	[12]
716	[5]
717	[15, 16]
718	[10]
719	[15]
720	[4]
721	[9]
722	[2]
723	[5]
724	[6]
725	[6]
726	[3, 8]
727	[3]
728	[16]
729	[15]
730	[6]
731	[16]
732	[17]
733	[3]
734	[2, 5]
735	[12]
736	[15]
737	[10]
738	[8]
739	[5]
740	[10]
741	[16]
742	[9]
743	[6]
744	[12]
745	[2, 10]
746	[2, 13]
747	[7]
748	[8]
749	[11]
750	[14]
751	[10]
752	[3, 8]
753	[3, 5]
754	[11]
755	[5]
756	[4]
757	[15]
758	[4]
759	[7]
760	[3, 5]
761	[3]
762	[6]
763	[10]
764	[12]
765	[3]
766	[6]
767	[2]
768	[2]
769	[3]
770	[6]
771	[8]
772	[2, 7]
773	[2]
774	[10]
775	[16]
776	[2]
777	[12]
778	[7]
779	[10]
780	[15]
781	[5]
782	[10]
783	[3, 5]
784	[6]
785	[13]
786	[6]
787	[15]
788	[3]
789	[3]
790	[7, 17]
791	[3, 8]
792	[14]
793	[13]
794	[4]
795	[2]
796	[10]
797	[2, 13]
798	[11]
799	[5]
800	[11, 17]
801	[2]
802	[17]
803	[2, 12]
804	[2]
805	[16]
806	[7, 11]
807	[13]
808	[5]
809	[9, 17]
810	[9]
811	[6]
812	[4, 6]
813	[2]
814	[12]
815	[7]
816	[11]
817	[4]
818	[17]
819	[6, 8]
820	[6]
821	[4, 9]
822	[4]
823	[2]
824	[7]
825	[13]
826	[4]
827	[2]
828	[7]
829	[8]
830	[3, 15]
831	[9]
832	[2]
833	[4, 9]
834	[5, 16]
835	[10]
836	[2]
837	[7]
838	[2, 13]
839	[2, 13]
840	[2]
841	[11]
842	[16]
843	[2, 5]
844	[4]
845	[3]
846	[14]
847	[7]
848	[11]
849	[6]
850	[15]
851	[2]
852	[16]
853	[8]
854	[5]
855	[2, 5]
856	[5]
857	[7, 11]
858	[6, 8]
859	[9]
860	[8]
861	[15]
862	[4]
863	[8]
864	[16]
865	[11]
866	[4, 6]
867	[8]
868	[12]
869	[14]
870	[6, 8]
871	[16]
872	[5]
873	[4]
874	[2]
875	[4, 6]
876	[14]
877	[5]
878	[4, 9]
879	[15]
880	[6]
881	[2]
882	[2, 13]
883	[3, 6]
884	[3]
885	[11]
886	[2, 13]
887	[10]
888	[2]
889	[4]
890	[16]
891	[8]
892	[8]
893	[2]
894	[9]
895	[4, 5]
896	[14]
897	[9]
898	[4]
899	[14]
900	[12, 15]
901	[11]
902	[5]
903	[2]
904	[12, 16]
905	[6]
906	[7]
907	[2]
908	[4]
909	[2]
910	[2, 10]
911	[8]
912	[11]
913	[9]
914	[13]
915	[7]
916	[17]
917	[12]
918	[14]
919	[12]
920	[8]
921	[3, 14]
922	[12]
923	[14]
924	[13]
925	[16]
926	[7]
927	[2]
928	[3, 5]
929	[9]
930	[17]
931	[3, 8]
932	[2]
933	[2, 13]
934	[10]
935	[9]
936	[8]
937	[11]
938	[3, 14]
939	[2, 13]
940	[7, 11]
941	[16]
942	[2]
943	[9]
944	[2]
945	[2]
946	[14]
947	[2, 13]
948	[14]
949	[15]
950	[2, 10]
951	[3]
952	[3]
953	[12]
954	[2, 5]
955	[2]
956	[11]
957	[3]
958	[15]
959	[15, 16]
960	[3]
961	[2]
962	[5]
963	[11]
964	[7, 11]
965	[11]
966	[7]
967	[4]
968	[3, 8]
969	[4]
970	[5]
971	[4]
972	[11]
973	[5]
974	[2]
975	[2, 10]
976	[5]
977	[2]
978	[2]
979	[5]
980	[4, 9]
981	[2]
982	[12]
983	[17]
984	[3]
985	[4, 9]
986	[2]
987	[2, 10]
988	[6]
989	[7]
990	[7]
991	[2]
992	[3]
993	[7]
994	[2, 10]
995	[17]
996	[9]
997	[2, 5]
998	[13]
999	[12]
1000	[5, 16]
