1	2
1	7
1	15
1	30
1	41
1	49
1	50
1	67
1	74
1	88
1	99
1	112
1	130
1	140
1	146
1	147
1	165
1	197
1	220
1	230
1	235
1	258
1	262
1	274
1	279
1	282
1	285
1	287
1	338
1	346
1	357
1	394
1	433
1	473
1	477
1	514
1	526
1	561
1	563
1	579
1	592
1	623
1	635
1	680
1	681
1	827
1	855
1	908
1	976
1	999
2	7
2	9
2	13
2	22
2	30
2	39
2	43
2	59
2	64
2	76
2	95
2	116
2	130
2	146
2	155
2	171
2	175
2	188
2	196
2	204
2	247
2	249
2	268
2	278
2	281
2	309
2	329
2	336
2	441
2	490
2	582
2	592
2	595
2	620
2	630
2	683
2	686
2	700
2	716
2	754
2	777
2	844
2	861
2	922
2	930
2	952
2	961
3	10
3	11
3	16
3	26
3	31
3	40
3	54
3	62
3	74
3	90
3	95
3	96
3	102
3	104
3	121
3	122
3	123
3	128
3	137
3	156
3	164
3	194
3	211
3	228
3	255
3	273
3	275
3	284
3	384
3	433
3	470
3	607
3	612
3	613
3	632
3	648
3	697
3	733
3	738
3	766
3	776
3	791
3	806
3	902
3	934
3	970
3	989
4	8
4	12
4	14
4	16
4	19
4	20
4	26
4	27
4	32
4	34
4	36
4	44
4	51
4	75
4	80
4	81
4	82
4	98
4	174
4	187
4	195
4	213
4	218
4	219
4	267
4	316
4	337
4	352
4	411
4	415
4	464
4	513
4	550
4	579
4	589
4	591
4	613
4	663
4	724
4	755
4	817
4	915
4	957
4	985
4	990
4	993
5	10
5	11
5	27
5	33
5	35
5	58
5	60
5	73
5	74
5	75
5	90
5	104
5	110
5	113
5	128
5	151
5	161
5	166
5	171
5	176
5	222
5	248
5	263
5	326
5	379
5	391
5	411
5	413
5	497
5	542
5	548
5	579
5	603
5	653
5	656
5	667
5	679
5	698
5	710
5	721
5	722
5	832
5	866
5	923
5	948
6	12
6	17
6	18
6	32
6	43
6	47
6	74
6	75
6	76
6	78
6	85
6	88
6	91
6	96
6	101
6	115
6	121
6	130
6	146
6	153
6	212
6	260
6	263
6	291
6	293
6	298
6	399
6	478
6	490
6	498
6	507
6	517
6	531
6	558
6	582
6	589
6	600
6	624
6	639
6	777
6	793
6	848
6	853
6	891
6	925
7	9
7	13
7	30
7	39
7	46
7	57
7	88
7	119
7	122
7	127
7	152
7	161
7	175
7	181
7	190
7	201
7	203
7	205
7	215
7	240
7	244
7	262
7	309
7	321
7	362
7	366
7	370
7	373
7	399
7	423
7	429
7	431
7	481
7	512
7	669
7	683
7	692
7	729
7	735
7	803
7	844
7	880
7	962
8	14
8	16
8	23
8	32
8	34
8	36
8	72
8	75
8	80
8	85
8	95
8	98
8	156
8	231
8	267
8	279
8	316
8	324
8	339
8	342
8	408
8	444
8	447
8	483
8	497
8	516
8	537
8	541
8	587
8	591
8	594
8	641
8	673
8	676
8	715
8	721
8	725
8	729
8	761
8	788
8	789
8	879
8	977
9	29
9	30
9	47
9	57
9	76
9	131
9	134
9	142
9	147
9	155
9	175
9	181
9	183
9	190
9	191
9	205
9	216
9	233
9	239
9	240
9	244
9	246
9	260
9	262
9	282
9	331
9	392
9	394
9	399
9	439
9	512
9	568
9	622
9	714
9	727
9	735
9	768
9	826
9	909
9	922
9	938
10	40
10	55
10	60
10	73
10	90
10	102
10	110
10	113
10	123
10	127
10	150
10	159
10	162
10	184
10	209
10	214
10	239
10	241
10	255
10	273
10	302
10	325
10	334
10	375
10	390
10	410
10	433
10	481
10	493
10	521
10	561
10	562
10	611
10	615
10	619
10	694
10	697
10	866
10	892
10	928
11	12
11	15
11	22
11	40
11	51
11	53
11	73
11	90
11	95
11	96
11	98
11	102
11	108
11	121
11	125
11	128
11	132
11	159
11	169
11	196
11	214
11	246
11	334
11	364
11	371
11	383
11	409
11	428
11	433
11	446
11	527
11	547
11	556
11	610
11	653
11	715
11	746
11	749
11	833
12	14
12	17
12	18
12	23
12	36
12	43
12	51
12	78
12	96
12	106
12	130
12	142
12	168
12	195
12	219
12	251
12	263
12	295
12	307
12	337
12	425
12	468
12	473
12	504
12	550
12	586
12	617
12	621
12	636
12	655
12	723
12	747
12	796
12	849
12	944
12	947
12	998
13	28
13	36
13	49
13	52
13	55
13	63
13	66
13	72
13	81
13	92
13	102
13	119
13	122
13	132
13	134
13	144
13	231
13	259
13	299
13	304
13	353
13	365
13	367
13	383
13	410
13	424
13	505
13	570
13	614
13	706
13	773
13	826
13	874
13	919
13	942
13	956
13	989
13	991
14	15
14	16
14	25
14	27
14	36
14	44
14	50
14	51
14	61
14	78
14	80
14	97
14	124
14	131
14	146
14	166
14	169
14	176
14	232
14	381
14	397
14	437
14	453
14	537
14	549
14	554
14	591
14	617
14	640
14	658
14	705
14	730
14	737
14	799
14	805
14	825
14	864
15	27
15	40
15	50
15	54
15	67
15	68
15	77
15	78
15	82
15	124
15	129
15	150
15	153
15	173
15	217
15	274
15	279
15	285
15	287
15	336
15	349
15	374
15	389
15	441
15	450
15	495
15	621
15	635
15	650
15	669
15	676
15	799
15	814
15	897
15	911
15	972
15	978
16	19
16	23
16	34
16	35
16	36
16	44
16	63
16	75
16	118
16	166
16	187
16	218
16	219
16	237
16	241
16	267
16	302
16	342
16	403
16	409
16	430
16	446
16	489
16	497
16	549
16	557
16	586
16	628
16	670
16	676
16	680
16	740
16	805
16	860
16	943
17	18
17	28
17	32
17	43
17	48
17	71
17	91
17	96
17	106
17	168
17	181
17	189
17	193
17	295
17	298
17	307
17	331
17	361
17	396
17	403
17	435
17	479
17	484
17	495
17	496
17	503
17	562
17	569
17	586
17	669
17	723
17	793
17	812
17	848
17	912
17	947
17	952
18	32
18	33
18	39
18	43
18	47
18	50
18	75
18	91
18	106
18	119
18	183
18	189
18	196
18	251
18	260
18	331
18	408
18	434
18	443
18	479
18	480
18	503
18	558
18	648
18	659
18	693
18	713
18	714
18	745
18	768
18	769
18	777
18	913
18	933
18	961
19	27
19	32
19	34
19	36
19	44
19	68
19	98
19	119
19	163
19	174
19	195
19	218
19	233
19	260
19	272
19	322
19	324
19	337
19	342
19	381
19	420
19	524
19	551
19	655
19	687
19	715
19	725
19	732
19	774
19	786
19	849
19	851
19	943
19	944
19	967
19	980
20	31
20	37
20	45
20	53
20	56
20	62
20	65
20	70
20	77
20	83
20	86
20	100
20	112
20	115
20	117
20	135
20	163
20	167
20	170
20	171
20	192
20	213
20	221
20	242
20	297
20	319
20	343
20	365
20	387
20	469
20	476
20	564
20	688
20	689
20	696
20	721
20	971
21	24
21	25
21	26
21	29
21	39
21	43
21	45
21	47
21	48
21	60
21	70
21	75
21	77
21	79
21	83
21	109
21	132
21	178
21	222
21	252
21	268
21	287
21	311
21	313
21	343
21	362
21	370
21	397
21	454
21	460
21	545
21	570
21	662
21	666
21	744
21	809
21	813
21	901
22	24
22	25
22	26
22	46
22	48
22	57
22	63
22	83
22	104
22	109
22	117
22	120
22	152
22	166
22	171
22	181
22	192
22	253
22	282
22	333
22	341
22	351
22	354
22	448
22	465
22	485
22	499
22	586
22	668
22	694
22	714
22	717
22	808
22	817
22	822
22	976
23	32
23	39
23	51
23	55
23	61
23	80
23	98
23	116
23	173
23	195
23	213
23	219
23	240
23	272
23	324
23	339
23	415
23	444
23	447
23	509
23	563
23	565
23	574
23	576
23	578
23	638
23	676
23	715
23	721
23	751
23	767
23	849
23	860
23	878
23	905
24	25
24	26
24	29
24	43
24	46
24	57
24	63
24	69
24	83
24	90
24	105
24	109
24	117
24	171
24	181
24	191
24	204
24	233
24	269
24	330
24	333
24	344
24	442
24	499
24	523
24	550
24	583
24	604
24	675
24	702
24	762
24	770
24	831
24	927
24	949
25	26
25	48
25	62
25	69
25	74
25	79
25	103
25	105
25	120
25	151
25	158
25	181
25	222
25	226
25	263
25	320
25	333
25	397
25	438
25	439
25	461
25	509
25	532
25	572
25	593
25	609
25	641
25	668
25	718
25	770
25	928
25	963
25	985
26	46
26	57
26	63
26	83
26	89
26	103
26	109
26	185
26	240
26	241
26	268
26	297
26	333
26	446
26	465
26	499
26	509
26	510
26	515
26	528
26	590
26	637
26	666
26	718
26	732
26	850
26	938
26	953
26	962
26	971
26	985
27	28
27	33
27	34
27	35
27	38
27	44
27	54
27	68
27	80
27	101
27	124
27	128
27	129
27	144
27	148
27	154
27	222
27	236
27	324
27	336
27	380
27	416
27	446
27	491
27	502
27	520
27	599
27	619
27	636
27	747
27	761
27	939
28	38
28	46
28	48
28	49
28	52
28	66
28	73
28	80
28	83
28	85
28	87
28	99
28	101
28	120
28	156
28	165
28	199
28	234
28	256
28	300
28	341
28	401
28	416
28	427
28	440
28	500
28	571
28	629
28	665
28	682
28	731
28	760
28	790
28	797
29	41
29	42
29	70
29	85
29	87
29	94
29	133
29	161
29	192
29	197
29	240
29	305
29	310
29	335
29	387
29	421
29	449
29	469
29	472
29	482
29	508
29	545
29	555
29	633
29	708
29	712
29	724
29	783
29	818
29	855
29	920
29	937
29	997
30	39
30	54
30	66
30	112
30	116
30	127
30	132
30	145
30	155
30	175
30	181
30	188
30	189
30	190
30	226
30	230
30	244
30	247
30	262
30	268
30	281
30	282
30	329
30	345
30	431
30	441
30	448
30	455
30	565
30	768
30	841
30	886
31	41
31	45
31	50
31	53
31	56
31	69
31	103
31	138
31	165
31	168
31	253
31	264
31	277
31	292
31	364
31	372
31	445
31	460
31	466
31	469
31	475
31	510
31	534
31	605
31	708
31	750
31	808
31	848
31	854
31	887
31	894
31	905
31	913
31	995
32	44
32	47
32	91
32	159
32	174
32	183
32	189
32	195
32	206
32	219
32	232
32	307
32	312
32	334
32	420
32	457
32	466
32	496
32	506
32	552
32	574
32	659
32	672
32	673
32	747
32	803
32	883
32	961
32	983
33	39
33	50
33	67
33	68
33	107
33	124
33	129
33	178
33	189
33	212
33	217
33	227
33	270
33	280
33	347
33	369
33	384
33	489
33	493
33	536
33	548
33	608
33	647
33	660
33	731
33	737
33	791
33	798
33	844
33	882
33	948
33	988
34	54
34	98
34	109
34	128
34	174
34	175
34	206
34	260
34	267
34	276
34	325
34	408
34	436
34	439
34	468
34	513
34	524
34	578
34	587
34	589
34	593
34	597
34	720
34	729
34	740
34	758
34	891
34	982
34	983
35	44
35	60
35	64
35	80
35	105
35	118
35	166
35	187
35	206
35	219
35	258
35	290
35	346
35	367
35	413
35	446
35	447
35	468
35	520
35	597
35	617
35	679
35	722
35	726
35	770
35	774
35	829
35	891
35	930
35	969
36	44
36	118
36	149
36	156
36	174
36	176
36	195
36	294
36	304
36	316
36	342
36	437
36	494
36	566
36	593
36	594
36	640
36	655
36	663
36	676
36	736
36	751
36	840
36	847
37	45
37	53
37	56
37	71
37	77
37	123
37	126
37	169
37	253
37	284
37	292
37	303
37	318
37	348
37	354
37	365
37	412
37	485
37	528
37	566
37	572
37	600
37	642
37	677
37	688
37	718
37	772
37	778
37	815
37	863
38	41
38	42
38	50
38	79
38	83
38	85
38	87
38	94
38	101
38	103
38	136
38	145
38	156
38	207
38	223
38	301
38	305
38	322
38	363
38	376
38	388
38	452
38	504
38	643
38	709
38	819
38	894
38	916
39	57
39	59
39	74
39	78
39	88
39	107
39	108
39	123
39	134
39	188
39	190
39	216
39	227
39	283
39	431
39	477
39	531
39	536
39	690
39	700
39	711
39	739
39	950
40	58
40	73
40	81
40	102
40	123
40	141
40	176
40	184
40	214
40	250
40	255
40	264
40	268
40	310
40	327
40	391
40	409
40	440
40	493
40	539
40	787
40	824
40	866
40	923
40	946
40	948
41	70
41	76
41	94
41	107
41	133
41	161
41	167
41	215
41	318
41	323
41	387
41	469
41	487
41	502
41	508
41	555
41	616
41	661
41	696
41	790
41	818
41	834
41	843
41	857
41	984
42	60
42	93
42	111
42	151
42	161
42	179
42	184
42	261
42	301
42	335
42	373
42	376
42	398
42	475
42	487
42	504
42	623
42	779
42	781
42	783
42	857
42	875
42	877
42	889
42	893
42	964
42	986
43	168
43	183
43	196
43	250
43	257
43	279
43	314
43	324
43	331
43	346
43	358
43	434
43	480
43	484
43	517
43	565
43	586
43	713
43	887
43	933
43	947
43	952
44	49
44	61
44	75
44	80
44	97
44	166
44	174
44	195
44	205
44	267
44	347
44	392
44	437
44	494
44	506
44	511
44	695
44	752
44	825
44	888
44	938
45	50
45	53
45	56
45	69
45	77
45	100
45	164
45	221
45	300
45	307
45	318
45	322
45	379
45	522
45	582
45	688
45	694
45	703
45	734
45	743
45	863
45	871
45	899
45	976
45	995
46	48
46	59
46	63
46	105
46	134
46	229
46	233
46	264
46	281
46	295
46	328
46	370
46	377
46	431
46	461
46	485
46	523
46	563
46	675
46	702
46	865
46	889
46	981
46	994
47	57
47	78
47	91
47	106
47	127
47	201
47	204
47	226
47	240
47	258
47	321
47	328
47	441
47	445
47	457
47	478
47	479
47	536
47	561
47	606
47	870
47	898
47	899
48	58
48	63
48	69
48	120
48	128
48	158
48	179
48	194
48	215
48	226
48	229
48	253
48	328
48	333
48	344
48	375
48	384
48	424
48	666
48	678
48	807
48	822
49	62
49	90
49	102
49	132
49	137
49	139
49	144
49	177
49	182
49	211
49	231
49	248
49	273
49	276
49	404
49	455
49	610
49	614
49	649
49	707
49	764
49	868
49	986
50	68
50	71
50	72
50	92
50	124
50	140
50	173
50	269
50	286
50	389
50	420
50	464
50	689
50	746
50	805
50	946
50	955
50	967
50	973
51	61
51	74
51	82
51	88
51	166
51	173
51	193
51	206
51	236
51	260
51	280
51	342
51	417
51	430
51	456
51	464
51	594
51	628
51	680
51	695
51	812
51	844
52	62
52	85
52	92
52	93
52	114
52	138
52	199
52	242
52	245
52	259
52	265
52	291
52	304
52	368
52	376
52	409
52	440
52	446
52	456
52	651
52	664
52	738
52	769
52	903
52	966
53	56
53	83
53	90
53	109
53	167
53	192
53	242
53	250
53	264
53	301
53	330
53	387
53	518
53	528
53	601
53	681
53	690
53	821
53	839
53	845
53	899
53	929
54	58
54	60
54	190
54	213
54	228
54	255
54	303
54	364
54	373
54	382
54	406
54	407
54	413
54	418
54	459
54	467
54	559
54	627
54	656
54	931
54	969
55	62
55	81
55	121
55	125
55	128
55	135
55	150
55	172
55	238
55	249
55	404
55	450
55	561
55	639
55	652
55	687
55	694
55	707
55	731
55	752
55	794
55	908
55	970
56	94
56	109
56	117
56	126
56	163
56	167
56	196
56	235
56	238
56	242
56	354
56	421
56	572
56	619
56	642
56	685
56	701
56	734
56	735
56	801
56	963
57	87
57	116
57	158
57	185
57	191
57	207
57	240
57	249
57	262
57	287
57	329
57	377
57	435
57	624
57	654
57	683
57	714
57	752
57	874
58	66
58	79
58	90
58	95
58	113
58	150
58	194
58	212
58	228
58	250
58	306
58	310
58	314
58	332
58	337
58	342
58	403
58	412
58	489
58	566
58	581
58	945
59	82
59	89
59	130
59	185
59	190
59	203
59	205
59	282
59	329
59	336
59	361
59	397
59	437
59	451
59	471
59	595
59	604
59	637
59	759
59	841
59	867
59	977
60	90
60	148
60	150
60	153
60	213
60	374
60	404
60	421
60	550
60	619
60	627
60	653
60	760
60	786
60	831
60	923
60	928
60	936
60	948
61	74
61	92
61	110
61	152
61	210
61	230
61	237
61	257
61	293
61	302
61	324
61	369
61	478
61	560
61	569
61	617
61	635
61	650
61	772
61	851
61	987
62	71
62	73
62	81
62	113
62	122
62	140
62	273
62	332
62	367
62	533
62	602
62	611
62	626
62	733
62	810
62	824
62	839
62	954
62	981
63	69
63	79
63	109
63	117
63	121
63	147
63	181
63	319
63	345
63	354
63	397
63	442
63	523
63	524
63	526
63	590
63	668
63	991
64	66
64	71
64	86
64	87
64	96
64	108
64	123
64	152
64	269
64	270
64	288
64	345
64	348
64	371
64	386
64	432
64	537
64	543
64	601
64	694
64	737
64	799
64	930
65	73
65	90
65	100
65	118
65	154
65	186
65	202
65	225
65	301
65	349
65	350
65	359
65	414
65	483
65	525
65	645
65	674
65	684
65	757
65	850
65	910
65	940
65	965
65	968
66	72
66	81
66	122
66	139
66	256
66	309
66	332
66	340
66	341
66	368
66	412
66	417
66	463
66	467
66	515
66	665
66	806
66	892
66	971
67	76
67	88
67	97
67	99
67	135
67	155
67	158
67	186
67	338
67	366
67	370
67	473
67	516
67	537
67	541
67	567
67	631
67	807
67	824
67	856
67	918
68	98
68	99
68	118
68	129
68	133
68	155
68	178
68	184
68	193
68	258
68	316
68	470
68	613
68	691
68	762
68	767
68	813
68	973
69	109
69	117
69	146
69	176
69	179
69	185
69	319
69	344
69	445
69	465
69	573
69	576
69	605
69	775
69	811
69	821
69	964
70	101
70	108
70	119
70	125
70	133
70	198
70	202
70	207
70	314
70	348
70	359
70	476
70	523
70	555
70	616
70	691
70	763
70	794
70	835
71	128
71	131
71	178
71	210
71	217
71	221
71	234
71	236
71	246
71	270
71	280
71	408
71	477
71	544
71	605
71	805
71	897
71	990
72	73
72	81
72	137
72	162
72	164
72	241
72	272
72	364
72	378
72	379
72	467
72	521
72	549
72	652
72	894
72	914
72	931
72	983
72	988
73	83
73	135
73	217
73	284
73	289
73	316
73	378
73	395
73	403
73	527
73	547
73	660
73	787
73	831
74	76
74	78
74	149
74	183
74	230
74	293
74	309
74	487
74	523
74	548
74	624
74	764
74	769
74	814
75	83
75	106
75	168
75	187
75	204
75	307
75	315
75	580
75	606
75	659
75	828
75	839
75	848
75	851
76	78
76	88
76	115
76	130
76	137
76	140
76	147
76	149
76	153
76	193
76	228
76	237
76	275
76	441
76	548
76	637
77	117
77	154
77	221
77	264
77	343
77	362
77	365
77	454
77	569
77	595
77	701
77	748
77	899
77	901
77	963
77	979
78	82
78	88
78	107
78	147
78	184
78	190
78	249
78	265
78	635
78	777
78	852
78	870
78	896
79	89
79	105
79	152
79	199
79	222
79	229
79	328
79	338
79	424
79	454
79	461
79	623
79	654
79	693
79	717
79	865
80	91
80	172
80	182
80	218
80	221
80	302
80	313
80	314
80	530
80	784
80	788
80	858
80	959
81	93
81	104
81	108
81	121
81	128
81	139
81	209
81	254
81	273
81	286
81	306
81	481
81	489
81	662
82	97
82	140
82	141
82	188
82	204
82	230
82	238
82	293
82	369
82	400
82	582
82	723
82	764
82	767
82	834
82	898
83	105
83	137
83	143
83	191
83	281
83	300
83	463
83	573
83	662
83	932
83	965
84	86
84	97
84	157
84	198
84	252
84	312
84	376
84	400
84	451
84	455
84	474
84	486
84	519
84	552
84	672
84	779
84	881
84	885
84	895
84	927
84	989
85	87
85	92
85	142
85	143
85	150
85	189
85	207
85	208
85	209
85	245
85	265
85	603
85	710
85	804
85	843
86	125
86	126
86	163
86	238
86	252
86	266
86	326
86	405
86	458
86	522
86	601
86	605
86	606
86	696
86	826
86	846
86	848
86	933
87	92
87	99
87	119
87	136
87	223
87	265
87	266
87	334
87	348
87	357
87	375
87	518
87	837
87	893
88	89
88	140
88	216
88	249
88	426
88	480
88	622
88	690
88	696
88	716
88	754
88	795
89	105
89	108
89	117
89	120
89	127
89	152
89	185
89	362
89	363
89	485
89	528
89	570
89	666
89	732
89	745
89	817
90	113
90	123
90	135
90	159
90	259
90	289
90	310
90	444
90	467
90	547
91	129
91	168
91	239
91	251
91	295
91	307
91	360
91	369
91	447
91	478
91	580
91	599
91	880
91	922
92	108
92	122
92	124
92	157
92	172
92	209
92	265
92	543
92	598
92	682
92	886
92	975
92	984
92	988
93	111
93	138
93	160
93	283
93	317
93	373
93	412
93	427
93	428
93	474
93	585
93	683
93	711
93	775
93	885
93	941
94	161
94	261
94	305
94	449
94	458
94	460
94	472
94	607
94	616
94	661
94	818
94	873
94	888
94	970
94	975
95	164
95	250
95	254
95	289
95	391
95	410
95	495
95	527
95	602
95	610
95	697
95	900
95	924
95	996
96	113
96	123
96	156
96	164
96	194
96	220
96	265
96	308
96	432
96	671
96	687
96	741
96	954
97	113
97	141
97	158
97	190
97	197
97	279
97	414
97	471
97	514
97	567
97	604
97	739
97	759
97	959
98	109
98	258
98	272
98	352
98	381
98	388
98	507
98	613
98	751
98	832
98	973
98	993
99	101
99	271
99	401
99	402
99	413
99	414
99	416
99	632
99	642
99	731
99	889
99	902
99	926
99	935
100	102
100	186
100	192
100	225
100	277
100	301
100	346
100	378
100	402
100	476
100	502
100	533
100	657
100	785
100	910
101	265
101	350
101	357
101	375
101	452
101	473
101	490
101	545
101	665
101	837
101	965
101	980
102	180
102	284
102	334
102	410
102	481
102	493
102	611
102	706
102	776
102	791
102	894
103	152
103	171
103	221
103	229
103	281
103	503
103	584
103	607
103	666
103	668
103	714
103	850
103	859
103	965
104	159
104	170
104	172
104	182
104	391
104	418
104	548
104	561
104	588
104	649
104	706
104	721
104	783
104	868
105	109
105	120
105	173
105	292
105	345
105	570
105	584
105	623
105	788
105	836
105	963
106	203
106	251
106	260
106	314
106	488
106	517
106	535
106	595
106	812
106	853
106	912
106	961
106	997
107	115
107	129
107	131
107	142
107	220
107	225
107	227
107	286
107	314
107	393
107	458
107	673
107	758
107	967
108	113
108	120
108	259
108	280
108	348
108	355
108	367
108	404
108	560
108	830
108	881
109	117
109	264
109	268
109	359
109	662
109	723
110	116
110	118
110	232
110	318
110	339
110	380
110	382
110	411
110	446
110	611
110	734
110	866
110	969
110	982
111	135
111	138
111	151
111	164
111	199
111	224
111	242
111	312
111	315
111	426
111	451
111	488
111	491
111	501
111	610
112	154
112	313
112	318
112	401
112	460
112	465
112	525
112	546
112	623
112	649
112	674
112	861
112	968
112	976
113	159
113	349
113	398
113	495
113	631
113	741
113	862
113	914
113	981
114	143
114	157
114	160
114	162
114	208
114	315
114	351
114	499
114	500
114	535
114	571
114	664
114	750
114	823
114	842
114	989
115	140
115	170
115	181
115	201
115	492
115	630
115	663
115	780
115	792
115	837
115	918
115	944
115	978
116	183
116	196
116	203
116	244
116	296
116	397
116	693
116	739
116	907
116	932
116	978
116	991
117	134
117	233
117	405
117	575
117	590
117	629
117	682
117	994
118	182
118	258
118	340
118	416
118	520
118	628
118	641
118	842
118	903
118	977
119	165
119	207
119	234
119	366
119	375
119	386
119	672
119	786
119	796
119	830
120	197
120	229
120	293
120	465
120	510
120	686
120	744
120	801
120	908
121	123
121	200
121	203
121	332
121	404
121	667
121	733
121	738
121	765
121	806
122	209
122	250
122	353
122	405
122	495
122	496
122	591
122	639
122	941
122	945
123	214
123	298
123	392
123	406
123	631
123	876
123	954
124	129
124	232
124	269
124	316
124	453
124	537
124	573
124	746
124	926
125	209
125	243
125	406
125	418
125	542
125	694
125	726
125	743
125	796
125	869
125	992
126	224
126	238
126	252
126	288
126	303
126	372
126	405
126	564
126	821
126	828
126	846
126	936
127	175
127	183
127	185
127	203
127	240
127	244
127	328
127	370
127	445
127	526
128	280
128	337
128	499
128	520
128	626
128	939
129	173
129	200
129	227
129	389
129	660
129	728
129	737
129	774
130	148
130	309
130	393
130	424
130	467
130	517
130	827
130	831
130	898
131	136
131	146
131	150
131	208
131	217
131	232
131	246
131	269
131	286
131	489
131	784
132	185
132	199
132	256
132	276
132	310
132	500
132	505
132	538
132	575
132	869
133	220
133	288
133	425
133	452
133	533
133	571
133	753
133	818
133	819
133	854
133	889
134	175
134	179
134	235
134	264
134	328
134	348
134	361
134	443
134	528
134	637
135	137
135	159
135	172
135	228
135	255
135	455
135	556
135	862
135	934
136	140
136	142
136	259
136	270
136	316
136	335
136	422
136	482
136	517
136	705
136	748
136	820
137	144
137	172
137	184
137	354
137	388
137	521
137	706
137	868
137	934
138	162
138	257
138	323
138	356
138	368
138	391
138	629
138	648
138	664
138	878
138	987
139	180
139	229
139	271
139	283
139	284
139	303
139	304
139	403
139	407
139	566
139	627
139	752
140	149
140	490
140	592
140	622
140	708
140	803
141	157
141	168
141	220
141	336
141	393
141	466
141	541
141	669
141	785
141	798
141	837
142	200
142	294
142	348
142	366
142	390
142	477
142	565
142	731
142	929
143	160
143	165
143	267
143	317
143	341
143	404
143	419
143	426
143	488
143	741
143	964
144	164
144	184
144	259
144	392
144	395
144	527
144	562
144	634
144	792
144	843
145	238
145	252
145	326
145	372
145	466
145	498
145	564
145	643
145	700
145	780
145	854
145	975
146	153
146	263
146	369
146	389
146	456
146	539
146	716
146	798
147	215
147	244
147	279
147	287
147	321
147	323
147	429
147	512
147	541
148	193
148	246
148	302
148	557
148	745
148	774
148	776
148	814
148	870
148	915
148	990
149	155
149	201
149	212
149	393
149	452
149	471
149	658
149	681
149	701
149	706
150	159
150	248
150	278
150	410
150	418
150	727
150	876
151	162
151	194
151	224
151	349
151	474
151	782
151	842
151	877
151	947
151	995
152	179
152	196
152	275
152	282
152	442
152	816
152	822
153	259
153	301
153	361
153	405
153	645
153	660
153	754
153	792
153	861
154	235
154	271
154	296
154	297
154	346
154	387
154	437
154	494
154	567
154	709
155	193
155	204
155	247
155	275
155	322
155	559
155	803
155	978
156	254
156	273
156	371
156	398
156	614
156	697
156	727
157	170
157	180
157	191
157	353
157	392
157	486
157	603
157	771
157	971
158	197
158	202
158	250
158	320
158	461
158	563
158	649
158	869
159	318
159	325
159	698
159	823
159	981
160	162
160	198
160	331
160	412
160	451
160	529
160	661
160	771
160	821
160	999
161	167
161	239
161	301
161	363
161	709
161	857
161	913
162	198
162	330
162	387
162	419
162	462
162	664
162	937
163	233
163	243
163	277
163	359
163	438
163	600
163	691
163	826
163	855
164	200
164	211
164	243
164	290
164	432
164	505
165	177
165	319
165	445
165	500
165	563
165	596
165	647
165	760
166	430
166	447
166	459
166	483
166	591
166	944
167	326
167	365
167	458
167	555
167	573
167	627
167	711
167	800
168	331
168	339
168	385
168	524
168	758
168	887
169	192
169	225
169	253
169	261
169	271
169	354
169	355
169	644
169	921
169	940
170	208
170	292
170	351
170	409
170	426
170	432
170	712
170	775
170	895
171	188
171	197
171	239
171	509
171	609
171	816
171	820
172	243
172	248
172	284
172	398
172	455
172	481
172	766
173	206
173	218
173	253
173	269
173	288
173	420
173	483
174	187
174	342
174	361
174	425
174	530
174	569
174	872
175	179
175	192
175	239
175	286
175	311
175	909
176	182
176	382
176	444
176	592
176	749
176	860
176	931
177	183
177	202
177	353
177	603
177	704
177	752
177	793
177	838
177	900
177	931
178	220
178	223
178	347
178	489
178	600
178	687
178	689
178	908
179	328
179	431
179	461
179	732
179	778
179	863
180	278
180	395
180	407
180	432
180	527
180	556
180	839
180	846
180	992
181	278
181	692
181	836
182	210
182	327
182	379
182	786
182	794
182	813
182	858
183	332
183	423
183	498
183	950
184	243
184	862
184	911
184	924
184	998
185	320
185	397
185	492
185	532
185	991
186	223
186	293
186	350
186	525
186	537
186	604
186	645
186	785
186	932
187	291
187	516
187	524
187	599
187	614
187	851
187	939
188	235
188	257
188	320
188	329
188	486
188	794
188	871
189	239
189	358
189	391
189	503
189	713
189	769
190	216
190	268
190	441
190	583
191	215
191	239
191	249
191	442
191	494
191	816
191	870
192	242
192	297
192	323
192	508
192	780
193	197
193	309
193	329
193	435
193	827
193	967
194	211
194	214
194	367
194	544
194	602
194	743
194	954
195	426
195	471
195	638
195	879
195	973
196	244
196	358
196	582
196	609
196	671
197	338
197	344
197	473
197	499
197	976
198	265
198	323
198	330
198	419
198	462
198	782
198	790
198	897
199	245
199	395
199	419
199	428
199	528
199	539
199	665
200	221
200	371
200	436
200	442
200	585
200	681
200	797
200	833
201	205
201	220
201	434
201	567
201	654
201	699
201	736
201	759
202	223
202	253
202	402
202	588
202	592
202	674
202	856
202	891
203	222
203	275
203	346
203	490
203	514
203	755
204	215
204	262
204	403
204	423
204	630
204	856
205	244
205	296
205	320
205	337
205	540
205	568
205	974
206	272
206	574
206	736
206	919
206	927
206	993
207	234
207	294
207	366
207	388
207	422
207	974
208	349
208	419
208	451
208	479
208	491
208	521
208	830
209	299
209	398
209	427
209	653
209	951
210	218
210	232
210	264
210	302
210	530
210	579
210	730
210	751
211	223
211	278
211	364
211	395
211	520
211	602
211	693
212	299
212	366
212	371
212	417
212	580
212	748
212	953
213	260
213	340
213	431
213	506
213	650
213	831
214	313
214	357
214	408
214	495
214	521
214	672
215	249
215	336
215	450
215	664
215	762
216	247
216	321
216	536
216	556
216	896
216	938
216	956
217	286
217	371
217	408
217	530
217	574
217	884
218	515
218	549
218	689
218	884
218	897
219	272
219	305
219	324
219	369
219	507
220	235
220	473
220	820
220	988
221	304
221	572
221	703
221	718
222	343
222	515
222	546
222	609
222	625
223	234
223	432
223	571
223	798
223	999
224	251
224	409
224	486
224	519
224	775
224	781
224	878
224	966
225	430
225	477
225	518
225	525
225	709
225	910
225	920
226	247
226	248
226	409
226	531
226	584
226	850
226	882
227	270
227	285
227	350
227	386
227	389
227	705
227	820
228	241
228	248
228	559
228	593
228	634
228	652
229	509
229	570
229	699
229	717
229	836
230	233
230	273
230	361
230	382
230	399
230	861
231	248
231	297
231	367
231	406
231	562
231	627
231	628
231	1000
232	358
232	444
232	557
232	873
232	955
233	281
233	344
233	675
233	714
234	290
234	375
234	412
234	488
234	710
234	773
235	237
235	355
235	414
235	450
235	507
236	320
236	339
236	374
236	422
236	470
236	560
236	840
236	887
237	484
237	630
237	635
237	636
237	767
237	809
237	915
238	266
238	365
238	733
238	834
238	913
239	251
239	302
239	492
240	262
240	281
240	512
241	276
241	370
241	406
241	433
241	566
241	953
242	277
242	402
242	554
242	605
242	854
243	455
243	521
243	738
243	810
243	914
243	934
244	309
244	356
244	909
245	266
245	488
245	539
245	543
245	629
245	699
245	811
246	278
246	285
246	470
246	489
246	728
247	282
247	283
247	358
247	431
247	716
248	374
248	386
248	627
249	448
249	551
249	739
250	299
250	303
250	493
251	283
251	456
251	717
251	852
252	319
252	454
252	526
252	850
252	901
253	703
253	772
253	877
254	265
254	440
254	702
254	779
254	873
254	876
254	903
255	295
255	327
255	649
255	924
255	994
256	294
256	326
256	427
256	491
256	608
256	648
256	904
257	372
257	480
257	749
257	755
257	814
257	959
258	324
258	384
258	756
258	969
259	310
259	467
259	666
260	758
260	859
261	301
261	604
261	632
261	645
261	674
261	684
261	712
262	314
262	329
262	916
263	283
263	323
263	385
263	630
263	713
264	345
264	826
265	501
266	335
266	601
266	633
266	783
266	836
266	920
267	321
267	430
267	560
267	867
268	448
268	518
268	923
269	464
269	470
269	658
269	687
270	638
270	753
270	886
270	909
270	935
271	363
271	401
271	538
271	644
271	677
271	772
272	501
272	589
272	655
272	978
273	685
273	725
273	1000
274	275
274	359
274	565
274	621
274	686
274	693
274	856
274	999
275	536
275	569
275	684
275	754
276	308
276	527
276	575
276	610
276	626
276	892
277	288
277	436
277	438
277	612
277	688
277	763
278	332
278	390
278	602
278	910
279	334
279	490
279	853
279	898
280	300
280	392
280	482
280	539
280	634
281	452
281	526
281	990
282	336
282	742
282	880
283	361
283	385
283	517
283	912
284	391
284	562
284	656
284	791
285	315
285	408
285	658
285	820
285	917
285	957
286	306
286	417
286	728
286	818
287	329
287	637
287	654
287	742
287	918
288	292
288	360
288	421
288	917
288	968
289	378
289	453
289	595
289	720
289	749
289	923
290	313
290	342
290	381
290	468
290	756
290	897
291	486
291	535
291	761
291	779
291	877
291	951
292	360
292	387
292	458
292	846
293	484
293	580
293	699
294	482
294	552
294	576
294	771
294	841
295	331
295	498
295	558
295	947
296	329
296	411
296	503
296	569
296	922
296	968
297	563
297	600
297	677
297	949
298	307
298	396
298	474
298	484
298	912
298	959
299	304
299	308
299	467
299	766
299	937
300	434
300	590
300	608
300	645
300	815
301	350
302	919
302	993
303	383
303	588
303	787
303	992
304	454
304	629
304	945
305	554
305	581
305	701
305	734
305	838
306	338
306	453
306	671
306	719
306	726
306	957
307	443
307	757
308	351
308	367
308	413
308	561
308	799
308	881
309	471
309	793
310	646
310	879
310	896
311	343
311	405
311	454
311	554
311	601
311	625
311	827
312	350
312	351
312	376
312	435
312	529
312	881
313	463
313	724
313	740
313	906
314	345
314	663
315	428
315	501
315	552
315	577
315	773
316	887
316	946
317	414
317	501
317	598
317	664
317	727
317	903
317	941
318	449
318	466
318	823
319	344
319	534
319	609
319	808
320	423
320	564
320	678
321	345
321	439
321	572
321	974
322	553
322	608
322	618
322	913
322	949
323	330
323	553
323	691
324	545
325	352
325	420
325	433
325	448
325	594
325	719
326	481
326	555
326	917
326	949
327	415
327	440
327	549
327	641
327	722
327	955
328	534
328	686
330	373
330	773
330	790
330	885
331	538
331	925
332	511
332	539
332	868
333	509
333	568
333	623
333	770
334	492
334	578
334	833
335	438
335	711
335	889
335	916
335	983
336	660
336	865
337	379
337	511
337	540
338	359
338	401
338	825
338	927
339	516
339	703
339	728
339	740
340	379
340	406
340	425
340	444
340	744
340	919
341	391
341	596
341	646
341	875
341	956
342	993
343	763
343	859
343	902
343	962
344	583
344	690
344	829
345	394
345	515
346	402
346	533
346	677
347	381
347	417
347	459
347	709
347	963
347	972
348	375
348	482
349	383
349	895
349	941
349	998
350	576
350	632
350	647
351	419
351	530
351	892
351	942
352	374
352	399
352	494
352	670
352	707
352	867
353	376
353	400
353	427
353	462
353	960
354	362
354	564
354	644
355	441
355	684
355	753
355	757
355	860
356	409
356	475
356	504
356	519
356	553
356	937
357	543
357	683
357	890
357	935
358	385
358	536
358	606
359	675
359	681
360	396
360	625
360	642
360	932
360	986
361	620
362	372
362	445
362	584
363	585
363	708
363	729
363	921
364	527
364	540
364	804
365	618
365	685
366	433
366	951
367	486
368	500
368	648
368	707
368	768
368	1000
369	479
369	496
370	514
370	951
371	449
371	804
372	454
372	531
372	845
373	488
373	491
373	504
374	413
374	459
374	542
375	388
376	658
376	842
377	394
377	469
377	572
377	659
377	690
377	847
378	495
378	631
378	907
378	953
379	380
379	480
380	404
380	494
380	559
380	615
380	794
381	558
381	712
381	725
382	529
382	579
382	784
382	869
383	652
383	704
383	736
383	890
384	589
384	824
384	948
384	960
385	478
385	606
385	852
385	962
386	502
386	682
386	750
386	760
387	606
388	797
388	830
388	884
389	478
389	604
389	687
390	410
390	493
390	566
390	743
390	945
392	577
392	741
393	462
393	557
393	710
393	778
394	435
394	512
394	701
394	974
395	455
395	556
395	670
396	434
396	580
396	585
396	883
396	907
397	452
398	562
398	646
398	951
399	429
399	450
399	659
400	428
400	432
400	547
400	835
400	838
401	447
401	614
401	632
402	450
402	797
402	800
403	839
403	904
404	493
405	534
405	979
406	915
406	960
407	547
407	578
407	593
407	678
407	892
408	813
410	556
410	911
411	447
411	689
411	698
411	939
412	501
412	996
413	730
413	858
414	592
414	645
414	855
415	437
415	516
415	615
415	619
415	882
416	422
416	508
416	633
416	937
417	511
417	541
417	957
418	713
418	718
418	787
418	928
419	558
419	823
420	506
420	511
420	739
421	469
421	476
421	910
421	965
422	502
422	598
422	835
422	876
423	634
423	636
423	699
423	841
424	502
424	635
424	795
424	855
425	587
425	613
425	640
425	715
426	505
426	890
426	925
427	429
427	575
427	782
428	651
428	781
428	811
429	434
429	692
429	716
429	952
430	513
430	550
430	680
431	514
432	481
433	879
434	568
434	992
435	567
435	617
435	692
436	550
436	567
436	749
436	824
436	982
437	597
437	720
438	510
438	554
438	657
438	958
439	573
439	882
439	918
440	539
440	924
442	532
442	732
443	456
443	568
443	637
443	755
444	730
445	643
448	590
448	866
449	546
449	618
449	929
450	844
451	624
451	711
452	660
453	513
453	612
453	895
456	464
456	870
457	498
457	548
457	621
457	759
457	919
458	661
458	964
459	551
459	638
459	901
460	528
460	674
460	685
461	509
461	806
462	535
462	874
462	893
463	560
463	621
463	888
463	977
464	472
464	531
465	770
465	809
466	475
466	703
468	549
468	593
468	702
469	811
470	677
470	819
471	620
471	632
472	504
472	657
472	810
472	815
473	700
474	500
474	555
474	890
475	659
475	781
475	800
476	581
476	622
476	785
477	571
477	950
478	507
479	517
479	933
480	558
480	559
482	679
482	765
483	788
483	858
483	905
484	655
484	935
485	678
485	744
485	927
486	771
487	596
487	611
487	815
487	893
488	724
490	795
491	629
491	668
492	840
492	880
492	922
494	599
496	624
496	723
496	959
497	559
497	680
497	864
497	895
498	506
498	759
499	675
500	677
501	668
502	800
503	793
503	906
504	724
505	519
505	670
505	873
506	618
506	905
507	655
507	695
508	553
508	782
508	984
510	809
510	821
510	865
511	658
511	695
512	621
512	994
513	640
513	650
513	704
514	534
514	766
515	717
515	991
516	628
516	982
518	600
518	809
518	941
519	705
519	796
519	862
520	557
520	943
521	646
522	675
522	784
522	801
522	902
522	949
523	625
523	735
524	540
524	587
525	644
525	680
525	863
526	700
526	755
529	802
529	890
529	921
529	952
530	813
530	872
531	609
531	713
532	654
532	672
532	745
532	822
533	807
533	861
533	997
534	605
534	667
535	575
535	651
535	782
536	663
537	681
538	631
538	874
538	924
538	981
540	547
540	832
540	868
541	630
541	907
542	591
542	638
542	679
542	833
543	771
543	778
543	790
544	653
544	671
544	765
544	911
544	954
545	930
545	958
545	964
546	643
546	657
546	785
546	901
547	611
548	920
549	857
550	584
551	560
551	673
551	805
551	995
552	661
552	814
552	835
553	581
553	885
553	968
554	607
554	803
555	990
556	894
557	599
557	883
558	768
559	726
560	574
561	931
562	843
564	688
565	643
568	845
570	683
571	980
573	654
574	925
575	652
576	682
576	748
577	598
577	603
577	711
577	857
578	795
578	867
579	840
580	594
581	783
581	807
582	777
583	588
583	620
583	657
584	678
585	765
585	935
586	758
587	853
587	906
588	626
588	869
589	891
590	702
594	641
595	933
596	608
596	704
596	903
597	767
597	832
597	960
598	685
598	886
599	888
601	979
602	639
603	904
607	696
607	708
608	863
610	810
612	799
612	819
612	911
613	825
614	776
615	626
615	656
615	779
616	661
616	802
616	893
617	640
618	684
618	691
619	915
620	853
620	945
622	827
622	882
624	909
625	704
625	975
626	936
628	825
631	798
633	703
633	846
633	979
634	925
634	996
636	669
636	896
638	864
639	746
639	971
640	960
641	679
642	667
642	828
643	967
644	920
644	958
646	859
646	900
647	653
647	750
647	988
648	651
649	934
650	715
650	950
651	808
651	885
652	953
656	977
656	1000
657	878
662	969
662	995
663	812
665	830
665	838
667	929
667	997
669	698
670	673
670	774
671	695
671	733
672	802
673	788
674	682
676	829
678	702
679	916
684	921
685	899
686	706
686	974
688	815
689	747
690	985
691	845
692	693
692	877
695	955
696	956
697	806
697	862
698	832
698	936
699	962
700	841
701	929
704	876
705	781
705	784
707	843
707	900
708	975
709	916
710	930
710	946
712	842
712	987
716	940
717	865
719	742
719	873
719	1000
720	765
720	936
722	726
722	867
725	972
727	996
728	939
729	761
730	900
734	943
735	817
736	847
737	884
738	914
740	972
741	847
742	852
742	950
743	804
744	808
745	985
746	970
747	769
748	989
750	980
751	984
753	802
753	980
754	835
756	847
756	928
756	979
757	908
757	999
760	942
761	789
762	836
762	994
763	875
763	917
764	792
764	907
766	992
772	898
773	822
775	823
776	838
778	884
780	875
780	878
786	789
787	880
789	829
789	961
791	819
792	883
795	812
796	958
797	816
800	875
801	845
801	932
802	917
804	942
807	904
810	918
811	926
816	833
817	938
828	983
828	986
829	982
834	940
834	958
837	902
840	883
849	906
849	973
851	872
852	896
854	872
856	966
858	943
859	940
860	879
864	881
864	914
871	926
871	986
871	997
872	906
874	998
886	984
888	905
904	998
912	944
921	987
926	987
942	966
946	957
955	972
956	970
966	996
