1	5
1	6
1	8
1	20
1	21
1	29
1	59
1	79
1	107
1	110
1	142
1	150
1	157
1	173
1	176
1	193
1	197
1	201
1	212
1	256
1	268
1	282
1	300
1	311
1	347
1	365
1	394
1	410
1	457
1	493
1	504
1	537
1	545
1	553
1	579
1	585
1	591
1	602
1	645
1	669
1	694
1	699
1	716
1	758
1	799
1	881
1	895
1	902
1	927
1	978
2	7
2	49
2	54
2	71
2	73
2	76
2	78
2	82
2	85
2	91
2	133
2	146
2	163
2	185
2	187
2	219
2	224
2	234
2	252
2	286
2	297
2	304
2	322
2	342
2	386
2	402
2	421
2	427
2	463
2	476
2	503
2	514
2	522
2	570
2	631
2	649
2	707
2	709
2	727
2	733
2	753
2	769
2	883
2	921
2	928
2	957
2	960
2	992
3	14
3	16
3	17
3	18
3	25
3	35
3	37
3	46
3	47
3	48
3	83
3	84
3	90
3	94
3	101
3	104
3	108
3	111
3	118
3	152
3	156
3	211
3	242
3	257
3	275
3	336
3	337
3	395
3	414
3	415
3	444
3	449
3	455
3	491
3	535
3	602
3	674
3	698
3	756
3	758
3	794
3	822
3	873
3	878
3	898
3	908
3	980
4	45
4	51
4	52
4	55
4	83
4	131
4	162
4	219
4	225
4	246
4	266
4	272
4	301
4	308
4	321
4	328
4	332
4	412
4	436
4	440
4	442
4	470
4	473
4	479
4	497
4	537
4	560
4	587
4	613
4	635
4	681
4	689
4	692
4	705
4	717
4	728
4	731
4	741
4	852
4	864
4	871
4	890
4	912
4	925
4	943
4	1000
5	17
5	44
5	69
5	79
5	92
5	113
5	114
5	124
5	139
5	141
5	167
5	171
5	184
5	212
5	249
5	250
5	255
5	260
5	269
5	273
5	291
5	357
5	368
5	412
5	439
5	468
5	482
5	492
5	518
5	524
5	605
5	611
5	615
5	617
5	641
5	665
5	666
5	680
5	718
5	737
5	740
5	774
5	835
5	887
6	7
6	20
6	21
6	59
6	64
6	71
6	72
6	76
6	108
6	115
6	172
6	178
6	197
6	201
6	238
6	262
6	279
6	281
6	290
6	292
6	313
6	358
6	369
6	390
6	504
6	529
6	591
6	593
6	623
6	639
6	645
6	702
6	703
6	707
6	745
6	781
6	836
6	843
6	874
6	882
6	888
6	947
6	962
6	973
7	49
7	76
7	78
7	85
7	104
7	146
7	163
7	187
7	219
7	222
7	224
7	252
7	286
7	322
7	346
7	358
7	367
7	386
7	419
7	428
7	466
7	483
7	495
7	501
7	570
7	600
7	632
7	685
7	707
7	712
7	733
7	752
7	753
7	761
7	765
7	783
7	788
7	823
7	830
7	882
7	884
7	921
7	992
8	24
8	47
8	61
8	77
8	86
8	91
8	118
8	137
8	143
8	161
8	174
8	208
8	223
8	230
8	231
8	259
8	264
8	271
8	287
8	325
8	339
8	350
8	406
8	424
8	438
8	464
8	465
8	499
8	505
8	564
8	569
8	614
8	673
8	732
8	787
8	790
8	809
8	818
8	831
8	916
8	930
8	983
8	995
9	14
9	21
9	23
9	25
9	29
9	30
9	54
9	64
9	75
9	130
9	132
9	181
9	190
9	194
9	236
9	300
9	344
9	351
9	352
9	369
9	370
9	390
9	450
9	460
9	461
9	481
9	486
9	543
9	549
9	568
9	660
9	669
9	700
9	714
9	722
9	738
9	813
9	838
9	851
9	914
9	924
9	942
9	987
10	19
10	51
10	65
10	75
10	95
10	123
10	125
10	134
10	180
10	187
10	199
10	200
10	213
10	218
10	257
10	270
10	280
10	360
10	382
10	385
10	404
10	414
10	432
10	436
10	478
10	489
10	630
10	640
10	642
10	651
10	664
10	670
10	715
10	730
10	735
10	744
10	777
10	803
10	917
10	922
10	982
10	999
11	37
11	51
11	60
11	67
11	74
11	89
11	95
11	97
11	112
11	114
11	165
11	168
11	204
11	215
11	261
11	285
11	302
11	304
11	305
11	314
11	328
11	335
11	362
11	367
11	416
11	474
11	540
11	627
11	652
11	678
11	685
11	690
11	729
11	736
11	757
11	830
11	850
11	861
11	879
11	949
11	996
12	16
12	17
12	24
12	28
12	38
12	47
12	62
12	68
12	73
12	91
12	111
12	126
12	127
12	128
12	144
12	155
12	160
12	161
12	166
12	170
12	207
12	247
12	260
12	275
12	313
12	336
12	360
12	363
12	438
12	453
12	502
12	546
12	557
12	558
12	564
12	603
12	721
12	742
12	821
12	829
13	18
13	33
13	41
13	53
13	96
13	103
13	121
13	136
13	159
13	175
13	179
13	189
13	203
13	217
13	220
13	227
13	235
13	251
13	253
13	278
13	279
13	283
13	333
13	356
13	373
13	380
13	405
13	407
13	443
13	510
13	548
13	551
13	555
13	598
13	677
13	704
13	724
13	743
13	762
13	849
14	17
14	18
14	25
14	35
14	37
14	42
14	43
14	46
14	48
14	84
14	89
14	90
14	94
14	140
14	216
14	248
14	283
14	337
14	359
14	389
14	395
14	409
14	441
14	469
14	481
14	523
14	533
14	538
14	556
14	602
14	619
14	623
14	674
14	706
14	833
14	878
14	969
14	985
15	44
15	45
15	50
15	70
15	72
15	81
15	86
15	87
15	100
15	114
15	117
15	119
15	145
15	151
15	209
15	228
15	243
15	307
15	334
15	338
15	378
15	398
15	454
15	528
15	542
15	590
15	594
15	620
15	621
15	624
15	668
15	670
15	754
15	806
15	841
15	857
15	885
15	963
15	964
15	965
16	17
16	24
16	28
16	38
16	47
16	62
16	68
16	73
16	126
16	128
16	144
16	155
16	156
16	160
16	166
16	170
16	207
16	239
16	245
16	247
16	306
16	313
16	363
16	455
16	464
16	499
16	502
16	517
16	557
16	663
16	831
16	894
16	897
16	913
16	935
16	943
16	996
17	18
17	24
17	28
17	35
17	37
17	38
17	43
17	46
17	62
17	68
17	87
17	101
17	156
17	160
17	166
17	257
17	306
17	425
17	485
17	488
17	556
17	574
17	635
17	657
17	756
17	758
17	810
17	821
17	831
17	836
17	862
17	897
17	929
17	967
18	25
18	35
18	37
18	40
18	43
18	46
18	48
18	94
18	118
18	135
18	152
18	170
18	242
18	248
18	275
18	283
18	336
18	337
18	372
18	415
18	440
18	448
18	511
18	556
18	638
18	698
18	704
18	706
18	779
18	817
18	862
18	873
18	895
18	969
19	65
19	95
19	123
19	125
19	134
19	139
19	158
19	180
19	186
19	199
19	200
19	204
19	213
19	218
19	263
19	270
19	280
19	305
19	312
19	335
19	337
19	360
19	382
19	385
19	404
19	436
19	489
19	493
19	496
19	634
19	640
19	651
19	664
19	900
19	904
19	922
19	953
20	29
20	42
20	61
20	79
20	92
20	93
20	110
20	125
20	147
20	186
20	201
20	233
20	240
20	256
20	273
20	303
20	311
20	331
20	352
20	361
20	396
20	414
20	543
20	596
20	606
20	637
20	722
20	746
20	768
20	803
20	832
20	834
20	891
20	893
20	942
20	991
21	42
21	64
21	79
21	106
21	107
21	110
21	135
21	141
21	162
21	176
21	182
21	186
21	194
21	281
21	290
21	296
21	303
21	318
21	327
21	331
21	374
21	432
21	447
21	527
21	539
21	607
21	643
21	672
21	677
21	682
21	776
21	832
21	977
21	978
21	990
22	27
22	32
22	36
22	45
22	46
22	56
22	57
22	63
22	99
22	102
22	109
22	116
22	122
22	161
22	164
22	221
22	244
22	319
22	355
22	371
22	372
22	388
22	397
22	423
22	434
22	441
22	445
22	482
22	497
22	565
22	676
22	759
22	778
22	815
22	824
22	847
22	915
22	964
23	26
23	31
23	34
23	39
23	44
23	58
23	66
23	98
23	105
23	148
23	208
23	210
23	220
23	252
23	284
23	294
23	297
23	362
23	384
23	386
23	422
23	474
23	477
23	519
23	525
23	531
23	541
23	554
23	604
23	701
23	726
23	752
23	853
23	860
23	863
23	891
23	936
24	28
24	38
24	47
24	62
24	68
24	73
24	91
24	111
24	126
24	128
24	144
24	155
24	156
24	161
24	227
24	259
24	313
24	363
24	453
24	455
24	488
24	502
24	575
24	603
24	654
24	778
24	810
24	831
24	833
24	894
24	897
24	935
24	996
25	35
25	37
25	43
25	48
25	84
25	94
25	101
25	108
25	111
25	118
25	128
25	170
25	211
25	257
25	348
25	359
25	373
25	379
25	402
25	409
25	441
25	469
25	523
25	533
25	535
25	538
25	581
25	648
25	653
25	706
25	817
25	889
25	898
26	31
26	34
26	39
26	44
26	58
26	66
26	98
26	105
26	154
26	196
26	203
26	220
26	229
26	277
26	294
26	365
26	384
26	400
26	422
26	474
26	477
26	494
26	531
26	554
26	636
26	679
26	683
26	726
26	738
26	748
26	771
26	867
26	891
26	911
26	931
26	980
27	30
27	32
27	36
27	40
27	45
27	56
27	57
27	99
27	109
27	116
27	140
27	164
27	195
27	214
27	244
27	295
27	316
27	319
27	345
27	371
27	388
27	401
27	423
27	434
27	467
27	475
27	482
27	495
27	693
27	759
27	806
27	828
27	847
27	915
27	926
27	940
28	38
28	47
28	48
28	62
28	68
28	73
28	91
28	111
28	128
28	144
28	155
28	160
28	166
28	207
28	259
28	271
28	275
28	336
28	397
28	438
28	471
28	502
28	546
28	557
28	574
28	575
28	618
28	663
28	701
28	859
28	878
28	929
28	980
29	42
29	59
29	64
29	75
29	92
29	107
29	110
29	115
29	125
29	132
29	148
29	158
29	163
29	176
29	194
29	254
29	262
29	269
29	289
29	303
29	318
29	361
29	414
29	595
29	606
29	711
29	795
29	874
29	886
29	932
29	975
29	978
29	994
30	75
30	129
30	130
30	132
30	169
30	181
30	190
30	233
30	236
30	265
30	317
30	320
30	341
30	418
30	461
30	484
30	563
30	568
30	581
30	592
30	646
30	647
30	660
30	662
30	669
30	700
30	746
30	785
30	793
30	797
30	807
30	882
30	918
30	953
31	34
31	39
31	44
31	58
31	66
31	98
31	105
31	203
31	210
31	229
31	256
31	274
31	284
31	294
31	298
31	375
31	384
31	386
31	391
31	400
31	402
31	406
31	480
31	494
31	531
31	604
31	629
31	636
31	748
31	771
31	863
31	867
31	891
31	920
32	36
32	40
32	45
32	56
32	57
32	99
32	102
32	109
32	116
32	119
32	122
32	147
32	152
32	164
32	195
32	232
32	295
32	319
32	354
32	371
32	397
32	401
32	403
32	445
32	467
32	484
32	495
32	624
32	778
32	790
32	857
32	906
32	915
32	940
33	53
33	58
33	121
33	136
33	147
33	153
33	159
33	179
33	198
33	210
33	217
33	235
33	274
33	276
33	278
33	279
33	330
33	343
33	405
33	407
33	415
33	428
33	456
33	508
33	520
33	547
33	598
33	643
33	677
33	770
33	786
33	812
33	880
33	905
34	37
34	39
34	44
34	66
34	105
34	120
34	153
34	210
34	220
34	229
34	252
34	294
34	297
34	318
34	375
34	384
34	422
34	443
34	463
34	494
34	515
34	629
34	687
34	738
34	791
34	844
34	867
34	911
34	931
34	936
34	968
35	43
35	46
35	48
35	84
35	101
35	118
35	119
35	140
35	191
35	239
35	242
35	303
35	323
35	343
35	376
35	379
35	425
35	441
35	449
35	511
35	551
35	634
35	648
35	720
35	812
35	822
35	878
35	895
36	56
36	57
36	63
36	99
36	102
36	109
36	119
36	164
36	195
36	232
36	295
36	298
36	319
36	388
36	401
36	403
36	445
36	485
36	489
36	497
36	550
36	565
36	625
36	641
36	697
36	815
36	837
36	993
37	48
37	84
37	94
37	101
37	108
37	118
37	170
37	191
37	242
37	248
37	275
37	337
37	348
37	359
37	379
37	409
37	448
37	449
37	491
37	511
37	533
37	551
37	602
37	889
38	47
38	62
38	68
38	91
38	126
38	144
38	155
38	160
38	245
38	247
38	261
38	281
38	306
38	313
38	410
38	471
38	557
38	558
38	564
38	618
38	628
38	654
38	809
38	929
38	943
39	44
39	52
39	58
39	63
39	66
39	105
39	120
39	153
39	203
39	210
39	277
39	284
39	384
39	400
39	422
39	443
39	463
39	474
39	494
39	513
39	515
39	701
39	853
39	863
39	936
39	977
40	45
40	48
40	63
40	71
40	84
40	90
40	94
40	102
40	109
40	116
40	117
40	118
40	152
40	211
40	232
40	348
40	395
40	444
40	467
40	488
40	550
40	551
40	556
40	619
40	686
40	815
40	915
41	58
41	63
41	96
41	103
41	136
41	159
41	179
41	189
41	198
41	206
41	216
41	217
41	278
41	279
41	343
41	356
41	381
41	392
41	399
41	480
41	520
41	551
41	580
41	598
41	730
41	770
41	894
41	905
42	59
42	100
42	106
42	107
42	130
42	147
42	182
42	194
42	254
42	265
42	273
42	281
42	282
42	296
42	411
42	413
42	558
42	643
42	795
42	836
42	840
42	843
42	882
42	907
42	955
43	46
43	84
43	90
43	94
43	111
43	118
43	135
43	211
43	216
43	245
43	248
43	376
43	401
43	441
43	448
43	469
43	498
43	648
43	674
43	697
43	812
43	817
43	889
43	909
44	66
44	98
44	105
44	120
44	229
44	297
44	375
44	391
44	400
44	402
44	474
44	525
44	541
44	554
44	675
44	687
44	829
44	860
44	863
44	891
44	892
44	920
45	61
45	62
45	70
45	72
45	81
45	100
45	109
45	116
45	140
45	183
45	258
45	307
45	309
45	378
45	398
45	403
45	790
45	816
45	837
45	901
45	965
45	966
45	990
46	48
46	84
46	90
46	94
46	170
46	191
46	248
46	262
46	343
46	389
46	425
46	448
46	488
46	538
46	556
46	623
46	674
46	752
46	821
46	844
46	866
46	967
47	61
47	62
47	68
47	77
47	126
47	137
47	170
47	207
47	218
47	223
47	230
47	247
47	336
47	424
47	444
47	445
47	464
47	505
47	558
47	916
47	995
48	84
48	90
48	101
48	135
48	140
48	144
48	152
48	211
48	245
48	372
48	379
48	535
48	628
48	720
48	821
48	822
48	898
48	969
48	971
49	57
49	71
49	76
49	120
49	146
49	177
49	185
49	187
49	219
49	222
49	224
49	286
49	301
49	367
49	427
49	435
49	437
49	478
49	632
49	687
49	713
49	760
49	830
49	951
49	952
50	54
50	88
50	148
50	154
50	202
50	241
50	288
50	299
50	326
50	377
50	417
50	476
50	483
50	500
50	509
50	526
50	533
50	573
50	612
50	620
50	671
50	686
50	792
50	846
50	869
50	876
51	55
51	60
51	65
51	74
51	95
51	114
51	186
51	213
51	246
51	263
51	299
51	302
51	314
51	367
51	382
51	408
51	473
51	577
51	587
51	678
51	728
51	805
51	834
51	919
52	55
52	83
52	131
52	162
52	272
52	301
52	321
52	332
52	412
52	436
52	440
52	473
52	479
52	490
52	599
52	613
52	705
52	717
52	741
52	775
52	805
52	842
52	864
52	908
52	941
53	64
53	96
53	121
53	135
53	140
53	189
53	198
53	235
53	251
53	279
53	283
53	356
53	381
53	392
53	407
53	430
53	453
53	470
53	555
53	580
53	653
53	677
53	786
53	811
53	849
54	71
54	78
54	88
54	113
54	148
54	202
54	288
54	342
54	383
54	426
54	458
54	478
54	483
54	501
54	516
54	519
54	601
54	616
54	687
54	750
54	752
54	873
54	923
55	83
55	131
55	162
55	204
55	225
55	266
55	272
55	301
55	308
55	321
55	328
55	332
55	470
55	473
55	479
55	490
55	537
55	587
55	692
55	717
55	774
55	785
55	925
56	57
56	63
56	99
56	109
56	122
56	145
56	164
56	214
56	232
56	324
56	371
56	401
56	475
56	495
56	552
56	586
56	625
56	676
56	747
56	899
56	926
56	989
57	87
57	102
57	109
57	116
57	140
57	145
57	195
57	232
57	244
57	345
57	354
57	355
57	401
57	497
57	510
57	565
57	625
57	815
57	966
57	993
58	105
58	159
58	206
58	210
58	227
58	251
58	324
58	330
58	380
58	407
58	525
58	604
58	619
58	629
58	675
58	679
58	684
58	738
58	743
58	855
59	79
59	92
59	192
59	195
59	276
59	296
59	318
59	331
59	370
59	396
59	413
59	432
59	460
59	493
59	529
59	585
59	597
59	772
59	773
59	893
59	932
60	67
60	74
60	89
60	97
60	114
60	165
60	215
60	242
60	248
60	261
60	285
60	302
60	304
60	305
60	362
60	385
60	409
60	416
60	627
60	690
60	780
60	850
60	949
61	77
61	86
61	91
61	133
61	137
61	138
61	143
61	223
61	226
61	231
61	271
61	287
61	339
61	350
61	406
61	438
61	465
61	512
61	569
61	732
61	995
62	73
62	91
62	111
62	126
62	128
62	156
62	170
62	247
62	275
62	382
62	438
62	471
62	499
62	546
62	663
62	721
62	913
63	99
63	102
63	116
63	117
63	122
63	145
63	195
63	214
63	244
63	295
63	298
63	319
63	388
63	445
63	467
63	550
63	828
63	926
63	989
64	125
64	129
64	141
64	147
64	183
64	240
64	290
64	303
64	317
64	393
64	396
64	527
64	581
64	584
64	633
64	645
64	655
64	888
64	950
64	997
65	125
65	134
65	186
65	204
65	213
65	218
65	263
65	280
65	312
65	382
65	404
65	446
65	651
65	670
65	702
65	715
65	764
65	777
65	917
65	919
65	922
65	968
66	98
66	105
66	125
66	203
66	210
66	284
66	294
66	375
66	384
66	386
66	513
66	726
66	748
66	752
66	771
66	892
66	920
66	970
67	74
67	89
67	97
67	112
67	168
67	285
67	304
67	314
67	328
67	388
67	416
67	540
67	678
67	685
67	690
67	713
67	736
67	757
67	861
67	879
67	929
67	949
68	73
68	126
68	132
68	144
68	155
68	160
68	306
68	455
68	523
68	603
68	639
68	721
68	742
68	810
68	894
68	996
69	124
69	127
69	139
69	167
69	171
69	184
69	249
69	250
69	255
69	349
69	368
69	393
69	468
69	609
69	617
69	725
69	737
69	745
69	782
69	796
69	835
69	887
70	72
70	79
70	81
70	86
70	87
70	209
70	221
70	228
70	258
70	267
70	387
70	452
70	552
70	590
70	621
70	668
70	754
70	798
70	898
70	912
70	937
71	82
71	85
71	142
71	149
71	163
71	172
71	187
71	191
71	238
71	391
71	462
71	521
71	600
71	601
71	707
71	739
71	854
71	957
72	86
72	100
72	117
72	119
72	151
72	226
72	243
72	309
72	334
72	387
72	398
72	578
72	590
72	614
72	806
72	901
72	937
72	956
72	972
73	91
73	126
73	128
73	144
73	161
73	207
73	239
73	245
73	306
73	363
73	570
73	603
73	897
73	913
73	985
74	89
74	104
74	112
74	165
74	168
74	204
74	261
74	285
74	302
74	328
74	335
74	416
74	417
74	435
74	509
74	590
74	627
74	690
75	77
75	80
75	106
75	107
75	181
75	236
75	320
75	323
75	351
75	414
75	503
75	548
75	568
75	571
75	581
75	659
75	886
75	903
76	82
76	98
76	104
76	115
76	142
76	224
76	234
76	237
76	329
76	365
76	564
76	567
76	600
76	617
76	769
76	928
76	954
76	973
77	86
77	91
77	133
77	174
77	264
77	271
77	287
77	325
77	342
77	350
77	464
77	465
77	471
77	499
77	505
77	569
77	930
78	104
78	178
78	188
78	203
78	222
78	297
78	329
78	358
78	364
78	410
78	504
78	579
78	582
78	600
78	684
78	704
78	928
78	960
79	253
79	254
79	262
79	268
79	296
79	352
79	365
79	595
79	646
79	661
79	797
79	836
79	907
79	944
79	981
80	92
80	107
80	110
80	158
80	192
80	194
80	205
80	254
80	256
80	262
80	300
80	370
80	505
80	536
80	585
80	609
80	696
80	711
80	776
80	842
81	86
81	100
81	145
81	151
81	172
81	226
81	258
81	307
81	309
81	387
81	452
81	454
81	530
81	552
81	620
81	816
81	841
81	848
82	85
82	108
82	150
82	156
82	157
82	173
82	177
82	187
82	237
82	268
82	297
82	346
82	451
82	463
82	593
82	631
82	691
82	788
83	308
83	328
83	332
83	412
83	436
83	537
83	560
83	587
83	599
83	635
83	801
83	805
83	834
83	842
83	864
83	904
83	925
84	90
84	191
84	242
84	359
84	395
84	409
84	640
84	704
84	817
84	872
84	873
84	971
85	98
85	163
85	187
85	220
85	234
85	431
85	458
85	476
85	478
85	508
85	516
85	521
85	632
85	707
85	765
85	789
85	883
86	119
86	137
86	223
86	230
86	259
86	264
86	287
86	309
86	333
86	378
86	388
86	527
86	569
86	800
87	99
87	100
87	110
87	117
87	119
87	138
87	151
87	183
87	195
87	214
87	267
87	378
87	620
87	824
87	963
87	993
88	154
88	202
88	241
88	315
88	340
88	381
88	383
88	426
88	500
88	509
88	573
88	588
88	658
88	671
88	748
88	846
88	876
88	896
89	97
89	112
89	114
89	215
89	304
89	314
89	385
89	416
89	540
89	576
89	603
89	652
89	729
89	861
89	958
90	116
90	118
90	152
90	239
90	242
90	245
90	257
90	337
90	491
90	674
90	697
90	862
90	908
91	174
91	208
91	247
91	350
91	376
91	471
91	546
91	569
91	663
91	983
92	113
92	123
92	124
92	171
92	184
92	192
92	240
92	256
92	310
92	320
92	423
92	545
92	693
92	763
92	782
93	105
93	132
93	147
93	190
93	244
93	265
93	341
93	411
93	450
93	487
93	517
93	529
93	607
93	660
93	734
93	825
93	840
93	914
94	101
94	118
94	156
94	216
94	389
94	439
94	469
94	535
94	693
94	955
94	967
95	180
95	213
95	232
95	263
95	270
95	280
95	305
95	360
95	382
95	470
95	630
95	664
95	684
95	735
95	953
96	121
96	135
96	159
96	175
96	203
96	206
96	217
96	278
96	353
96	399
96	415
96	429
96	547
96	551
96	577
96	883
97	104
97	114
97	168
97	205
97	215
97	251
97	302
97	304
97	314
97	335
97	367
97	576
97	667
97	900
97	958
98	120
98	146
98	177
98	229
98	513
98	541
98	600
98	604
98	845
98	947
98	951
98	984
99	102
99	111
99	119
99	152
99	155
99	164
99	221
99	338
99	542
99	586
99	759
99	815
100	119
100	145
100	151
100	243
100	258
100	267
100	334
100	378
100	475
100	479
100	528
100	865
101	156
101	179
101	227
101	348
101	395
101	425
101	533
101	622
101	691
101	758
101	862
102	117
102	122
102	186
102	214
102	221
102	286
102	345
102	355
102	403
102	497
102	824
103	136
103	159
103	175
103	198
103	216
103	227
103	279
103	324
103	380
103	405
103	407
103	431
103	453
103	652
103	863
103	875
104	224
104	302
104	304
104	417
104	421
104	435
104	559
104	616
104	678
104	709
104	765
104	949
105	120
105	210
105	229
105	277
105	400
105	422
105	513
105	525
105	920
106	147
106	201
106	256
106	347
106	349
106	498
106	534
106	562
106	644
106	680
106	768
106	945
106	976
106	978
106	988
107	130
107	282
107	320
107	374
107	482
107	484
107	498
107	562
107	643
107	808
107	903
107	977
108	150
108	197
108	254
108	379
108	582
108	674
108	676
108	697
108	698
108	716
108	783
108	826
108	971
109	130
109	145
109	344
109	454
109	495
109	772
109	824
109	966
109	990
110	192
110	254
110	289
110	317
110	323
110	396
110	481
110	517
110	696
110	772
110	813
111	239
111	313
111	331
111	491
111	619
111	720
111	756
111	859
111	943
112	116
112	165
112	285
112	335
112	362
112	408
112	442
112	667
112	717
112	787
112	850
112	879
112	958
113	124
113	139
113	171
113	212
113	260
113	289
113	310
113	357
113	368
113	420
113	524
113	608
113	718
113	740
114	215
114	285
114	302
114	305
114	335
114	385
114	408
114	717
114	719
114	736
115	149
115	178
115	194
115	201
115	265
115	292
115	329
115	450
115	481
115	543
115	656
115	676
115	799
115	991
116	122
116	145
116	183
116	497
116	625
116	693
116	926
116	989
117	122
117	138
117	145
117	151
117	183
117	387
117	482
117	610
117	901
117	912
117	940
118	152
118	283
118	379
118	425
118	957
118	971
119	183
119	267
119	338
119	403
119	528
119	885
119	912
120	146
120	163
120	220
120	229
120	284
120	336
120	427
120	437
120	456
120	679
121	122
121	153
121	189
121	198
121	235
121	276
121	293
121	443
121	535
121	724
121	766
121	905
122	195
122	214
122	232
122	295
122	298
122	586
122	596
122	625
123	134
123	186
123	199
123	200
123	263
123	312
123	446
123	489
123	642
123	670
123	715
123	744
123	907
124	141
124	255
124	260
124	291
124	316
124	518
124	534
124	637
124	647
124	796
124	898
125	134
125	186
125	280
125	305
125	361
125	517
125	665
125	682
126	160
126	170
126	255
126	306
126	453
126	618
126	721
127	237
127	250
127	255
127	260
127	357
127	518
127	524
127	615
127	666
127	680
127	763
127	934
127	987
128	166
128	275
128	438
128	558
128	603
128	618
128	638
128	935
129	141
129	169
129	181
129	190
129	240
129	288
129	327
129	460
129	548
129	597
129	688
129	708
129	998
130	141
130	233
130	318
130	413
130	568
130	643
130	657
130	662
130	700
130	793
131	332
131	425
131	440
131	479
131	490
131	544
131	560
131	587
131	689
131	852
131	871
131	1000
132	236
132	322
132	347
132	370
132	394
132	507
132	571
132	688
132	955
132	986
133	137
133	138
133	143
133	161
133	174
133	208
133	223
133	226
133	259
133	512
133	623
133	983
134	280
134	382
134	489
134	496
134	633
134	642
134	753
134	777
134	958
134	982
135	211
135	216
135	217
135	250
135	449
135	469
135	547
135	812
135	908
136	143
136	159
136	175
136	179
136	198
136	276
136	278
136	589
136	766
136	784
136	786
137	208
137	223
137	230
137	231
137	271
137	287
137	325
137	828
137	935
137	983
138	146
138	231
138	267
138	271
138	309
138	333
138	387
138	406
138	452
138	454
138	471
139	167
139	184
139	250
139	255
139	316
139	439
139	534
139	605
139	641
139	737
139	987
140	164
140	244
140	248
140	401
140	441
140	483
140	794
141	212
141	250
141	553
141	592
141	801
141	887
141	975
141	991
142	165
142	188
142	266
142	311
142	419
142	451
142	530
142	532
142	566
142	676
142	976
143	161
143	208
143	325
143	339
143	464
143	465
143	512
143	564
143	732
143	983
144	245
144	557
144	821
144	831
144	897
144	943
145	267
145	371
145	594
145	649
145	816
146	220
146	222
146	367
146	463
146	521
146	652
146	733
146	890
147	352
147	507
147	548
147	660
147	714
147	793
147	998
148	202
148	299
148	315
148	429
148	509
148	526
148	561
148	588
148	918
148	938
149	193
149	197
149	292
149	323
149	334
149	532
149	567
149	649
149	834
149	877
149	954
149	1000
150	178
150	246
150	292
150	329
150	376
150	466
150	606
150	703
150	723
150	839
150	895
151	228
151	452
151	475
151	594
151	621
151	624
151	661
151	956
152	164
152	338
152	502
152	550
152	889
152	966
153	279
153	300
153	430
153	463
153	513
153	515
153	555
153	738
153	858
153	936
154	202
154	241
154	429
154	436
154	483
154	500
154	792
154	846
154	876
154	923
154	948
155	160
155	161
155	313
155	455
155	523
155	817
155	913
156	247
156	327
156	395
156	826
156	894
157	173
157	178
157	237
157	323
157	547
157	622
157	661
157	691
157	694
157	723
157	979
158	205
158	281
158	331
158	433
158	498
158	687
158	776
158	797
158	832
158	955
159	227
159	230
159	253
159	343
159	392
159	820
160	166
160	443
160	455
160	575
160	654
161	174
161	207
161	271
161	287
161	313
162	225
162	308
162	321
162	332
162	412
162	418
162	440
162	705
162	741
163	326
163	342
163	391
163	435
163	483
163	883
163	951
164	244
164	319
164	778
164	824
164	847
165	215
165	335
165	408
165	417
165	540
165	652
165	729
165	850
166	239
166	404
166	499
166	557
166	654
166	742
166	985
167	249
167	260
167	273
167	289
167	492
167	541
167	641
167	666
167	718
167	994
168	302
168	304
168	362
168	523
168	540
168	627
168	736
168	879
168	949
169	201
169	269
169	320
169	349
169	433
169	461
169	548
169	657
169	825
169	832
169	881
170	180
170	348
170	533
170	546
171	184
171	249
171	291
171	357
171	439
171	468
171	584
171	797
171	934
172	191
172	197
172	268
172	390
172	566
172	582
172	602
172	856
172	928
172	997
173	196
173	197
173	237
173	466
173	530
173	557
173	649
173	799
173	902
173	962
174	231
174	271
174	333
174	339
174	512
174	865
174	916
174	930
175	283
175	399
175	428
175	510
175	577
175	580
175	629
175	786
175	905
176	240
176	486
176	507
176	639
176	668
176	888
176	927
176	939
176	961
177	234
177	411
177	421
177	501
177	516
177	544
177	570
177	632
177	683
178	193
178	196
178	235
178	366
178	410
178	694
178	734
179	217
179	276
179	293
179	353
179	359
179	456
179	724
180	360
180	436
180	496
180	583
180	634
180	681
180	715
180	735
181	190
181	236
181	281
181	413
181	414
181	711
181	785
181	893
182	194
182	240
182	374
182	447
182	597
182	659
182	688
182	840
182	851
182	961
183	233
183	349
183	708
183	714
183	772
183	837
184	212
184	255
184	269
184	393
184	420
184	472
184	751
185	219
185	224
185	234
185	367
185	391
185	427
185	466
185	567
185	931
185	984
186	192
186	433
186	605
186	982
187	222
187	234
187	373
187	616
187	713
188	419
188	572
188	694
188	696
188	716
188	760
188	781
188	808
188	970
188	979
189	227
189	235
189	253
189	431
189	461
189	580
189	762
189	786
190	341
190	344
190	370
190	418
190	662
190	785
190	939
191	196
191	206
191	462
191	469
191	694
191	875
192	201
192	268
192	506
192	653
192	682
192	944
192	997
193	311
193	457
193	566
193	659
193	716
193	755
193	834
193	970
193	976
194	433
194	447
194	695
194	710
194	944
195	295
195	445
195	790
195	847
196	238
196	365
196	572
196	591
196	703
196	802
196	855
196	962
197	268
197	462
197	630
197	703
197	855
197	1000
198	212
198	431
198	480
198	650
198	770
198	820
199	213
199	267
199	270
199	489
199	496
199	640
199	681
199	744
199	982
200	213
200	263
200	280
200	489
200	550
200	640
200	664
200	715
200	764
201	262
201	539
201	562
201	680
201	994
202	305
202	377
202	500
202	561
202	612
202	918
202	948
203	274
203	284
203	330
203	650
203	759
204	213
204	215
204	218
204	225
204	328
204	886
204	904
205	347
205	647
205	669
205	708
205	714
205	851
205	855
205	909
205	977
206	217
206	227
206	353
206	381
206	653
206	811
206	988
207	252
207	259
207	523
207	558
207	742
208	231
208	271
208	424
208	512
208	818
209	228
209	243
209	338
209	398
209	492
209	614
209	624
209	865
209	956
210	384
210	474
210	515
211	409
211	448
211	538
211	706
211	940
212	289
212	393
212	714
212	773
212	887
213	470
213	642
213	913
214	232
214	330
214	345
214	371
214	528
215	305
215	408
215	435
215	576
216	278
216	324
216	390
216	441
216	822
217	279
217	480
217	589
217	782
218	305
218	312
218	358
218	764
218	919
218	982
219	326
219	437
219	458
219	503
219	679
219	713
220	277
220	294
220	514
220	713
221	403
221	458
221	552
221	747
221	749
221	841
221	848
222	421
222	726
222	783
222	938
222	957
222	968
223	230
223	480
223	485
223	574
223	790
224	277
224	514
224	706
224	765
224	884
225	246
225	321
225	412
225	500
225	613
225	852
225	959
226	267
226	334
226	350
226	505
226	512
226	614
226	798
227	251
227	330
227	724
228	258
228	294
228	309
228	552
228	668
228	754
228	901
229	284
229	294
229	312
229	911
230	231
230	259
230	333
230	339
230	802
231	464
231	710
231	732
231	995
232	295
232	596
232	964
233	290
233	347
233	365
233	548
233	662
233	825
233	975
234	322
234	326
234	765
234	952
234	984
235	324
235	353
235	356
235	580
235	589
236	265
236	352
236	486
236	568
236	571
236	776
237	266
237	329
237	364
237	410
237	591
237	623
238	329
238	364
238	410
238	462
238	466
238	571
238	638
238	856
239	444
239	618
239	720
239	929
239	967
240	254
240	300
240	331
240	886
240	987
241	396
241	426
241	519
241	561
241	658
241	671
241	921
241	938
242	343
242	373
242	980
242	985
243	307
243	378
243	387
243	552
243	555
243	816
243	885
244	423
244	467
244	495
244	497
245	339
245	425
245	663
246	301
246	358
246	364
246	470
246	532
246	755
247	336
247	504
247	809
248	425
248	873
248	908
249	316
249	368
249	608
249	615
249	981
249	994
250	357
250	393
250	439
250	910
251	353
251	399
251	510
251	743
251	988
252	424
252	626
252	858
252	884
252	892
253	293
253	356
253	381
253	392
253	704
253	870
254	804
254	827
254	840
255	420
255	534
255	611
256	394
256	507
256	549
256	637
257	337
257	488
257	491
257	551
257	653
258	307
258	398
258	762
258	800
258	841
259	333
259	465
259	502
260	273
260	368
260	763
260	934
261	314
261	416
261	667
261	736
261	780
261	861
262	303
262	361
262	801
262	954
263	270
263	315
263	446
263	803
264	284
264	334
264	505
264	590
264	916
264	963
264	972
265	418
265	498
265	545
265	691
265	924
266	308
266	451
266	586
266	731
266	739
266	871
267	307
267	542
268	432
268	472
268	536
268	592
269	316
269	383
269	459
269	617
269	696
269	910
270	280
270	285
270	404
270	640
270	999
271	438
272	308
272	398
272	436
272	613
272	635
272	681
272	728
273	310
273	318
273	536
273	644
273	972
274	405
274	415
274	428
274	547
274	653
274	743
274	988
275	372
275	621
275	628
276	373
276	392
276	430
276	589
276	762
277	286
277	342
277	405
277	791
277	952
278	374
278	494
278	784
278	849
279	428
279	650
280	664
280	814
281	411
281	432
281	487
281	839
282	484
282	595
282	718
282	767
282	827
282	909
282	974
283	340
283	510
283	511
283	770
284	675
284	748
285	678
285	830
285	900
286	421
286	437
286	458
286	515
286	631
287	325
287	346
287	464
287	512
288	383
288	417
288	429
288	519
288	559
288	658
288	948
289	310
289	327
289	774
289	867
290	608
290	657
290	667
290	708
290	710
291	472
291	543
291	646
291	751
291	773
291	788
292	354
292	451
292	808
292	962
292	979
293	381
293	392
293	510
293	650
293	798
293	880
294	477
295	298
295	562
296	331
296	672
296	673
296	922
296	955
297	437
297	629
297	853
298	445
298	467
298	625
298	857
299	326
299	377
299	500
299	506
299	612
299	712
300	545
300	549
300	688
300	710
301	587
301	864
301	890
301	925
302	874
303	432
303	447
303	903
304	416
306	353
306	980
306	996
307	345
307	454
307	749
308	473
308	525
308	941
309	398
309	454
309	853
310	368
310	420
310	518
310	615
310	769
311	579
311	739
311	755
311	877
311	902
312	470
312	634
312	868
312	917
313	859
314	408
314	415
314	757
315	383
315	426
315	612
315	792
315	869
315	918
316	368
316	518
316	611
316	615
317	320
317	351
317	447
317	549
317	592
317	647
318	361
318	434
318	484
319	397
319	596
319	610
320	571
320	673
320	689
321	756
321	842
321	852
321	890
322	342
322	503
322	789
322	884
322	952
323	433
323	521
323	776
323	976
324	330
324	399
324	589
324	858
325	379
325	406
325	800
325	802
326	426
326	612
326	652
326	750
327	396
327	468
327	637
327	702
327	813
328	775
328	875
329	419
329	623
329	716
330	399
330	407
330	819
331	394
331	981
332	675
332	775
332	890
333	485
333	802
333	930
334	668
334	798
334	841
335	385
335	442
336	556
336	971
337	538
337	693
338	354
338	378
338	423
338	806
339	406
339	424
339	438
340	341
340	506
340	526
340	583
340	588
340	601
340	899
341	344
341	660
341	662
341	807
341	839
342	386
342	457
342	626
343	372
343	555
343	743
344	351
344	356
344	882
344	939
344	998
345	354
345	371
345	434
345	989
346	417
346	506
346	519
346	563
346	671
346	845
347	419
347	487
347	549
347	974
348	409
348	415
348	449
348	538
349	472
349	595
349	645
349	907
349	991
350	378
350	465
350	574
350	818
351	363
351	434
351	660
351	696
351	981
352	498
352	807
352	881
352	888
353	356
353	407
353	598
354	403
354	550
354	697
354	828
355	475
355	586
355	610
355	747
355	906
356	725
357	423
357	594
357	857
358	544
358	576
358	579
359	380
359	728
359	880
360	481
360	917
360	999
361	534
361	595
361	823
362	442
362	719
362	757
363	485
363	488
363	575
364	451
364	591
364	642
364	661
365	370
365	451
366	376
366	691
366	694
366	766
366	854
366	872
366	979
367	702
368	950
369	374
369	453
369	534
369	539
369	708
369	711
370	585
370	785
371	990
372	373
372	533
372	756
373	554
373	883
374	447
374	945
374	991
375	477
375	700
375	860
375	870
376	593
376	758
376	902
377	383
377	429
377	750
377	861
377	896
379	389
380	577
380	725
380	820
380	923
381	407
381	555
382	481
383	896
383	899
384	791
385	572
385	764
386	683
386	992
387	620
387	668
388	624
388	940
389	449
389	628
389	691
389	969
390	517
390	530
390	593
390	856
391	421
391	805
391	867
392	399
392	428
393	472
393	543
393	792
394	644
394	655
394	701
394	961
395	511
395	946
396	581
396	606
397	747
397	778
397	847
397	906
398	621
399	465
400	644
400	829
400	911
401	542
402	422
402	685
402	829
402	938
403	459
404	496
404	702
404	814
405	428
405	819
405	866
406	424
406	800
408	729
408	787
409	491
410	591
410	976
411	459
411	517
411	584
411	695
412	692
412	852
413	633
413	695
413	919
413	933
414	493
414	735
415	469
416	576
417	442
417	578
418	568
418	700
418	886
418	914
419	783
419	854
419	984
420	482
420	605
420	742
420	796
421	616
421	636
422	474
422	701
423	534
423	712
424	485
424	614
426	583
426	711
426	899
427	636
427	709
427	760
427	761
428	650
429	506
429	573
429	583
430	456
430	547
430	650
430	723
430	866
431	730
431	766
431	784
431	820
432	433
432	939
433	633
433	961
434	539
434	682
434	825
435	567
435	826
435	845
437	516
437	544
437	859
439	782
439	950
440	692
440	741
442	537
442	775
443	456
443	480
444	505
444	542
444	916
446	634
446	670
446	735
446	814
447	932
448	511
448	969
449	523
450	585
450	647
450	793
450	800
451	856
452	865
452	937
452	972
453	508
454	754
455	575
456	811
456	849
457	638
457	723
457	799
457	973
458	478
458	761
459	545
459	838
459	839
459	874
460	536
460	588
460	609
460	672
461	484
461	486
461	839
462	504
462	553
462	622
463	853
466	709
466	745
467	806
468	584
468	696
468	827
471	780
472	607
472	655
473	560
473	599
475	624
475	990
476	559
476	567
476	712
476	923
477	513
477	525
477	860
478	683
478	727
479	681
479	728
480	629
481	804
482	796
483	516
484	947
485	654
486	607
486	714
486	809
487	639
487	659
487	722
487	950
488	954
490	689
490	805
490	842
490	881
491	698
492	737
492	740
492	751
492	774
493	607
493	651
493	699
494	520
494	762
495	528
496	664
496	868
498	672
499	818
499	885
500	509
501	516
501	566
501	686
501	845
502	574
503	631
503	761
503	938
504	572
504	606
506	588
506	658
507	520
507	662
507	700
508	598
508	724
508	730
508	880
509	526
509	559
510	677
511	826
513	541
514	601
514	712
514	884
514	992
515	616
515	631
516	685
517	745
518	666
518	960
519	525
519	870
520	547
520	554
520	870
521	572
521	703
521	827
522	559
522	563
522	707
522	709
522	769
522	957
524	611
524	617
524	774
524	779
526	578
526	583
526	923
527	734
527	767
527	823
527	893
528	768
528	848
529	605
529	656
529	673
529	986
530	579
530	783
530	970
531	679
531	819
531	858
531	892
532	622
532	723
532	808
532	854
535	556
535	844
536	597
536	944
536	981
537	692
537	904
538	628
539	545
539	801
539	860
540	627
540	685
541	771
541	920
542	586
542	590
543	656
543	964
544	563
544	612
544	846
545	974
546	810
546	930
548	947
549	812
549	986
550	565
552	620
553	582
553	739
553	902
553	979
554	730
554	784
555	770
558	628
559	626
559	658
560	611
560	871
560	941
561	583
561	686
561	792
561	869
562	695
562	746
562	768
563	713
563	788
564	878
565	837
565	906
566	755
566	997
567	788
569	582
570	709
570	830
571	914
572	872
573	588
573	869
573	933
574	802
575	973
576	719
577	704
577	811
578	658
578	733
578	921
579	753
580	784
581	669
582	661
584	934
584	987
585	961
589	811
592	639
592	746
593	703
593	753
594	609
594	666
595	974
596	893
596	909
597	669
597	978
598	820
599	671
599	689
599	692
600	789
601	750
601	946
602	818
604	675
604	683
605	895
606	755
607	888
608	615
608	655
608	779
609	718
609	773
610	722
610	966
610	989
611	751
613	720
613	941
614	732
616	952
617	737
618	810
619	766
619	988
621	965
622	822
622	844
626	632
626	956
626	968
627	690
630	651
630	764
630	953
631	679
632	760
633	868
633	892
634	777
635	864
635	871
636	686
636	959
637	680
637	998
638	648
638	739
639	710
641	745
641	763
642	999
643	699
644	813
644	945
645	655
645	795
646	825
646	903
646	998
647	708
648	698
648	985
649	727
649	794
651	684
654	663
655	803
656	665
656	925
656	942
657	945
657	975
659	803
659	832
661	851
665	782
665	823
665	880
666	779
667	719
667	787
670	684
671	948
672	773
672	903
673	688
673	927
675	819
676	993
677	866
678	787
680	688
681	953
682	855
682	954
683	733
684	868
686	896
687	911
689	731
690	959
693	804
695	699
695	870
697	906
698	889
699	804
699	813
701	829
702	947
705	731
705	850
705	941
706	833
710	942
711	945
712	896
715	814
716	781
717	814
719	838
721	935
722	977
725	849
725	905
726	931
727	960
727	992
729	835
731	959
734	877
734	970
740	779
740	835
741	775
744	900
744	922
746	910
747	915
749	885
749	964
749	965
750	899
751	763
754	937
757	780
759	828
760	854
761	843
767	801
767	823
767	838
768	840
769	789
771	936
772	837
777	904
780	958
781	808
781	843
789	845
791	928
791	960
793	924
794	826
794	875
795	909
795	986
796	887
797	838
798	963
799	872
804	942
807	933
807	939
809	995
816	937
819	875
827	933
833	859
833	967
835	910
836	927
843	927
844	866
846	946
848	901
848	963
851	862
856	973
857	972
858	968
865	965
868	919
869	946
872	877
874	910
876	918
876	946
877	962
879	959
881	994
900	917
907	997
912	956
914	924
921	948
924	933
926	993
931	951
932	986
932	999
934	975
944	1000
950	974
951	984
