1	3
1	4
1	6
1	13
1	16
1	20
1	25
1	29
1	35
1	42
1	56
1	59
1	71
1	80
1	87
1	97
1	116
1	149
1	170
1	172
1	192
1	195
1	197
1	212
1	228
1	237
1	240
1	248
1	291
1	303
1	352
1	358
1	365
1	366
1	376
1	460
1	463
1	593
1	596
1	629
1	711
1	738
1	739
1	778
1	795
1	814
1	862
1	895
1	918
1	974
2	11
2	24
2	31
2	49
2	55
2	62
2	71
2	78
2	82
2	105
2	120
2	145
2	146
2	187
2	203
2	220
2	224
2	244
2	247
2	252
2	287
2	307
2	322
2	334
2	345
2	347
2	348
2	419
2	466
2	481
2	483
2	503
2	578
2	608
2	632
2	645
2	666
2	685
2	706
2	712
2	713
2	733
2	769
2	791
2	891
2	913
2	943
2	992
3	12
3	14
3	18
3	25
3	37
3	40
3	43
3	44
3	46
3	48
3	65
3	84
3	86
3	90
3	94
3	101
3	108
3	156
3	165
3	170
3	174
3	182
3	183
3	197
3	242
3	261
3	264
3	268
3	282
3	283
3	333
3	350
3	361
3	373
3	379
3	389
3	444
3	463
3	519
3	522
3	575
3	597
3	607
3	821
3	962
3	969
4	10
4	31
4	52
4	53
4	55
4	83
4	85
4	93
4	102
4	119
4	120
4	122
4	129
4	131
4	140
4	158
4	162
4	204
4	227
4	246
4	249
4	266
4	272
4	291
4	300
4	301
4	308
4	332
4	414
4	432
4	442
4	473
4	479
4	490
4	506
4	543
4	567
4	639
4	689
4	728
4	741
4	805
4	852
4	866
4	904
5	6
5	31
5	43
5	69
5	77
5	92
5	95
5	98
5	113
5	127
5	128
5	139
5	167
5	169
5	177
5	184
5	212
5	224
5	250
5	260
5	275
5	322
5	336
5	371
5	410
5	439
5	457
5	461
5	468
5	518
5	534
5	551
5	605
5	641
5	666
5	737
5	751
5	774
5	796
5	832
5	867
5	887
5	909
5	934
5	953
6	44
6	64
6	75
6	76
6	90
6	115
6	135
6	157
6	158
6	168
6	172
6	176
6	193
6	200
6	201
6	202
6	222
6	254
6	256
6	262
6	268
6	269
6	272
6	279
6	290
6	317
6	322
6	396
6	430
6	468
6	481
6	486
6	504
6	672
6	691
6	705
6	716
6	753
6	757
6	843
6	881
6	910
6	953
7	12
7	14
7	33
7	37
7	44
7	54
7	60
7	67
7	74
7	75
7	85
7	141
7	146
7	177
7	220
7	222
7	224
7	234
7	286
7	337
7	342
7	372
7	437
7	458
7	516
7	522
7	531
7	563
7	600
7	616
7	626
7	668
7	672
7	707
7	715
7	726
7	743
7	808
7	833
7	841
7	901
7	921
7	952
7	960
7	992
8	14
8	16
8	17
8	47
8	58
8	76
8	77
8	81
8	87
8	91
8	133
8	143
8	148
8	199
8	226
8	230
8	231
8	259
8	264
8	271
8	287
8	325
8	333
8	337
8	368
8	394
8	409
8	425
8	434
8	464
8	485
8	490
8	505
8	506
8	539
8	569
8	614
8	638
8	705
8	790
8	802
8	829
8	934
8	967
9	10
9	16
9	17
9	18
9	20
9	21
9	29
9	47
9	51
9	54
9	62
9	129
9	130
9	133
9	136
9	172
9	186
9	198
9	200
9	201
9	223
9	226
9	252
9	303
9	317
9	327
9	341
9	524
9	562
9	568
9	636
9	639
9	660
9	662
9	680
9	700
9	767
9	785
9	827
9	882
9	914
9	947
9	981
10	11
10	13
10	14
10	19
10	22
10	50
10	53
10	57
10	65
10	67
10	95
10	134
10	144
10	186
10	197
10	199
10	213
10	218
10	263
10	280
10	284
10	313
10	317
10	360
10	382
10	385
10	389
10	489
10	585
10	614
10	651
10	662
10	670
10	671
10	684
10	764
10	777
10	814
10	819
10	982
11	74
11	85
11	87
11	89
11	104
11	114
11	121
11	155
11	159
11	196
11	215
11	219
11	280
11	282
11	284
11	302
11	328
11	329
11	335
11	385
11	442
11	453
11	530
11	540
11	576
11	603
11	641
11	650
11	667
11	678
11	719
11	736
11	761
11	780
11	800
11	830
11	866
11	900
11	965
12	16
12	17
12	19
12	24
12	28
12	30
12	35
12	38
12	45
12	62
12	73
12	80
12	111
12	119
12	126
12	160
12	171
12	201
12	202
12	247
12	253
12	281
12	363
12	388
12	425
12	438
12	456
12	476
12	546
12	557
12	564
12	603
12	628
12	663
12	792
12	839
12	917
12	996
13	18
13	21
13	33
13	40
13	41
13	45
13	52
13	53
13	105
13	134
13	135
13	203
13	206
13	217
13	227
13	235
13	240
13	244
13	279
13	283
13	292
13	293
13	311
13	415
13	430
13	451
13	476
13	508
13	510
13	520
13	577
13	610
13	623
13	650
13	695
13	820
13	880
13	986
14	18
14	26
14	35
14	37
14	41
14	43
14	46
14	55
14	56
14	84
14	101
14	118
14	156
14	191
14	211
14	225
14	268
14	275
14	337
14	343
14	368
14	405
14	410
14	426
14	440
14	491
14	505
14	556
14	587
14	622
14	623
14	675
14	746
14	826
14	942
14	963
15	37
15	45
15	50
15	62
15	70
15	72
15	77
15	81
15	87
15	100
15	101
15	114
15	119
15	142
15	145
15	156
15	179
15	209
15	228
15	243
15	258
15	267
15	289
15	307
15	338
15	364
15	387
15	398
15	475
15	486
15	525
15	526
15	584
15	590
15	621
15	638
15	810
15	816
15	912
15	946
16	24
16	28
16	32
16	38
16	39
16	47
16	62
16	68
16	70
16	73
16	89
16	91
16	92
16	111
16	126
16	156
16	166
16	207
16	245
16	306
16	355
16	491
16	523
16	533
16	557
16	574
16	658
16	680
16	701
16	792
16	801
16	851
16	852
16	894
16	923
17	24
17	28
17	33
17	37
17	38
17	42
17	46
17	48
17	53
17	62
17	68
17	78
17	85
17	90
17	101
17	111
17	118
17	126
17	128
17	140
17	150
17	206
17	214
17	215
17	245
17	249
17	257
17	261
17	313
17	376
17	492
17	502
17	506
17	520
17	618
17	826
18	20
18	22
18	25
18	40
18	46
18	48
18	84
18	94
18	97
18	108
18	143
18	152
18	160
18	248
18	341
18	375
18	391
18	395
18	409
18	422
18	425
18	438
18	498
18	511
18	533
18	556
18	628
18	693
18	768
18	823
18	946
18	971
18	975
18	985
19	27
19	30
19	51
19	65
19	67
19	88
19	95
19	108
19	126
19	173
19	180
19	200
19	213
19	218
19	270
19	347
19	404
19	414
19	418
19	423
19	470
19	493
19	539
19	542
19	642
19	681
19	684
19	702
19	708
19	760
19	764
19	777
19	811
19	900
19	917
19	940
20	29
20	34
20	36
20	51
20	79
20	82
20	92
20	129
20	132
20	147
20	172
20	210
20	246
20	282
20	290
20	299
20	306
20	398
20	408
20	413
20	468
20	472
20	481
20	487
20	502
20	537
20	549
20	718
20	774
20	881
20	888
20	903
20	944
20	945
20	955
21	26
21	29
21	42
21	50
21	54
21	85
21	93
21	115
21	132
21	145
21	169
21	186
21	233
21	259
21	273
21	282
21	349
21	358
21	393
21	394
21	402
21	429
21	432
21	443
21	485
21	486
21	517
21	566
21	633
21	691
21	696
21	708
21	785
21	832
21	893
21	915
22	27
22	30
22	32
22	33
22	36
22	45
22	50
22	56
22	57
22	59
22	60
22	63
22	67
22	87
22	109
22	116
22	122
22	140
22	164
22	183
22	195
22	232
22	265
22	345
22	371
22	386
22	403
22	447
22	450
22	586
22	634
22	762
22	814
22	847
22	969
22	978
23	26
23	29
23	31
23	34
23	44
23	55
23	58
23	66
23	77
23	105
23	114
23	115
23	144
23	146
23	153
23	203
23	205
23	210
23	220
23	263
23	267
23	284
23	297
23	318
23	351
23	386
23	391
23	420
23	510
23	525
23	554
23	633
23	679
23	683
23	696
23	847
23	920
23	980
24	25
24	27
24	28
24	38
24	60
24	67
24	68
24	74
24	101
24	128
24	155
24	156
24	166
24	196
24	234
24	239
24	257
24	259
24	335
24	387
24	485
24	502
24	564
24	618
24	629
24	635
24	643
24	828
24	835
24	894
24	909
24	929
24	985
25	30
25	35
25	37
25	40
25	42
25	46
25	48
25	101
25	108
25	111
25	128
25	135
25	151
25	159
25	172
25	179
25	189
25	211
25	216
25	294
25	395
25	435
25	441
25	449
25	491
25	503
25	661
25	677
25	776
25	817
25	849
25	855
25	889
26	31
26	34
26	35
26	36
26	44
26	61
26	84
26	100
26	153
26	156
26	174
26	209
26	236
26	269
26	270
26	284
26	294
26	327
26	328
26	384
26	422
26	428
26	443
26	463
26	477
26	494
26	604
26	657
26	679
26	701
26	705
26	767
26	870
26	920
27	32
27	36
27	39
27	49
27	56
27	63
27	67
27	87
27	88
27	99
27	109
27	195
27	232
27	240
27	244
27	251
27	256
27	298
27	315
27	354
27	401
27	403
27	497
27	545
27	550
27	670
27	733
27	759
27	778
27	847
27	903
27	912
27	966
27	968
28	47
28	58
28	62
28	69
28	71
28	73
28	113
28	124
28	128
28	144
28	166
28	204
28	207
28	236
28	245
28	266
28	273
28	287
28	334
28	448
28	483
28	654
28	721
28	774
28	809
28	810
28	812
28	827
28	885
28	886
28	913
28	935
28	956
29	34
29	42
29	64
29	89
29	96
29	106
29	142
29	145
29	154
29	162
29	240
29	241
29	281
29	314
29	331
29	471
29	499
29	507
29	517
29	566
29	595
29	597
29	609
29	648
29	723
29	804
29	836
29	839
29	894
29	932
29	990
30	42
30	72
30	76
30	93
30	130
30	143
30	147
30	148
30	181
30	190
30	196
30	218
30	265
30	356
30	418
30	455
30	461
30	484
30	499
30	548
30	568
30	571
30	599
30	623
30	646
30	669
30	721
30	738
30	785
30	924
30	955
30	988
31	32
31	34
31	38
31	39
31	44
31	66
31	105
31	120
31	139
31	153
31	273
31	294
31	347
31	384
31	391
31	400
31	434
31	477
31	489
31	542
31	581
31	586
31	627
31	701
31	711
31	752
31	834
31	863
31	867
31	874
31	881
32	36
32	39
32	40
32	56
32	57
32	65
32	80
32	91
32	116
32	142
32	145
32	152
32	160
32	205
32	214
32	244
32	250
32	270
32	338
32	345
32	397
32	423
32	443
32	489
32	528
32	548
32	561
32	592
32	726
32	778
32	828
32	926
33	41
33	46
33	47
33	48
33	53
33	62
33	103
33	118
33	153
33	206
33	227
33	235
33	343
33	345
33	361
33	366
33	404
33	405
33	430
33	508
33	520
33	724
33	786
33	811
33	849
33	880
33	902
33	910
33	929
33	937
33	939
34	39
34	41
34	44
34	46
34	66
34	73
34	93
34	98
34	105
34	122
34	220
34	229
34	252
34	294
34	367
34	424
34	463
34	494
34	499
34	541
34	547
34	719
34	771
34	792
34	816
34	874
34	891
34	892
34	907
35	37
35	39
35	40
35	45
35	48
35	86
35	90
35	148
35	152
35	199
35	211
35	239
35	242
35	343
35	363
35	448
35	488
35	519
35	551
35	561
35	578
35	648
35	706
35	717
35	725
35	731
35	794
35	821
36	40
36	49
36	99
36	109
36	115
36	117
36	121
36	122
36	125
36	145
36	164
36	195
36	231
36	247
36	296
36	298
36	302
36	340
36	354
36	362
36	371
36	403
36	815
36	927
36	973
36	989
37	40
37	55
37	84
37	87
37	113
37	114
37	156
37	242
37	248
37	257
37	296
37	365
37	379
37	432
37	445
37	449
37	487
37	501
37	513
37	517
37	574
37	833
37	844
37	895
38	43
38	61
38	68
38	70
38	72
38	82
38	91
38	126
38	155
38	160
38	161
38	166
38	167
38	171
38	237
38	306
38	400
38	407
38	455
38	520
38	646
38	721
38	742
38	811
38	962
39	66
39	112
39	116
39	167
39	314
39	372
39	474
39	496
39	531
39	541
39	554
39	583
39	604
39	636
39	675
39	687
39	715
39	738
39	766
39	791
39	842
39	853
39	911
39	951
40	46
40	57
40	87
40	99
40	118
40	145
40	188
40	285
40	297
40	345
40	418
40	443
40	469
40	491
40	498
40	589
40	625
40	676
40	727
40	874
40	895
40	967
41	94
41	100
41	159
41	179
41	189
41	198
41	216
41	220
41	280
41	324
41	330
41	356
41	365
41	399
41	407
41	417
41	493
41	577
41	588
41	701
41	883
41	905
41	954
41	974
41	988
42	79
42	108
42	163
42	205
42	269
42	277
42	285
42	318
42	351
42	405
42	527
42	536
42	539
42	571
42	611
42	624
42	644
42	653
42	659
42	710
42	803
42	882
42	897
43	46
43	52
43	79
43	84
43	91
43	94
43	125
43	153
43	229
43	248
43	282
43	337
43	372
43	491
43	518
43	556
43	564
43	628
43	675
43	756
43	790
43	844
43	860
43	908
43	925
44	66
44	87
44	117
44	131
44	136
44	144
44	203
44	229
44	247
44	277
44	284
44	386
44	456
44	479
44	495
44	515
44	532
44	541
44	606
44	726
44	748
44	829
45	57
45	71
45	86
45	101
45	207
45	228
45	232
45	243
45	295
45	298
45	307
45	353
45	370
45	388
45	455
45	464
45	542
45	550
45	686
45	696
45	747
45	823
45	966
45	976
46	51
46	58
46	84
46	89
46	141
46	235
46	242
46	310
46	317
46	343
46	395
46	397
46	495
46	535
46	547
46	698
46	803
46	822
46	878
46	880
47	62
47	73
47	77
47	80
47	86
47	123
47	133
47	154
47	170
47	172
47	218
47	275
47	287
47	325
47	471
47	498
47	520
47	530
47	618
47	882
47	957
47	987
47	996
48	61
48	84
48	106
48	107
48	160
48	228
48	239
48	336
48	367
48	448
48	464
48	678
48	697
48	708
48	716
48	720
48	735
48	758
48	812
48	867
48	882
48	980
49	54
49	85
49	104
49	146
49	280
49	322
49	342
49	369
49	378
49	386
49	493
49	501
49	538
49	567
49	570
49	584
49	619
49	760
49	789
49	817
49	876
49	883
49	952
49	985
50	54
50	88
50	104
50	111
50	230
50	233
50	241
50	326
50	406
50	500
50	509
50	517
50	521
50	526
50	541
50	559
50	601
50	612
50	686
50	859
50	896
50	938
50	993
51	52
51	67
51	74
51	78
51	95
51	97
51	107
51	131
51	148
51	266
51	272
51	304
51	312
51	321
51	354
51	442
51	478
51	531
51	635
51	664
51	681
51	690
51	871
52	69
52	83
52	108
52	202
52	224
52	230
52	321
52	417
52	490
52	537
52	579
52	613
52	667
52	705
52	717
52	807
52	842
52	852
52	871
52	889
52	922
52	925
52	1000
53	74
53	96
53	99
53	121
53	138
53	142
53	175
53	189
53	203
53	213
53	216
53	253
53	260
53	276
53	380
53	392
53	589
53	661
53	720
53	866
53	880
53	882
54	78
54	85
54	93
54	99
54	148
54	189
54	202
54	241
54	263
54	340
54	401
54	477
54	555
54	559
54	567
54	573
54	649
54	654
54	784
54	884
54	921
55	83
55	190
55	301
55	328
55	332
55	334
55	442
55	473
55	513
55	541
55	585
55	587
55	614
55	714
55	717
55	842
55	864
55	865
55	871
55	904
55	925
56	70
56	103
56	117
56	128
56	134
56	152
56	164
56	181
56	214
56	219
56	265
56	295
56	337
56	397
56	467
56	521
56	837
56	892
56	915
56	926
56	993
57	97
57	102
57	108
57	111
57	123
57	149
57	183
57	195
57	210
57	264
57	275
57	383
57	388
57	436
57	495
57	542
57	748
57	815
57	824
57	926
57	940
58	66
58	72
58	105
58	121
58	132
58	136
58	189
58	253
58	283
58	284
58	330
58	359
58	407
58	558
58	613
58	629
58	647
58	679
58	738
58	763
58	820
58	867
59	72
59	84
59	169
59	182
59	186
59	194
59	207
59	233
59	254
59	256
59	295
59	307
59	347
59	411
59	413
59	433
59	459
59	743
59	767
59	777
59	930
59	963
59	986
60	112
60	138
60	165
60	208
60	215
60	227
60	253
60	272
60	285
60	302
60	305
60	335
60	366
60	416
60	540
60	652
60	736
60	797
60	830
60	958
60	970
60	982
61	67
61	77
61	106
61	115
61	124
61	133
61	208
61	230
61	237
61	255
61	292
61	339
61	350
61	444
61	465
61	479
61	496
61	512
61	614
61	676
61	802
61	818
62	74
62	87
62	91
62	105
62	111
62	128
62	144
62	294
62	313
62	426
62	453
62	546
62	558
62	577
62	644
62	655
63	99
63	109
63	116
63	117
63	122
63	124
63	130
63	139
63	166
63	198
63	214
63	295
63	338
63	397
63	440
63	564
63	606
63	610
63	687
63	848
63	913
63	968
63	990
64	110
64	125
64	126
64	148
64	169
64	176
64	183
64	217
64	262
64	317
64	344
64	360
64	413
64	419
64	433
64	451
64	511
64	635
64	645
64	682
64	695
64	978
64	991
65	95
65	117
65	123
65	134
65	179
65	218
65	330
65	341
65	360
65	370
65	500
65	512
65	627
65	634
65	636
65	640
65	681
65	744
65	778
65	868
65	953
66	71
66	120
66	181
66	206
66	210
66	229
66	319
66	396
66	422
66	472
66	484
66	687
66	798
66	807
66	853
66	891
66	947
66	953
67	74
67	89
67	97
67	114
67	165
67	242
67	304
67	367
67	452
67	504
67	736
67	779
67	850
67	861
67	879
67	959
68	73
68	89
68	128
68	137
68	138
68	140
68	144
68	155
68	160
68	224
68	236
68	274
68	306
68	369
68	523
68	558
68	603
68	850
68	856
69	92
69	113
69	171
69	184
69	231
69	249
69	260
69	308
69	330
69	368
69	373
69	416
69	524
69	534
69	584
69	751
69	763
69	782
69	914
69	933
70	72
70	81
70	100
70	228
70	243
70	258
70	267
70	309
70	436
70	438
70	508
70	540
70	552
70	556
70	620
70	624
70	848
70	888
70	964
71	80
71	82
71	108
71	110
71	127
71	213
71	304
71	322
71	374
71	390
71	490
71	514
71	532
71	758
71	765
71	780
71	783
71	970
72	81
72	87
72	173
72	184
72	203
72	243
72	258
72	267
72	305
72	307
72	451
72	452
72	658
72	716
72	841
72	895
72	912
73	116
73	126
73	136
73	166
73	207
73	328
73	353
73	363
73	402
73	438
73	542
73	575
73	621
73	719
73	800
73	864
74	89
74	97
74	112
74	119
74	163
74	165
74	206
74	215
74	304
74	363
74	408
74	416
74	627
74	827
74	850
75	79
75	107
75	110
75	147
75	201
75	223
75	236
75	296
75	343
75	479
75	536
75	592
75	646
75	723
75	728
75	788
75	825
75	839
75	947
75	960
76	90
76	104
76	185
76	311
76	419
76	451
76	508
76	558
76	567
76	572
76	601
76	623
76	635
76	687
76	709
76	723
76	919
76	943
76	962
77	137
77	143
77	231
77	235
77	339
77	350
77	365
77	417
77	424
77	438
77	571
77	644
77	753
77	815
77	902
78	85
78	112
78	150
78	157
78	188
78	197
78	286
78	345
78	476
78	570
78	572
78	595
78	638
78	896
78	952
78	966
78	979
79	83
79	93
79	182
79	201
79	205
79	262
79	270
79	372
79	394
79	402
79	506
79	536
79	583
79	644
79	656
79	699
79	801
80	95
80	108
80	155
80	232
80	265
80	296
80	361
80	370
80	472
80	582
80	624
80	647
80	688
80	795
80	855
80	888
81	86
81	152
81	243
81	262
81	309
81	381
81	387
81	388
81	447
81	509
81	628
81	664
81	686
81	749
81	754
81	901
81	963
82	125
82	157
82	163
82	172
82	196
82	205
82	346
82	395
82	427
82	431
82	462
82	504
82	514
82	545
82	809
82	899
82	979
83	86
83	131
83	162
83	225
83	245
83	326
83	412
83	497
83	537
83	558
83	599
83	608
83	646
83	864
83	890
83	939
83	941
84	170
84	209
84	211
84	379
84	425
84	468
84	472
84	533
84	630
84	759
84	776
84	873
85	120
85	135
85	175
85	219
85	344
85	504
85	611
85	616
85	663
85	788
85	845
85	883
85	938
86	100
86	137
86	177
86	214
86	223
86	264
86	333
86	338
86	339
86	552
86	568
86	569
86	600
86	698
86	973
87	152
87	244
87	264
87	345
87	408
87	430
87	668
87	848
87	934
88	95
88	111
88	117
88	148
88	154
88	190
88	286
88	315
88	326
88	373
88	506
88	526
88	649
88	712
88	869
88	898
88	923
89	104
89	114
89	117
89	215
89	305
89	307
89	314
89	315
89	667
89	690
89	766
89	780
89	828
90	122
90	133
90	191
90	239
90	253
90	263
90	353
90	372
90	373
90	538
90	652
90	674
90	698
90	821
90	985
91	133
91	137
91	144
91	199
91	230
91	251
91	309
91	438
91	485
91	503
91	648
91	835
91	931
91	983
92	124
92	125
92	183
92	200
92	254
92	381
92	387
92	449
92	518
92	545
92	615
92	655
92	672
92	676
92	763
92	786
93	186
93	211
93	231
93	233
93	370
93	502
93	589
93	605
93	776
93	964
93	977
93	986
93	998
94	121
94	143
94	150
94	225
94	248
94	273
94	314
94	349
94	402
94	425
94	441
94	538
94	551
94	800
94	969
95	180
95	200
95	276
95	360
95	385
95	530
95	579
95	625
95	649
95	664
95	919
95	957
96	132
96	179
96	217
96	293
96	333
96	385
96	391
96	428
96	474
96	514
96	520
96	554
96	565
96	725
96	770
96	786
96	849
97	112
97	114
97	232
97	303
97	314
97	385
97	408
97	467
97	550
97	622
97	729
97	872
97	990
98	187
98	210
98	224
98	275
98	286
98	386
98	428
98	432
98	474
98	551
98	567
98	578
98	693
98	760
98	829
98	863
98	936
99	102
99	116
99	157
99	244
99	316
99	319
99	364
99	527
99	542
99	565
99	799
99	897
99	920
100	151
100	179
100	221
100	307
100	387
100	398
100	583
100	603
100	645
100	668
100	681
100	955
100	957
101	139
101	176
101	254
101	283
101	288
101	348
101	409
101	590
101	622
101	663
101	826
102	122
102	134
102	344
102	355
102	383
102	411
102	453
102	454
102	467
102	565
102	575
102	828
102	899
102	906
102	989
103	125
103	151
103	153
103	175
103	189
103	206
103	248
103	341
103	353
103	380
103	381
103	390
103	399
103	641
103	731
103	930
104	165
104	171
104	185
104	190
104	219
104	290
104	409
104	435
104	603
104	678
104	773
104	873
104	928
105	118
105	210
105	297
105	477
105	499
105	525
105	604
105	677
105	776
105	920
105	967
106	114
106	125
106	242
106	278
106	281
106	290
106	387
106	498
106	590
106	617
106	637
106	823
106	909
106	912
106	927
107	110
107	141
107	225
107	271
107	283
107	349
107	361
107	414
107	637
107	643
107	789
107	931
107	944
107	954
107	970
108	142
108	258
108	271
108	579
108	638
108	674
108	689
108	962
108	988
109	134
109	164
109	287
109	319
109	341
109	343
109	345
109	386
109	497
109	568
109	625
109	684
109	841
110	132
110	150
110	192
110	194
110	198
110	229
110	256
110	281
110	300
110	361
110	411
110	432
110	780
111	142
111	191
111	237
111	306
111	336
111	491
111	513
111	556
111	971
112	168
112	186
112	215
112	294
112	305
112	362
112	421
112	462
112	524
112	667
112	861
112	938
113	124
113	171
113	227
113	252
113	267
113	420
113	423
113	482
113	524
113	548
113	617
113	626
113	737
114	156
114	362
114	408
114	417
114	429
114	535
114	757
114	791
114	875
115	157
115	178
115	191
115	309
115	365
115	547
115	682
115	760
115	767
115	836
115	929
115	945
116	119
116	164
116	328
116	349
116	432
116	434
116	467
116	528
116	550
116	562
117	138
117	207
117	209
117	467
117	557
117	648
117	904
117	954
117	956
117	965
118	171
118	182
118	238
118	257
118	275
118	327
118	523
118	529
118	619
118	698
118	859
119	122
119	152
119	164
119	239
119	243
119	309
119	319
119	683
119	696
119	885
119	911
120	185
120	324
120	384
120	413
120	458
120	483
120	596
120	625
120	631
120	911
120	914
121	244
121	253
121	259
121	266
121	278
121	443
121	456
121	599
121	784
121	875
121	883
122	140
122	230
122	772
122	822
122	824
122	825
122	843
122	949
123	134
123	193
123	200
123	231
123	270
123	279
123	496
123	544
123	630
123	651
123	691
123	813
123	900
124	127
124	155
124	166
124	167
124	171
124	184
124	198
124	310
124	390
124	593
125	183
125	320
125	481
125	576
125	633
125	684
125	904
125	938
126	155
126	185
126	186
126	273
126	331
126	810
126	907
126	972
127	139
127	205
127	212
127	255
127	302
127	357
127	368
127	503
127	692
127	706
127	713
127	948
128	160
128	182
128	188
128	313
128	382
128	455
128	894
129	181
129	256
129	331
129	342
129	370
129	379
129	415
129	745
129	754
129	886
129	960
129	991
130	147
130	151
130	191
130	233
130	323
130	414
130	529
130	548
130	607
130	688
130	818
130	998
131	168
131	225
131	226
131	380
131	405
131	412
131	478
131	692
131	775
131	851
131	968
132	161
132	169
132	177
132	181
132	384
132	504
132	660
132	682
132	860
132	874
133	138
133	151
133	157
133	174
133	246
133	333
133	481
133	492
133	512
134	180
134	207
134	241
134	280
134	362
134	404
134	711
134	777
135	138
135	216
135	242
135	277
135	401
135	469
135	562
135	666
135	770
135	889
135	975
136	175
136	204
136	235
136	251
136	253
136	274
136	399
136	424
136	483
136	580
136	994
137	146
137	189
137	230
137	315
137	354
137	393
137	406
137	424
137	787
137	809
137	983
138	143
138	145
138	146
138	151
138	208
138	309
138	620
138	730
138	995
139	173
139	249
139	258
139	265
139	269
139	641
139	718
139	835
139	868
139	934
140	145
140	152
140	319
140	368
140	379
140	423
140	693
140	724
140	883
141	260
141	328
141	539
141	595
141	611
141	627
141	673
141	685
141	718
141	784
141	961
142	150
142	196
142	246
142	451
142	485
142	613
142	703
142	877
143	161
143	192
143	208
143	499
143	615
143	646
143	772
143	916
144	221
144	281
144	546
144	558
144	742
144	887
144	892
145	226
145	258
145	355
145	371
145	417
146	297
146	337
146	391
146	631
146	660
146	732
146	736
146	765
147	240
147	254
147	301
147	431
147	450
147	471
147	786
147	794
147	825
147	988
148	202
148	340
148	346
148	396
148	429
148	521
148	544
149	157
149	227
149	238
149	364
149	406
149	494
149	504
149	523
149	547
149	582
149	649
149	668
150	155
150	188
150	214
150	329
150	364
150	475
150	611
150	928
150	973
151	221
151	374
151	375
151	387
151	778
151	798
151	806
151	888
152	213
152	389
152	412
152	676
152	694
152	849
153	169
153	227
153	421
153	779
153	878
153	911
153	935
153	991
154	241
154	476
154	483
154	497
154	519
154	561
154	631
154	665
154	700
154	876
154	961
155	166
155	654
155	697
155	786
155	878
155	1000
156	218
156	377
156	900
156	932
156	980
157	164
157	188
157	263
157	612
157	618
157	987
158	170
158	194
158	303
158	316
158	331
158	411
158	672
158	688
158	869
158	870
158	905
159	175
159	234
159	283
159	330
159	348
159	469
159	470
159	551
159	704
159	925
160	167
160	363
160	413
160	500
160	831
160	859
161	178
161	245
161	336
161	406
161	412
161	477
161	569
161	689
161	721
161	930
162	211
162	272
162	311
162	450
162	466
162	473
162	689
162	717
162	771
162	880
163	187
163	222
163	379
163	544
163	581
163	602
163	636
163	670
163	759
163	830
164	397
164	399
164	495
164	610
164	617
164	857
165	228
165	534
165	621
165	709
165	729
165	781
165	861
165	994
166	193
166	217
166	363
166	493
166	684
167	184
167	261
167	288
167	346
167	608
167	611
167	737
167	755
168	188
168	204
168	313
168	335
168	367
168	510
168	540
168	576
168	678
168	787
169	236
169	264
169	394
169	576
169	581
169	761
169	795
170	215
170	259
170	299
170	441
170	510
170	602
170	653
170	833
171	239
171	298
171	439
171	518
171	763
171	779
172	238
172	382
172	619
172	703
172	781
172	902
173	197
173	237
173	419
173	462
173	593
173	606
173	739
173	750
173	911
173	919
174	208
174	223
174	271
174	287
174	349
174	406
174	494
174	698
174	906
174	995
175	182
175	274
175	324
175	458
175	478
175	554
175	725
175	852
176	196
176	303
176	352
176	388
176	407
176	447
176	605
176	776
176	974
177	187
177	219
177	220
177	342
177	476
177	892
177	966
177	984
178	246
178	268
178	290
178	321
178	410
178	462
178	466
178	521
178	694
178	817
179	206
179	230
179	431
179	598
179	752
179	762
180	205
180	216
180	249
180	252
180	434
180	630
180	735
180	764
180	992
181	192
181	205
181	326
181	356
181	618
181	820
181	955
182	351
182	448
182	637
182	702
182	888
182	907
183	193
183	226
183	486
183	903
183	915
183	960
184	240
184	286
184	306
184	414
184	492
184	620
184	975
185	352
185	480
185	551
185	559
185	616
185	631
185	761
185	884
186	199
186	481
186	507
186	546
186	711
187	338
187	353
187	516
187	556
187	623
187	752
187	806
187	984
188	220
188	237
188	287
188	329
188	465
188	723
189	217
189	338
189	381
189	534
189	752
190	236
190	341
190	398
190	450
190	461
190	507
190	631
190	700
191	210
191	237
191	283
191	285
191	367
191	532
191	824
192	314
192	411
192	592
192	606
192	690
192	718
192	768
192	891
193	327
193	358
193	390
193	734
193	854
193	877
193	958
193	979
194	290
194	381
194	413
194	453
194	519
194	527
194	563
194	932
194	974
195	291
195	362
195	430
195	437
195	673
195	837
195	989
196	237
196	311
196	534
196	607
196	799
196	954
197	203
197	305
197	355
197	530
197	593
197	601
197	694
198	217
198	293
198	392
198	453
198	461
198	582
198	589
199	245
199	253
199	422
199	489
199	634
199	814
199	922
200	312
200	554
200	640
200	715
200	917
200	982
201	262
201	374
201	447
201	501
201	515
201	534
201	927
202	299
202	318
202	377
202	397
202	846
202	948
202	952
203	352
203	395
203	475
203	519
203	580
204	222
204	301
204	382
204	457
204	602
204	757
204	868
204	941
205	349
205	607
205	657
205	797
206	277
206	430
206	443
206	766
207	239
207	399
207	654
207	943
208	302
208	415
208	444
208	559
208	560
208	657
209	256
209	373
209	380
209	552
209	553
209	749
209	816
210	284
210	293
210	605
210	873
211	329
211	444
211	466
211	511
211	642
212	334
212	359
212	467
212	809
212	813
212	862
212	972
212	978
213	218
213	270
213	404
213	493
213	609
213	919
214	338
214	425
214	610
214	826
214	993
215	255
215	308
215	362
215	540
216	372
216	473
216	577
216	625
216	672
216	958
217	343
217	362
217	784
217	816
217	1000
218	280
218	421
218	446
218	508
219	222
219	241
219	286
219	707
219	738
219	765
220	391
220	525
220	936
220	943
221	298
221	445
221	465
221	596
221	639
221	684
221	885
221	901
222	331
222	468
222	626
222	632
222	789
222	951
223	231
223	266
223	339
223	433
223	465
223	535
223	903
224	342
224	387
224	421
224	522
224	693
225	384
225	412
225	635
225	711
225	805
225	999
226	590
226	643
226	732
226	857
226	881
226	990
227	399
227	522
227	543
227	967
228	273
228	452
228	590
228	937
228	951
229	289
229	316
229	422
229	513
229	690
229	819
230	264
230	819
230	983
231	287
231	512
231	856
231	870
232	354
232	403
232	455
232	853
232	906
232	956
233	240
233	487
233	488
233	539
233	842
233	924
234	367
234	434
234	463
234	478
234	511
234	516
234	536
234	682
235	341
235	350
235	353
235	508
235	555
235	866
236	351
236	411
236	418
236	647
236	797
237	366
237	474
237	821
238	312
238	335
238	553
238	602
238	640
238	694
238	734
238	964
239	278
239	452
239	462
239	502
240	262
240	396
240	595
240	733
241	546
241	660
241	846
241	854
241	896
242	304
242	367
242	908
242	933
243	247
243	264
243	301
243	510
243	560
244	312
244	452
244	772
244	940
245	437
245	788
245	878
245	893
246	360
246	409
246	532
246	560
246	689
247	471
247	502
247	555
247	663
247	831
248	320
248	348
248	620
248	927
249	255
249	331
249	357
249	543
249	594
250	276
250	310
250	401
250	468
250	527
250	698
250	910
250	934
251	278
251	279
251	308
251	470
251	520
251	707
251	730
252	426
252	531
252	559
252	701
252	989
253	420
253	431
254	289
254	320
254	431
254	607
254	669
255	368
255	412
255	491
255	740
255	766
255	987
256	517
256	549
256	696
256	809
257	281
257	346
257	409
257	720
257	741
257	989
258	378
258	437
258	454
258	665
259	271
259	336
259	465
259	592
259	796
260	295
260	393
260	637
260	641
260	795
260	831
261	278
261	304
261	408
261	475
261	685
261	879
261	949
262	542
262	578
262	594
262	965
263	280
263	312
263	318
263	404
263	670
264	872
264	930
265	289
265	354
265	461
265	516
265	793
266	311
266	364
266	384
266	436
266	599
267	316
267	474
267	552
267	614
267	861
268	374
268	377
268	517
268	804
268	808
268	927
269	381
269	393
269	423
269	605
269	863
269	918
270	496
270	572
270	953
270	999
271	287
271	333
271	449
271	472
271	505
272	301
272	321
272	332
272	649
272	710
273	411
273	439
273	608
273	673
274	356
274	392
274	515
274	527
274	721
274	772
274	784
275	336
275	379
275	897
275	941
276	339
276	356
276	380
276	543
276	724
276	849
276	988
277	346
277	375
277	501
277	590
277	709
277	822
278	339
278	342
278	407
278	494
278	677
279	359
279	392
279	441
279	653
279	694
279	901
280	454
280	746
280	803
281	447
281	480
281	512
281	893
282	339
282	369
282	562
282	622
282	975
283	293
283	380
283	766
284	580
284	630
284	908
285	314
285	576
285	622
285	656
285	717
285	757
286	303
286	686
286	919
286	984
287	533
288	340
288	361
288	383
288	506
288	792
288	918
288	937
288	999
289	293
289	368
289	492
289	562
289	799
290	444
290	633
290	655
291	396
291	617
291	728
291	774
291	804
291	831
292	366
292	557
292	591
292	780
292	783
292	902
292	917
293	403
293	695
293	812
294	342
294	375
294	398
295	319
295	321
295	541
295	966
296	493
296	585
296	675
296	909
296	944
297	485
297	505
297	563
297	700
297	808
298	580
298	602
298	693
298	862
299	315
299	346
299	349
299	652
299	658
299	694
300	331
300	433
300	651
300	714
300	818
300	834
300	997
301	334
301	756
301	864
302	435
302	627
302	689
302	949
303	487
303	569
303	793
304	787
304	860
304	986
305	360
305	702
305	735
305	949
306	523
306	692
306	715
307	385
307	624
308	436
308	440
308	479
308	728
308	904
309	754
309	830
309	856
310	356
310	482
310	518
310	667
310	703
310	796
311	416
311	638
311	755
311	979
312	415
312	496
312	523
312	535
313	428
313	471
313	798
313	891
314	664
314	879
315	340
315	429
315	838
315	946
316	327
316	357
316	594
316	666
316	994
317	410
317	793
317	803
317	942
318	536
318	695
318	699
318	834
318	945
319	323
319	749
319	956
320	344
320	440
320	445
320	656
320	867
320	961
321	685
321	741
321	770
321	794
322	332
322	515
322	598
322	830
323	369
323	442
323	457
323	490
323	517
323	674
323	997
324	372
324	428
324	431
324	529
324	686
324	905
325	391
325	416
325	464
325	564
325	570
325	732
325	805
326	402
326	578
326	931
326	932
326	959
327	832
327	933
327	970
327	986
328	652
328	857
328	871
329	471
329	558
329	649
329	655
329	661
330	439
330	537
330	677
330	702
331	369
331	484
332	412
332	629
332	652
332	843
332	996
333	378
333	569
333	595
334	378
334	452
334	865
334	972
335	416
335	627
335	634
335	664
336	597
336	722
336	897
337	706
337	898
337	950
338	555
338	591
339	488
339	505
340	428
340	454
340	509
340	876
341	344
341	352
342	514
342	699
343	420
343	743
344	484
344	634
344	662
344	839
345	734
346	427
346	783
346	946
347	584
347	742
347	746
347	844
347	851
348	448
348	538
348	674
348	729
348	936
349	488
349	600
350	574
350	800
350	832
350	997
350	998
351	469
351	568
351	688
351	763
351	807
352	458
352	548
352	553
352	793
353	381
353	695
353	762
354	475
354	687
354	887
355	356
355	579
355	586
355	747
356	820
357	392
357	420
357	425
357	737
357	804
358	398
358	645
358	930
358	952
358	957
359	403
359	427
359	533
359	666
359	971
360	560
360	751
361	460
361	997
362	678
363	419
363	995
364	420
364	553
364	781
365	433
365	530
365	942
366	586
366	658
366	799
367	707
368	923
369	616
369	665
369	945
370	427
370	669
370	773
371	401
371	407
371	421
371	457
372	535
373	502
373	551
373	691
374	376
374	411
374	665
374	991
375	378
375	400
375	464
375	480
376	388
376	415
376	469
376	579
376	720
377	583
377	671
377	730
377	796
377	899
378	608
378	749
378	785
379	924
380	456
380	663
381	510
382	489
382	570
382	642
382	662
383	481
383	483
383	500
383	573
383	848
384	559
384	675
385	455
385	873
386	632
386	709
388	434
388	454
389	394
389	415
389	425
389	817
389	845
390	393
390	773
390	895
390	950
391	748
392	438
392	535
392	976
393	585
393	696
393	796
394	472
394	529
394	591
395	823
395	862
395	898
396	639
396	813
396	908
397	625
397	783
398	594
398	816
399	553
399	659
400	539
400	724
400	771
400	782
400	863
401	790
401	815
401	916
402	726
402	860
402	984
403	872
403	890
404	538
404	703
404	742
405	430
405	480
405	494
405	678
406	697
406	832
406	995
407	619
407	692
408	679
408	858
409	837
409	866
410	650
410	703
410	716
410	799
412	613
413	745
413	777
414	532
414	650
414	651
415	500
415	598
416	442
416	690
417	573
417	588
417	958
418	466
418	660
418	838
418	844
419	458
419	640
419	812
420	680
420	987
421	437
421	652
421	713
422	730
422	968
422	983
423	512
423	572
423	877
424	461
424	732
424	747
424	916
426	561
426	612
426	658
426	750
426	846
427	516
427	727
427	858
427	957
428	510
428	589
429	571
429	712
429	833
429	923
430	770
431	572
431	580
432	486
432	903
433	570
433	702
433	905
434	608
434	840
435	463
435	577
435	600
435	750
435	879
436	637
436	744
436	838
436	868
437	503
437	626
437	659
438	712
439	492
439	747
439	958
440	445
440	479
440	587
441	756
441	758
441	961
442	923
443	547
444	822
444	954
445	482
445	588
445	697
446	516
446	545
446	664
446	814
446	863
446	982
447	827
447	977
448	480
448	511
449	469
449	470
449	653
450	682
450	768
450	804
451	623
451	691
452	841
453	455
453	526
454	515
454	800
456	474
456	508
456	730
457	530
457	716
457	739
458	656
458	992
459	594
459	604
459	672
459	810
459	898
459	977
460	549
460	659
460	660
460	744
460	946
461	978
462	576
462	855
463	589
464	499
464	762
465	563
465	691
466	505
466	973
467	530
468	739
469	596
470	489
470	490
470	932
471	916
472	695
473	621
473	959
473	976
474	675
475	528
475	552
476	540
476	881
477	531
477	680
478	515
478	607
478	685
479	669
480	587
480	743
482	555
482	604
482	665
482	806
483	673
484	534
484	545
484	879
485	710
486	772
486	807
487	548
487	981
487	991
488	648
488	670
488	929
489	944
490	993
492	740
492	795
493	656
494	936
495	501
495	926
495	990
496	922
496	994
497	584
497	596
497	847
498	528
498	711
498	813
499	935
500	714
500	750
501	514
501	570
503	668
503	938
504	976
505	908
506	918
507	662
507	700
507	768
507	997
509	588
509	658
509	717
509	933
511	556
511	745
512	818
513	604
513	683
513	936
514	566
514	733
515	892
516	531
518	723
518	797
519	563
519	629
521	632
521	671
521	679
522	653
522	789
522	951
523	648
524	584
524	835
524	950
525	707
525	947
525	1000
526	583
526	588
526	601
527	528
527	646
528	620
528	624
529	639
529	699
529	714
531	858
532	582
532	808
533	971
533	985
535	873
536	615
536	829
537	705
537	756
537	959
538	801
538	967
539	950
540	617
541	998
543	597
543	734
543	947
544	633
544	709
544	745
544	918
545	609
545	659
546	815
546	929
547	650
547	905
548	775
549	560
549	764
549	854
549	898
550	753
550	788
550	920
552	722
552	847
553	591
553	834
554	624
554	743
555	819
555	858
557	591
557	640
557	943
559	592
560	731
560	941
561	654
561	671
561	869
562	699
562	899
563	859
564	829
565	785
565	797
565	837
566	622
566	755
566	872
567	998
568	842
569	712
571	647
571	746
572	854
573	626
573	628
573	984
574	857
574	868
574	913
575	603
575	663
575	709
577	651
578	948
579	902
580	748
581	722
581	742
581	914
582	781
582	948
583	896
585	618
585	714
586	824
586	861
587	741
587	983
588	877
591	1000
592	939
593	599
593	935
594	995
595	955
596	644
597	710
597	775
598	653
598	712
598	897
599	890
600	818
600	845
601	626
601	701
602	704
605	887
606	855
606	877
609	782
609	790
609	980
610	725
610	974
611	782
612	686
612	713
612	792
613	729
613	941
614	674
615	680
615	740
615	812
616	851
616	909
617	887
619	889
619	949
620	972
621	798
621	848
628	896
629	860
630	702
630	939
631	769
632	820
632	840
633	914
634	715
635	852
636	765
636	769
637	870
638	677
639	789
640	715
641	666
642	844
642	845
642	917
643	710
643	765
643	961
644	688
645	657
645	840
647	757
647	853
650	805
651	739
654	890
655	669
655	907
656	657
657	855
659	782
661	671
661	856
661	886
662	779
665	806
667	878
668	965
669	781
670	735
671	869
673	755
673	994
674	969
676	771
676	962
677	811
679	756
680	794
681	682
681	850
683	719
683	845
683	968
685	981
687	807
688	907
690	922
692	705
692	731
693	833
697	761
697	915
699	825
700	910
703	793
704	811
704	840
704	865
704	894
706	794
706	835
707	950
708	838
708	840
708	978
710	969
713	960
713	979
714	884
716	773
718	759
719	850
720	999
722	773
722	973
724	819
725	740
726	767
727	791
727	828
727	921
728	737
729	825
731	775
732	791
733	761
734	977
735	915
736	980
740	843
741	838
744	802
744	999
745	910
746	893
747	992
748	771
749	971
750	876
751	779
751	875
752	981
753	951
753	981
754	769
754	841
755	872
758	886
758	890
759	964
760	805
762	774
764	886
768	874
769	836
770	806
775	834
783	931
787	802
787	972
788	884
790	926
798	922
801	836
801	939
802	871
803	851
808	854
810	821
813	889
817	862
822	875
823	843
824	826
827	921
831	876
836	982
837	975
839	912
846	921
846	977
853	865
856	928
857	942
858	931
859	996
864	964
865	963
869	945
870	875
884	906
885	928
885	937
893	940
899	948
900	935
901	956
906	993
913	944
916	924
924	933
925	996
928	959
937	940
942	987
963	965
970	976
