1	11
1	15
1	19
1	23
1	28
1	35
1	38
1	40
1	45
1	93
1	95
1	98
1	102
1	104
1	108
1	112
1	145
1	152
1	187
1	195
1	196
1	201
1	222
1	239
1	248
1	269
1	278
1	305
1	326
1	375
1	391
1	411
1	419
1	426
1	447
1	646
1	656
1	665
1	669
1	746
1	763
1	780
1	788
1	834
1	861
1	891
1	932
1	936
1	955
1	989
2	19
2	27
2	34
2	39
2	74
2	90
2	91
2	93
2	111
2	118
2	119
2	125
2	129
2	136
2	145
2	152
2	158
2	161
2	190
2	193
2	194
2	206
2	222
2	226
2	229
2	250
2	308
2	323
2	343
2	349
2	410
2	423
2	432
2	442
2	455
2	537
2	547
2	576
2	596
2	607
2	609
2	611
2	643
2	716
2	760
2	795
2	894
2	903
3	9
3	12
3	13
3	14
3	15
3	22
3	26
3	28
3	29
3	45
3	49
3	76
3	105
3	113
3	115
3	122
3	189
3	213
3	214
3	230
3	239
3	240
3	249
3	253
3	254
3	276
3	278
3	323
3	336
3	381
3	385
3	395
3	435
3	445
3	474
3	498
3	510
3	571
3	603
3	615
3	639
3	667
3	756
3	801
3	817
3	926
3	930
4	6
4	20
4	25
4	35
4	36
4	37
4	44
4	46
4	48
4	51
4	54
4	92
4	102
4	128
4	130
4	135
4	139
4	146
4	167
4	180
4	187
4	192
4	205
4	264
4	309
4	327
4	333
4	352
4	362
4	363
4	386
4	394
4	419
4	427
4	456
4	507
4	530
4	535
4	541
4	577
4	588
4	780
4	785
4	801
4	852
4	954
5	37
5	44
5	47
5	48
5	80
5	81
5	85
5	99
5	100
5	105
5	111
5	114
5	115
5	133
5	134
5	137
5	145
5	174
5	183
5	193
5	264
5	302
5	331
5	360
5	363
5	436
5	438
5	511
5	531
5	560
5	564
5	616
5	618
5	625
5	670
5	679
5	704
5	705
5	721
5	849
5	862
5	886
5	931
5	953
5	989
6	25
6	35
6	36
6	61
6	73
6	74
6	77
6	90
6	99
6	112
6	113
6	114
6	132
6	155
6	169
6	173
6	177
6	192
6	224
6	234
6	263
6	295
6	307
6	342
6	402
6	416
6	418
6	436
6	454
6	462
6	504
6	534
6	541
6	583
6	622
6	632
6	634
6	652
6	701
6	721
6	726
6	735
6	938
6	954
7	10
7	18
7	19
7	32
7	38
7	71
7	72
7	80
7	85
7	90
7	134
7	136
7	141
7	153
7	156
7	164
7	206
7	267
7	280
7	294
7	326
7	337
7	360
7	364
7	413
7	433
7	493
7	540
7	551
7	553
7	594
7	624
7	631
7	643
7	647
7	675
7	692
7	693
7	700
7	702
7	766
7	830
7	842
7	857
7	956
8	14
8	17
8	26
8	40
8	85
8	90
8	140
8	148
8	149
8	151
8	157
8	167
8	211
8	219
8	287
8	308
8	312
8	320
8	345
8	359
8	371
8	426
8	446
8	516
8	531
8	549
8	566
8	578
8	600
8	602
8	610
8	621
8	691
8	694
8	717
8	728
8	772
8	794
8	822
8	859
8	917
8	938
8	942
8	990
9	12
9	13
9	14
9	22
9	23
9	26
9	38
9	40
9	45
9	68
9	83
9	90
9	103
9	108
9	137
9	147
9	162
9	209
9	230
9	256
9	297
9	311
9	314
9	319
9	340
9	342
9	368
9	369
9	401
9	442
9	479
9	490
9	500
9	571
9	604
9	642
9	739
9	784
9	840
9	864
9	923
9	936
10	11
10	17
10	18
10	32
10	38
10	52
10	55
10	60
10	63
10	71
10	79
10	90
10	94
10	156
10	159
10	172
10	178
10	225
10	238
10	280
10	304
10	309
10	327
10	353
10	368
10	433
10	441
10	554
10	573
10	598
10	605
10	629
10	651
10	658
10	774
10	802
10	843
10	875
10	894
10	972
10	991
11	12
11	16
11	24
11	29
11	32
11	33
11	52
11	77
11	78
11	95
11	121
11	126
11	127
11	148
11	156
11	190
11	197
11	206
11	210
11	226
11	232
11	277
11	279
11	280
11	285
11	312
11	361
11	368
11	375
11	382
11	449
11	478
11	540
11	558
11	627
11	633
11	693
11	737
11	820
12	15
12	24
12	29
12	34
12	46
12	49
12	78
12	110
12	161
12	165
12	171
12	195
12	223
12	232
12	234
12	239
12	272
12	277
12	313
12	342
12	374
12	435
12	485
12	540
12	547
12	567
12	574
12	614
12	628
12	689
12	708
12	774
12	817
12	856
12	904
12	965
12	988
13	22
13	42
13	50
13	53
13	77
13	82
13	106
13	142
13	143
13	146
13	147
13	199
13	203
13	251
13	254
13	350
13	429
13	440
13	458
13	477
13	493
13	498
13	536
13	585
13	615
13	643
13	685
13	707
13	799
13	819
13	822
13	841
13	879
13	881
13	915
13	957
13	966
13	978
14	21
14	23
14	26
14	39
14	43
14	45
14	58
14	77
14	93
14	107
14	110
14	144
14	202
14	254
14	261
14	262
14	298
14	365
14	378
14	381
14	401
14	463
14	470
14	471
14	474
14	479
14	524
14	530
14	552
14	740
14	793
14	800
14	818
14	857
14	902
14	909
14	914
15	21
15	24
15	25
15	31
15	46
15	50
15	99
15	110
15	171
15	174
15	179
15	186
15	192
15	216
15	225
15	231
15	252
15	275
15	279
15	312
15	360
15	384
15	419
15	448
15	463
15	499
15	505
15	525
15	574
15	626
15	679
15	711
15	762
15	770
15	972
15	973
15	984
16	20
16	47
16	50
16	58
16	64
16	65
16	66
16	69
16	82
16	83
16	102
16	109
16	116
16	121
16	129
16	131
16	151
16	212
16	214
16	250
16	269
16	325
16	337
16	389
16	393
16	405
16	412
16	420
16	486
16	497
16	517
16	573
16	727
16	787
16	838
16	921
16	949
16	975
17	26
17	32
17	42
17	91
17	117
17	157
17	165
17	170
17	178
17	219
17	287
17	312
17	320
17	336
17	344
17	359
17	364
17	426
17	453
17	462
17	472
17	491
17	494
17	497
17	499
17	502
17	516
17	578
17	581
17	610
17	627
17	709
17	729
17	775
17	795
17	835
17	960
18	30
18	31
18	32
18	38
18	39
18	45
18	52
18	67
18	78
18	80
18	94
18	105
18	126
18	137
18	140
18	172
18	175
18	195
18	215
18	239
18	249
18	339
18	428
18	458
18	544
18	553
18	558
18	622
18	659
18	693
18	700
18	710
18	736
18	878
18	951
18	986
19	24
19	30
19	36
19	39
19	42
19	57
19	63
19	88
19	95
19	96
19	128
19	129
19	136
19	168
19	204
19	222
19	251
19	267
19	278
19	291
19	304
19	337
19	455
19	562
19	584
19	634
19	641
19	644
19	674
19	712
19	774
19	860
19	894
19	927
19	981
20	36
20	38
20	48
20	50
20	54
20	65
20	68
20	69
20	75
20	85
20	89
20	114
20	118
20	124
20	132
20	167
20	212
20	228
20	229
20	271
20	288
20	313
20	380
20	478
20	539
20	592
20	622
20	629
20	634
20	710
20	731
20	757
20	819
20	839
20	912
20	944
21	27
21	28
21	30
21	32
21	37
21	47
21	55
21	60
21	72
21	84
21	92
21	93
21	107
21	115
21	169
21	181
21	208
21	243
21	255
21	289
21	325
21	348
21	465
21	486
21	518
21	548
21	569
21	657
21	720
21	733
21	772
21	815
21	825
21	843
21	912
21	933
22	23
22	29
22	40
22	43
22	49
22	69
22	75
22	78
22	96
22	100
22	112
22	115
22	147
22	207
22	226
22	231
22	276
22	306
22	335
22	354
22	377
22	409
22	473
22	479
22	559
22	604
22	680
22	756
22	776
22	797
22	813
22	830
22	909
22	910
22	949
23	26
23	39
23	59
23	69
23	70
23	88
23	127
23	151
23	179
23	189
23	245
23	284
23	295
23	351
23	354
23	373
23	380
23	421
23	483
23	509
23	559
23	584
23	650
23	669
23	701
23	773
23	800
23	815
23	817
23	855
23	917
23	949
23	982
23	983
24	26
24	29
24	34
24	44
24	58
24	78
24	95
24	107
24	111
24	121
24	195
24	196
24	201
24	226
24	235
24	239
24	288
24	337
24	346
24	347
24	356
24	361
24	398
24	466
24	472
24	511
24	516
24	537
24	670
24	720
24	796
24	858
24	946
25	26
25	71
25	117
25	143
25	147
25	156
25	177
25	229
25	244
25	306
25	321
25	329
25	332
25	338
25	340
25	350
25	373
25	407
25	408
25	415
25	526
25	529
25	562
25	597
25	626
25	644
25	649
25	657
25	683
25	769
25	792
25	963
25	973
25	980
26	33
26	34
26	40
26	42
26	91
26	107
26	138
26	147
26	203
26	230
26	244
26	256
26	313
26	323
26	377
26	385
26	396
26	411
26	477
26	503
26	505
26	524
26	525
26	561
26	740
26	768
26	830
26	840
26	887
27	29
27	30
27	37
27	51
27	67
27	69
27	72
27	92
27	115
27	120
27	139
27	204
27	220
27	236
27	243
27	247
27	285
27	289
27	299
27	303
27	318
27	325
27	341
27	357
27	404
27	405
27	457
27	492
27	565
27	597
27	606
27	780
27	789
27	927
27	977
28	32
28	34
28	37
28	69
28	72
28	74
28	76
28	79
28	121
28	138
28	169
28	192
28	240
28	258
28	295
28	310
28	325
28	328
28	349
28	371
28	422
28	423
28	438
28	453
28	461
28	462
28	528
28	672
28	676
28	719
28	963
28	980
28	981
28	985
29	44
29	66
29	71
29	86
29	134
29	149
29	154
29	155
29	165
29	176
29	179
29	180
29	212
29	270
29	273
29	317
29	323
29	345
29	383
29	449
29	471
29	543
29	580
29	637
29	638
29	718
29	759
29	824
29	872
29	939
30	31
30	37
30	47
30	51
30	62
30	92
30	124
30	214
30	234
30	236
30	257
30	287
30	292
30	303
30	316
30	357
30	392
30	395
30	401
30	406
30	423
30	460
30	492
30	524
30	530
30	576
30	597
30	606
30	684
30	751
30	843
30	950
31	37
31	56
31	64
31	79
31	98
31	101
31	102
31	120
31	152
31	160
31	178
31	183
31	186
31	227
31	238
31	248
31	287
31	297
31	301
31	344
31	363
31	384
31	563
31	568
31	660
31	726
31	779
31	810
31	823
31	844
31	871
31	907
31	966
32	38
32	42
32	43
32	52
32	64
32	71
32	94
32	96
32	98
32	156
32	172
32	178
32	200
32	223
32	236
32	246
32	309
32	339
32	356
32	458
32	544
32	590
32	618
32	656
32	699
32	706
32	755
32	920
32	955
33	41
33	61
33	74
33	75
33	79
33	101
33	138
33	145
33	177
33	189
33	243
33	295
33	392
33	394
33	419
33	438
33	519
33	534
33	538
33	539
33	587
33	600
33	613
33	667
33	679
33	684
33	714
33	764
33	786
33	796
33	833
33	885
33	940
34	42
34	80
34	85
34	96
34	109
34	111
34	123
34	125
34	128
34	165
34	187
34	191
34	223
34	247
34	276
34	292
34	343
34	376
34	379
34	387
34	425
34	537
34	608
34	650
34	689
34	696
34	799
34	873
34	947
35	41
35	43
35	47
35	61
35	72
35	79
35	85
35	89
35	100
35	119
35	139
35	150
35	166
35	199
35	209
35	238
35	242
35	256
35	258
35	298
35	397
35	439
35	546
35	612
35	647
35	701
35	750
35	767
35	847
35	971
36	54
36	55
36	74
36	76
36	110
36	128
36	135
36	138
36	169
36	228
36	255
36	267
36	305
36	338
36	391
36	427
36	429
36	541
36	553
36	579
36	607
36	640
36	731
36	782
36	877
36	974
36	995
37	71
37	108
37	139
37	145
37	174
37	208
37	289
37	311
37	322
37	342
37	347
37	364
37	403
37	459
37	506
37	507
37	523
37	640
37	661
37	671
37	683
37	853
37	901
37	961
38	42
38	49
38	54
38	97
38	103
38	167
38	173
38	179
38	183
38	197
38	309
38	330
38	479
38	481
38	485
38	536
38	559
38	745
38	760
38	842
38	883
38	887
38	970
39	56
39	57
39	64
39	86
39	87
39	95
39	116
39	152
39	179
39	185
39	187
39	270
39	347
39	382
39	455
39	456
39	498
39	500
39	503
39	551
39	582
39	734
39	759
39	774
39	951
40	45
40	77
40	82
40	97
40	121
40	122
40	187
40	203
40	245
40	280
40	365
40	385
40	445
40	485
40	571
40	581
40	690
40	698
40	710
40	752
40	784
40	822
40	887
40	899
40	906
41	54
41	59
41	70
41	73
41	75
41	80
41	134
41	150
41	173
41	205
41	288
41	403
41	406
41	452
41	456
41	519
41	556
41	598
41	646
41	677
41	698
41	699
41	710
41	764
41	886
41	961
41	969
42	63
42	77
42	89
42	107
42	111
42	117
42	147
42	151
42	196
42	209
42	278
42	452
42	474
42	524
42	632
42	705
42	747
42	790
42	797
42	841
42	906
42	941
43	52
43	56
43	102
43	123
43	133
43	136
43	137
43	140
43	186
43	230
43	231
43	237
43	250
43	293
43	326
43	373
43	459
43	520
43	612
43	616
43	658
43	666
43	684
43	687
43	724
44	57
44	60
44	66
44	78
44	87
44	108
44	110
44	111
44	129
44	165
44	171
44	195
44	196
44	199
44	300
44	313
44	338
44	356
44	432
44	466
44	507
44	510
44	653
44	696
44	749
45	79
45	82
45	107
45	113
45	116
45	134
45	140
45	266
45	319
45	365
45	390
45	452
45	456
45	536
45	550
45	636
45	706
45	841
45	866
45	887
45	975
45	978
45	999
46	54
46	63
46	81
46	86
46	125
46	137
46	184
46	231
46	233
46	245
46	255
46	286
46	380
46	395
46	414
46	489
46	505
46	567
46	619
46	652
46	712
46	732
46	783
46	789
46	827
46	960
47	62
47	82
47	176
47	204
47	262
47	289
47	295
47	307
47	318
47	340
47	350
47	402
47	454
47	482
47	483
47	565
47	578
47	579
47	814
47	868
47	880
47	968
47	977
48	50
48	63
48	65
48	69
48	70
48	85
48	89
48	94
48	95
48	131
48	137
48	151
48	164
48	175
48	217
48	268
48	415
48	416
48	449
48	572
48	594
48	618
48	809
48	854
48	974
49	60
49	86
49	125
49	201
49	270
49	300
49	321
49	334
49	346
49	361
49	378
49	502
49	568
49	639
49	650
49	660
49	675
49	699
49	712
49	718
49	906
49	988
49	992
50	65
50	66
50	67
50	83
50	85
50	89
50	109
50	142
50	189
50	212
50	240
50	311
50	326
50	350
50	396
50	412
50	557
50	572
50	688
50	825
50	854
50	863
51	55
51	92
51	109
51	141
51	144
51	179
51	236
51	237
51	258
51	259
51	261
51	302
51	367
51	400
51	408
51	460
51	472
51	492
51	513
51	547
51	569
51	711
51	905
51	917
52	69
52	94
52	153
52	156
52	172
52	201
52	206
52	226
52	241
52	282
52	290
52	313
52	322
52	326
52	388
52	554
52	555
52	558
52	624
52	682
52	939
52	991
53	64
53	84
53	103
53	122
53	144
53	173
53	182
53	188
53	217
53	222
53	253
53	277
53	371
53	393
53	416
53	418
53	427
53	439
53	476
53	605
53	702
53	791
53	831
53	879
53	890
53	951
54	101
54	105
54	124
54	134
54	144
54	202
54	212
54	229
54	286
54	429
54	441
54	506
54	519
54	564
54	754
54	820
54	877
54	897
54	943
54	985
55	56
55	61
55	73
55	102
55	132
55	135
55	138
55	157
55	169
55	259
55	303
55	316
55	364
55	421
55	447
55	451
55	511
55	517
55	579
55	599
55	732
55	917
56	83
56	88
56	89
56	91
56	126
56	127
56	160
56	189
56	202
56	227
56	242
56	282
56	312
56	321
56	350
56	434
56	513
56	606
56	661
56	704
56	868
56	919
57	59
57	96
57	108
57	110
57	124
57	129
57	164
57	171
57	278
57	296
57	305
57	347
57	349
57	425
57	491
57	509
57	689
57	702
57	718
57	749
57	799
57	856
57	993
58	69
58	70
58	71
58	83
58	88
58	100
58	124
58	131
58	214
58	218
58	347
58	364
58	483
58	517
58	558
58	600
58	642
58	669
58	733
58	750
58	808
58	983
58	1000
59	86
59	87
59	98
59	108
59	120
59	123
59	128
59	154
59	165
59	222
59	223
59	288
59	330
59	407
59	413
59	443
59	489
59	524
59	536
59	641
59	653
59	947
60	110
60	116
60	139
60	180
60	181
60	235
60	254
60	290
60	292
60	317
60	346
60	352
60	471
60	481
60	580
60	596
60	700
60	777
60	808
60	903
60	976
61	71
61	74
61	129
61	145
61	150
61	157
61	174
61	200
61	225
61	249
61	276
61	310
61	332
61	352
61	403
61	406
61	443
61	521
61	671
61	773
61	905
62	63
62	76
62	91
62	101
62	143
62	205
62	211
62	267
62	282
62	299
62	304
62	340
62	350
62	363
62	421
62	429
62	667
62	677
62	748
62	827
62	846
62	892
62	952
63	68
63	76
63	101
63	124
63	126
63	182
63	208
63	221
63	264
63	342
63	429
63	520
63	602
63	698
63	738
63	779
63	790
63	827
63	922
64	84
64	105
64	128
64	190
64	203
64	294
64	300
64	344
64	432
64	487
64	505
64	508
64	577
64	633
64	647
64	698
64	805
64	847
64	907
64	927
65	66
65	69
65	83
65	84
65	85
65	88
65	89
65	101
65	109
65	131
65	136
65	212
65	217
65	219
65	224
65	272
65	371
65	419
65	435
65	514
65	986
66	72
66	83
66	114
66	116
66	119
66	131
66	200
66	220
66	271
66	329
66	380
66	478
66	539
66	651
66	787
66	810
66	912
66	940
66	974
67	82
67	86
67	114
67	208
67	259
67	272
67	322
67	378
67	399
67	404
67	513
67	613
67	664
67	678
67	767
67	793
67	797
67	879
67	880
67	948
67	977
68	81
68	119
68	146
68	151
68	188
68	275
68	343
68	351
68	354
68	685
68	787
68	800
68	816
68	821
68	851
68	882
68	892
68	893
68	918
68	926
69	151
69	164
69	217
69	229
69	354
69	361
69	421
69	542
69	707
69	751
69	791
69	855
69	954
70	88
70	115
70	121
70	151
70	176
70	251
70	257
70	275
70	311
70	314
70	367
70	395
70	416
70	455
70	538
70	705
70	851
70	916
70	942
71	72
71	110
71	172
71	182
71	241
71	277
71	308
71	353
71	433
71	501
71	597
71	659
71	691
71	785
71	888
72	86
72	119
72	139
72	275
72	318
72	322
72	353
72	425
72	565
72	620
72	685
72	732
72	867
72	890
72	895
72	961
73	75
73	150
73	182
73	341
73	346
73	366
73	371
73	381
73	431
73	514
73	556
73	570
73	579
73	595
73	719
73	817
73	846
73	851
73	995
74	80
74	132
74	135
74	167
74	170
74	206
74	255
74	310
74	390
74	489
74	529
74	553
74	649
74	671
74	709
74	734
75	80
75	135
75	145
75	201
75	205
75	255
75	281
75	341
75	392
75	522
75	561
75	602
75	662
75	766
75	859
75	920
75	927
76	130
76	135
76	145
76	174
76	221
76	233
76	236
76	267
76	299
76	307
76	328
76	390
76	589
76	635
76	760
76	934
76	954
77	116
77	149
77	203
77	240
77	323
77	362
77	401
77	411
77	412
77	447
77	484
77	708
77	865
77	915
77	941
78	160
78	165
78	176
78	196
78	223
78	237
78	300
78	368
78	503
78	582
78	753
78	755
78	810
78	826
78	842
79	92
79	197
79	199
79	243
79	298
79	314
79	318
79	331
79	353
79	358
79	423
79	657
79	663
79	715
79	928
80	137
80	150
80	217
80	244
80	250
80	412
80	420
80	459
80	533
80	538
80	556
80	622
80	764
80	930
81	91
81	133
81	138
81	143
81	223
81	299
81	348
81	427
81	448
81	520
81	531
81	575
81	586
81	651
81	812
81	889
81	954
81	972
82	113
82	157
82	181
82	209
82	379
82	422
82	526
82	541
82	550
82	645
82	837
82	844
82	874
82	906
82	923
83	85
83	89
83	129
83	154
83	258
83	264
83	268
83	306
83	396
83	415
83	542
83	680
83	910
83	929
84	116
84	130
84	197
84	231
84	252
84	259
84	294
84	314
84	379
84	508
84	543
84	545
84	589
84	604
84	754
84	833
84	998
85	146
85	213
85	307
85	343
85	391
85	404
85	486
85	570
85	705
85	979
85	982
86	94
86	95
86	117
86	129
86	180
86	196
86	289
86	425
86	526
86	627
86	876
86	891
86	924
86	935
87	125
87	154
87	163
87	179
87	181
87	187
87	194
87	230
87	237
87	300
87	467
87	559
87	591
87	628
87	676
87	753
87	924
88	100
88	127
88	130
88	207
88	240
88	243
88	249
88	284
88	426
88	494
88	603
88	670
88	733
88	811
89	92
89	106
89	131
89	212
89	217
89	228
89	387
89	494
89	557
89	805
89	838
89	950
90	91
90	93
90	162
90	211
90	233
90	310
90	542
90	566
90	629
90	651
90	689
90	722
90	770
90	868
91	104
91	132
91	137
91	168
91	236
91	340
91	414
91	444
91	561
91	676
91	709
91	796
91	807
92	96
92	138
92	209
92	232
92	281
92	404
92	715
92	786
92	789
92	918
92	952
92	979
92	1000
93	126
93	158
93	173
93	193
93	211
93	246
93	262
93	334
93	348
93	716
93	722
93	813
93	903
93	953
94	109
94	153
94	178
94	200
94	327
94	353
94	392
94	418
94	544
94	599
94	716
94	766
94	816
95	96
95	108
95	111
95	129
95	184
95	231
95	237
95	274
95	315
95	408
95	448
95	527
96	127
96	129
96	143
96	154
96	171
96	194
96	195
96	475
96	509
96	638
96	812
96	906
97	110
97	125
97	165
97	175
97	190
97	235
97	248
97	254
97	380
97	444
97	624
97	631
97	752
97	755
97	776
97	947
97	987
98	110
98	113
98	247
98	273
98	274
98	304
98	311
98	379
98	433
98	522
98	602
98	630
98	651
98	802
98	827
99	101
99	163
99	166
99	168
99	176
99	225
99	270
99	466
99	523
99	531
99	567
99	585
99	633
99	672
99	803
99	972
100	249
100	256
100	268
100	298
100	303
100	714
100	762
100	806
100	845
100	868
100	884
100	942
100	976
101	108
101	141
101	146
101	216
101	253
101	265
101	344
101	482
101	541
101	666
101	781
102	132
102	137
102	160
102	218
102	220
102	268
102	327
102	342
102	629
102	717
102	856
102	932
103	125
103	150
103	180
103	210
103	252
103	339
103	354
103	414
103	430
103	508
103	510
103	562
103	617
103	664
103	918
104	134
104	141
104	148
104	158
104	160
104	173
104	199
104	281
104	339
104	480
104	656
104	693
104	716
104	742
104	865
104	902
105	166
105	289
105	367
105	369
105	390
105	439
105	442
105	522
105	543
105	593
105	750
105	876
105	998
106	123
106	202
106	210
106	297
106	311
106	316
106	321
106	327
106	489
106	503
106	512
106	708
106	730
106	756
106	801
106	813
107	147
107	160
107	202
107	266
107	277
107	284
107	358
107	365
107	457
107	525
107	792
107	899
108	123
108	181
108	195
108	262
108	284
108	384
108	490
108	596
108	734
108	948
109	214
109	247
109	269
109	283
109	415
109	450
109	466
109	635
109	882
109	990
109	1000
110	118
110	121
110	261
110	306
110	728
110	742
110	842
111	125
111	128
111	184
111	191
111	217
111	400
111	562
111	650
111	747
111	880
112	160
112	163
112	219
112	228
112	233
112	261
112	342
112	371
112	374
112	453
112	509
112	523
112	637
112	715
113	116
113	147
113	148
113	266
113	319
113	445
113	489
113	660
113	728
113	762
113	813
113	865
114	191
114	220
114	272
114	316
114	319
114	365
114	394
114	487
114	534
114	639
114	644
114	908
115	159
115	318
115	336
115	337
115	401
115	723
115	743
115	754
115	758
115	797
115	999
116	437
116	439
116	464
116	552
116	739
116	900
116	903
116	913
116	994
117	119
117	170
117	287
117	317
117	447
117	475
117	478
117	491
117	508
117	515
117	578
117	693
117	709
118	185
118	193
118	357
118	476
118	591
118	598
118	612
118	741
118	861
118	910
118	944
118	951
118	978
119	139
119	316
119	610
119	640
119	706
119	734
119	787
119	793
119	918
119	995
120	143
120	159
120	168
120	225
120	267
120	359
120	451
120	455
120	511
120	583
120	625
120	724
120	943
121	165
121	179
121	192
121	210
121	574
121	670
121	697
121	702
121	883
122	130
122	151
122	181
122	246
122	269
122	344
122	428
122	481
122	484
122	585
122	657
122	688
122	907
123	201
123	234
123	273
123	296
123	305
123	417
123	469
123	485
123	579
123	814
123	861
124	174
124	199
124	235
124	281
124	307
124	403
124	823
124	849
124	958
125	232
125	334
125	463
125	665
125	674
125	699
125	998
126	147
126	154
126	175
126	223
126	235
126	449
126	532
126	556
126	631
126	982
127	140
127	151
127	271
127	344
127	353
127	354
127	638
127	741
127	816
127	921
128	201
128	336
128	383
128	398
128	473
128	517
128	668
128	799
129	179
129	191
129	440
129	776
129	948
130	132
130	253
130	277
130	279
130	314
130	370
130	388
130	439
130	508
130	732
131	163
131	214
131	500
131	521
131	572
131	684
131	726
131	778
131	892
132	159
132	192
132	288
132	613
132	631
132	676
132	723
132	735
133	144
133	163
133	183
133	186
133	221
133	331
133	363
133	501
133	512
133	624
133	809
133	934
134	137
134	366
134	378
134	554
134	625
134	727
134	790
134	852
135	139
135	170
135	507
135	516
135	539
135	646
135	663
135	738
135	871
136	173
136	198
136	317
136	330
136	337
136	580
136	600
136	688
136	722
136	770
137	473
137	486
137	836
137	889
137	902
138	155
138	378
138	403
138	409
138	474
138	539
138	607
138	933
139	167
139	175
139	213
139	283
139	341
139	343
139	400
140	180
140	279
140	500
140	519
140	655
140	725
140	747
140	780
140	848
141	157
141	160
141	198
141	238
141	274
141	290
141	414
141	504
141	646
141	811
142	153
142	194
142	290
142	327
142	407
142	526
142	577
142	590
142	660
142	702
142	744
142	781
143	145
143	183
143	294
143	359
143	393
143	563
143	631
143	749
144	182
144	186
144	265
144	280
144	325
144	496
144	695
144	925
144	928
145	146
145	227
145	341
145	550
145	922
146	167
146	264
146	282
146	325
146	520
146	666
146	697
146	758
147	443
147	512
147	536
147	832
147	860
148	152
148	166
148	248
148	345
148	388
148	475
148	623
148	703
148	794
148	807
149	157
149	170
149	288
149	346
149	472
149	515
149	703
149	794
149	806
149	837
149	983
150	167
150	213
150	244
150	406
150	450
150	474
150	607
150	827
151	261
151	284
151	727
151	855
152	188
152	348
152	375
152	460
152	484
152	599
152	739
152	848
152	975
153	200
153	238
153	327
153	394
153	445
153	504
153	914
153	959
153	968
153	986
154	159
154	174
154	194
154	298
154	387
154	450
154	873
154	965
155	174
155	283
155	382
155	391
155	421
155	548
155	549
155	630
155	806
155	820
155	850
156	167
156	271
156	290
156	433
156	451
156	485
156	495
157	162
157	170
157	375
157	635
157	900
157	964
158	254
158	362
158	521
158	547
158	609
158	628
158	722
158	778
158	804
158	999
159	162
159	232
159	279
159	386
159	417
159	694
159	862
159	868
160	319
160	351
160	431
160	583
160	746
161	246
161	251
161	313
161	334
161	398
161	493
161	637
161	686
161	741
161	795
161	907
162	198
162	208
162	372
162	415
162	431
162	502
162	765
162	804
162	999
163	175
163	239
163	301
163	566
163	619
163	779
163	882
163	898
164	311
164	707
164	807
164	835
164	930
164	931
164	952
164	977
164	990
165	192
165	250
165	462
165	582
166	210
166	252
166	260
166	295
166	308
166	430
166	633
166	691
166	863
167	310
167	497
167	674
167	862
168	233
168	293
168	345
168	451
168	478
168	637
168	704
168	788
168	984
169	228
169	271
169	318
169	335
169	374
169	488
169	904
169	940
170	219
170	273
170	320
170	333
170	377
170	472
170	938
171	187
171	243
171	261
171	347
171	394
171	397
171	409
171	670
172	193
172	312
172	332
172	465
172	539
172	544
172	617
172	834
173	255
173	372
173	609
173	655
173	765
173	908
174	231
174	355
174	378
174	544
174	559
175	180
175	215
175	277
175	349
175	458
175	783
175	873
176	195
176	383
176	510
176	606
176	662
176	691
176	926
177	229
177	232
177	244
177	278
177	407
177	437
177	487
177	681
177	781
178	226
178	254
178	274
178	334
178	519
178	710
178	965
179	349
179	375
179	408
180	190
180	273
180	413
180	787
180	963
181	368
181	370
181	477
181	636
181	745
181	991
182	246
182	253
182	642
182	761
182	832
182	890
182	896
183	288
183	331
183	626
183	798
183	829
183	848
183	863
184	213
184	255
184	344
184	384
184	419
184	620
184	652
184	721
184	839
185	199
185	218
185	313
185	382
185	440
185	467
185	591
185	682
185	897
185	920
186	225
186	237
186	248
186	434
186	613
186	804
186	845
187	270
187	300
187	425
187	803
187	879
188	193
188	248
188	348
188	375
188	480
188	507
188	678
188	681
188	705
189	276
189	399
189	445
189	736
189	840
189	915
189	996
190	292
190	304
190	424
190	487
190	765
190	776
190	847
191	218
191	252
191	614
191	668
191	742
191	744
191	753
191	902
192	203
192	207
192	364
192	417
192	534
193	202
193	218
193	278
193	291
193	544
193	925
194	210
194	274
194	347
194	461
194	467
194	576
194	685
195	409
195	491
195	675
195	923
196	278
196	562
196	586
196	665
196	777
196	958
197	200
197	237
197	353
197	401
197	504
197	598
197	836
197	875
198	362
198	583
198	611
198	655
198	714
198	794
198	829
198	883
198	949
199	283
199	640
199	707
199	909
199	938
200	251
200	304
200	464
200	659
200	861
200	888
201	241
201	291
201	461
201	527
201	932
202	269
202	362
202	468
202	496
202	528
202	555
203	489
203	499
203	515
203	526
203	587
203	696
204	208
204	245
204	320
204	322
204	387
204	437
204	518
204	866
204	945
205	262
205	299
205	456
205	587
205	731
205	749
205	761
205	979
206	280
206	326
206	333
206	446
206	458
206	706
207	284
207	358
207	389
207	479
207	552
207	616
207	707
207	865
208	262
208	309
208	357
208	488
208	526
209	266
209	422
209	434
209	484
209	640
209	828
210	291
210	683
210	711
210	727
210	903
211	250
211	480
211	502
211	623
211	816
211	853
211	938
212	365
212	393
212	719
212	971
213	560
213	669
213	716
213	870
213	930
213	997
214	269
214	351
214	592
214	809
214	818
215	280
215	335
215	421
215	597
215	621
215	642
215	672
215	745
215	884
216	340
216	398
216	422
216	452
216	464
216	554
216	591
216	652
216	704
217	269
217	403
217	815
217	850
218	237
218	241
218	263
218	277
218	337
218	381
219	263
219	283
219	389
219	623
219	629
219	728
220	275
220	282
220	295
220	376
220	841
220	912
220	998
221	255
221	264
221	286
221	320
221	459
221	513
221	564
221	713
222	287
222	397
222	476
222	620
222	689
222	690
223	413
223	443
223	755
223	835
224	228
224	248
224	318
224	406
224	507
224	518
224	537
224	663
224	686
225	238
225	341
225	542
225	691
225	753
226	280
226	326
226	368
226	438
226	857
227	244
227	322
227	329
227	350
227	499
227	545
227	609
227	726
228	310
228	584
228	588
228	694
228	743
229	244
229	425
229	532
229	680
229	744
230	303
230	335
230	615
230	722
230	959
230	982
231	499
231	546
231	568
231	917
232	352
232	490
232	532
232	625
232	763
233	245
233	354
233	453
233	505
233	788
233	926
234	263
234	285
234	296
234	405
234	408
234	494
234	574
235	323
235	387
235	458
235	546
235	777
235	854
236	354
236	370
236	404
236	418
236	460
237	578
237	584
237	720
238	303
238	420
238	486
238	908
238	972
239	339
239	485
239	649
239	650
239	704
240	495
240	555
240	643
240	819
240	830
240	870
241	292
241	316
241	330
241	381
241	543
241	548
241	650
242	308
242	356
242	440
242	677
242	711
242	727
242	820
242	826
242	836
243	329
243	397
243	711
243	746
243	855
244	557
244	575
244	621
244	763
245	414
245	424
245	463
245	542
245	690
246	285
246	383
246	427
246	860
246	989
247	285
247	504
247	633
247	785
247	830
247	857
248	349
248	645
248	724
249	271
249	494
249	786
249	800
249	884
250	373
250	424
250	587
250	943
251	256
251	358
251	714
251	884
251	948
252	289
252	430
252	454
252	872
252	961
253	279
253	296
253	755
253	756
253	914
254	266
254	524
254	555
255	352
255	390
256	343
256	383
256	441
256	869
256	880
257	302
257	377
257	380
257	518
257	703
257	910
257	957
257	981
258	446
258	654
258	681
258	806
258	933
258	977
259	412
259	492
259	555
259	812
259	821
259	933
260	286
260	444
260	482
260	492
260	511
260	538
260	638
260	641
260	852
261	306
261	473
261	816
261	910
262	297
262	488
262	653
262	843
263	285
263	315
263	390
263	593
263	878
263	990
264	429
264	626
264	661
264	684
265	370
265	373
265	424
265	525
265	771
265	783
265	871
265	889
266	528
266	603
266	673
266	854
266	994
267	360
267	438
267	690
267	703
268	321
268	334
268	389
268	559
268	576
268	850
269	420
269	536
269	592
270	413
270	614
270	666
270	804
270	922
271	421
271	557
271	571
271	669
272	315
272	332
272	395
272	550
272	801
272	946
273	346
273	435
273	440
273	487
273	860
274	278
274	290
274	326
274	329
274	660
275	395
275	685
275	759
275	768
275	878
276	330
276	365
276	525
276	575
276	947
277	293
277	410
278	656
279	560
279	810
279	825
279	934
280	428
280	496
281	439
281	490
281	777
281	835
281	869
281	982
282	331
282	338
282	500
282	621
282	820
283	324
283	425
283	851
283	877
283	969
284	389
284	506
284	571
284	1000
285	457
285	642
285	876
285	895
286	416
286	436
286	472
286	548
286	570
286	584
287	310
287	563
287	803
287	960
288	416
288	602
288	913
289	424
289	601
290	506
290	640
290	870
291	361
291	434
291	522
291	689
291	970
292	324
292	702
292	751
292	935
293	323
293	345
293	432
293	436
293	466
293	928
294	315
294	331
294	420
294	589
294	907
295	432
295	877
296	376
296	386
296	477
296	769
296	777
297	328
297	404
297	439
297	528
297	612
298	454
298	544
298	648
298	783
299	379
299	484
299	535
299	614
300	662
300	665
300	766
301	305
301	307
301	465
301	570
301	667
301	795
301	997
302	322
302	562
302	646
302	772
302	842
302	937
303	644
303	765
303	970
304	555
304	618
304	785
305	467
305	470
305	668
305	712
306	321
306	407
306	509
306	680
307	400
307	469
307	532
308	634
308	665
308	726
308	782
309	339
309	358
309	375
309	693
310	732
310	742
311	385
311	585
312	558
312	661
312	773
313	476
313	741
314	319
314	370
314	756
314	771
315	418
315	427
315	529
315	538
315	881
316	531
316	601
316	871
317	379
317	490
317	678
317	897
317	965
318	401
318	530
319	603
319	825
319	885
320	411
320	662
320	703
320	741
321	361
321	423
321	760
322	438
322	997
323	818
323	923
324	428
324	589
324	641
324	831
324	832
324	944
324	971
325	417
325	460
325	772
326	432
327	469
327	700
328	367
328	413
328	507
328	565
328	654
328	824
329	435
329	644
329	647
329	708
330	370
330	379
330	386
330	590
331	462
331	549
331	568
332	453
332	542
332	556
332	648
332	997
333	402
333	450
333	608
333	713
333	786
333	985
334	430
334	567
334	631
335	630
335	758
335	815
335	838
335	884
336	399
336	561
336	811
336	900
336	947
337	641
337	927
338	435
338	561
338	613
338	679
338	935
339	535
339	636
339	791
340	463
340	616
340	931
341	391
341	435
341	575
342	473
342	535
343	488
343	793
343	925
344	578
344	757
345	465
345	552
345	920
345	936
346	451
346	620
346	643
347	376
347	564
348	372
348	585
348	611
348	891
349	409
349	587
349	749
350	872
350	994
351	638
351	731
351	733
351	779
351	893
352	765
352	786
352	798
352	904
353	368
353	480
354	377
355	458
355	470
355	512
355	737
355	757
355	858
355	958
356	529
356	598
356	669
356	704
357	449
357	628
357	869
357	957
358	714
358	776
358	957
359	475
359	484
359	531
359	581
360	372
360	424
360	782
360	973
361	678
361	713
362	581
362	864
362	896
363	501
363	572
363	984
364	482
364	869
365	700
366	443
366	496
366	521
366	565
366	735
366	852
367	370
367	410
367	875
367	969
368	624
369	454
369	471
369	489
369	506
369	743
369	832
370	616
371	443
371	506
372	656
372	729
372	839
372	964
373	433
373	566
373	694
374	386
374	501
374	620
374	723
374	833
375	398
376	403
376	478
376	612
376	826
377	561
377	609
377	840
378	436
378	637
379	753
380	446
380	503
381	950
381	960
381	996
382	586
382	590
382	712
382	911
383	461
383	668
383	866
384	434
384	549
384	552
384	676
385	409
385	413
385	780
385	971
386	595
386	801
386	995
387	442
387	595
387	893
388	428
388	590
388	888
388	939
388	948
389	417
389	473
389	557
390	592
390	952
391	433
391	467
391	608
392	527
392	808
392	898
392	922
393	407
393	743
393	798
393	824
394	450
394	530
394	697
395	663
395	857
396	416
396	539
396	729
396	936
396	1000
397	418
397	490
397	720
397	944
398	442
398	746
398	794
399	482
399	701
399	833
399	870
399	986
400	420
400	517
400	687
400	885
401	790
402	414
402	418
402	525
402	560
402	782
403	477
404	729
404	994
405	508
405	577
405	681
405	698
405	814
406	658
406	721
406	895
407	899
407	962
408	695
408	823
408	962
409	471
409	534
410	431
410	444
410	803
410	953
410	975
411	566
411	591
411	611
411	850
412	497
412	548
412	572
413	552
414	582
414	762
415	420
415	719
415	761
416	488
417	514
417	919
417	940
418	914
419	849
419	913
420	468
421	483
422	447
422	520
422	536
422	688
423	533
423	789
423	838
424	438
424	533
425	449
426	451
426	452
426	494
426	970
427	495
427	909
428	853
428	879
428	896
429	527
429	802
430	465
430	573
430	878
430	993
431	547
431	557
431	595
431	596
432	653
432	915
433	527
434	444
434	513
434	533
435	687
436	643
436	768
436	939
437	498
437	709
437	864
437	901
437	905
438	501
440	479
440	839
441	468
441	469
441	690
441	714
442	655
442	834
443	556
444	619
444	781
445	530
445	814
446	496
446	601
446	646
447	480
447	844
448	498
448	571
448	773
448	921
449	605
450	456
450	993
451	936
452	790
452	978
453	711
453	742
454	540
454	735
455	673
455	800
456	925
457	493
457	697
457	754
457	768
459	494
459	514
459	569
460	604
460	647
461	476
461	574
461	781
462	853
462	867
463	570
463	870
464	474
464	487
464	570
464	844
465	545
465	967
466	645
466	679
467	582
467	723
468	512
468	674
468	912
468	992
469	594
469	694
469	892
470	554
470	713
470	892
470	963
471	627
471	851
472	964
473	921
474	981
475	668
475	739
475	778
476	550
476	924
477	540
477	601
478	925
479	893
480	520
480	686
481	508
481	791
481	834
481	964
482	652
482	659
483	510
483	635
483	789
484	896
485	833
486	635
486	744
487	941
488	601
488	979
490	897
491	581
491	715
491	853
492	518
492	859
493	527
493	632
493	858
495	725
495	784
495	805
495	916
496	540
496	933
497	672
497	718
497	730
498	730
498	784
499	738
499	973
500	828
500	984
501	586
501	958
502	543
502	703
502	969
503	564
503	824
504	522
504	733
505	582
505	889
506	730
509	706
509	886
510	634
510	831
511	549
511	757
512	832
512	967
513	937
513	969
514	523
514	690
514	985
515	740
515	795
515	867
515	929
516	610
516	942
516	970
517	683
517	798
518	928
518	932
519	563
519	858
520	761
521	527
521	692
521	929
522	658
522	682
523	533
523	877
523	898
524	671
525	607
526	980
528	639
528	748
528	750
529	752
529	962
529	994
530	815
531	717
532	759
532	837
532	923
533	828
533	843
534	838
534	987
535	737
535	943
535	980
537	545
537	674
537	813
538	619
538	648
540	802
541	560
541	956
542	996
543	681
543	860
545	750
545	863
545	867
546	551
546	719
546	882
546	976
547	569
547	655
548	814
548	952
549	852
549	958
550	677
550	882
551	592
551	700
551	956
551	974
552	926
553	706
553	810
553	991
554	679
554	698
555	828
556	919
557	967
558	592
558	775
559	983
560	569
560	924
561	848
562	944
563	625
563	812
564	568
565	737
566	623
567	705
567	737
568	713
569	946
572	915
573	675
573	718
573	831
574	881
575	630
575	639
576	597
576	772
577	632
577	636
579	950
580	611
580	628
580	673
581	886
583	768
583	913
584	932
585	588
586	771
586	939
587	826
588	608
588	615
588	913
589	782
589	883
590	959
591	648
593	809
593	863
593	895
593	931
594	632
594	761
594	911
595	671
595	687
596	600
596	654
598	662
599	639
599	653
599	736
600	673
601	964
602	908
603	808
603	821
604	874
604	895
605	654
605	805
605	873
606	616
606	981
607	620
608	610
608	752
609	645
610	709
611	991
612	951
613	695
614	649
614	873
615	855
615	862
617	630
617	686
617	691
617	875
618	888
618	919
619	627
619	988
621	678
621	966
622	710
622	872
623	645
623	946
624	911
625	929
626	636
626	898
627	788
628	751
629	673
630	769
632	867
633	874
634	680
635	945
636	715
637	697
638	983
641	839
642	695
644	918
645	692
647	847
648	941
648	956
649	675
649	745
651	682
652	971
653	672
654	821
654	949
655	902
656	953
657	683
657	980
658	682
658	817
659	798
659	802
660	901
661	676
661	771
662	837
663	670
663	747
664	699
664	825
664	916
664	955
665	940
666	713
666	805
667	818
667	989
668	734
671	899
672	887
673	871
674	854
675	775
677	778
677	836
678	763
680	937
681	758
682	692
683	686
684	993
685	688
686	987
687	856
687	962
688	935
692	886
692	959
694	721
695	880
695	931
696	731
696	899
696	967
697	974
699	965
701	724
701	919
707	992
708	804
708	864
712	834
715	769
716	724
717	725
717	792
717	836
720	746
723	758
725	736
725	993
728	942
729	803
730	767
735	754
736	739
738	845
738	849
740	885
740	941
743	819
744	922
745	955
747	818
748	937
748	966
748	967
751	968
752	894
757	796
759	807
760	975
762	966
763	924
764	909
764	960
766	898
767	896
767	968
769	988
770	821
770	946
771	846
773	808
774	901
775	824
775	985
778	988
779	866
783	812
784	862
785	850
788	920
791	847
792	935
792	987
793	829
796	809
797	856
799	916
806	848
807	846
811	823
811	997
819	929
822	956
822	990
823	908
826	930
828	992
829	831
829	894
835	881
837	986
840	921
841	874
844	928
845	846
845	849
858	876
859	872
859	968
861	869
864	911
865	885
866	999
874	900
875	881
876	916
878	987
883	890
888	904
889	973
890	934
891	934
891	959
893	998
897	911
900	963
901	943
904	955
905	957
905	992
914	950
937	978
945	961
945	979
945	996
953	989
962	984
976	995
976	996
