1	2
1	19
1	24
1	32
1	34
1	37
1	40
1	44
1	80
1	90
1	93
1	95
1	104
1	108
1	125
1	128
1	150
1	152
1	162
1	165
1	171
1	173
1	196
1	241
1	248
1	256
1	270
1	271
1	279
1	305
1	335
1	345
1	412
1	440
1	442
1	502
1	611
1	655
1	668
1	722
1	752
1	753
1	754
1	765
1	804
1	861
1	877
1	902
1	935
1	944
2	4
2	5
2	10
2	16
2	19
2	23
2	24
2	34
2	35
2	44
2	57
2	74
2	87
2	90
2	95
2	96
2	108
2	118
2	128
2	152
2	157
2	158
2	162
2	173
2	188
2	218
2	240
2	313
2	347
2	348
2	431
2	436
2	537
2	542
2	547
2	559
2	582
2	587
2	609
2	611
2	656
2	712
2	722
2	944
2	953
2	968
2	988
3	9
3	10
3	13
3	14
3	21
3	22
3	26
3	38
3	61
3	76
3	106
3	115
3	125
3	170
3	189
3	199
3	215
3	230
3	240
3	251
3	254
3	260
3	261
3	262
3	297
3	311
3	323
3	336
3	361
3	377
3	399
3	401
3	405
3	472
3	498
3	503
3	611
3	615
3	652
3	736
3	743
3	762
3	819
3	830
3	840
3	926
3	978
4	6
4	20
4	33
4	36
4	47
4	55
4	61
4	73
4	74
4	76
4	90
4	100
4	112
4	118
4	121
4	126
4	132
4	135
4	145
4	159
4	161
4	164
4	167
4	244
4	258
4	260
4	285
4	310
4	342
4	360
4	394
4	409
4	450
4	497
4	504
4	507
4	548
4	602
4	632
4	814
4	833
4	835
4	900
4	945
4	985
5	6
5	15
5	43
5	46
5	54
5	60
5	63
5	65
5	80
5	81
5	99
5	120
5	137
5	155
5	159
5	163
5	174
5	184
5	216
5	217
5	224
5	231
5	233
5	245
5	264
5	270
5	279
5	301
5	342
5	355
5	363
5	404
5	466
5	538
5	637
5	684
5	760
5	835
5	849
5	898
5	922
5	931
5	934
5	973
6	14
6	33
6	41
6	54
6	66
6	73
6	75
6	76
6	88
6	109
6	124
6	134
6	135
6	145
6	150
6	151
6	224
6	255
6	307
6	320
6	332
6	340
6	349
6	352
6	367
6	400
6	406
6	419
6	534
6	541
6	590
6	591
6	607
6	608
6	659
6	676
6	687
6	780
6	798
6	801
6	925
6	950
6	973
7	10
7	11
7	18
7	32
7	52
7	63
7	69
7	71
7	81
7	89
7	94
7	98
7	126
7	151
7	153
7	172
7	175
7	178
7	200
7	216
7	223
7	226
7	326
7	344
7	353
7	432
7	458
7	467
7	504
7	540
7	598
7	617
7	620
7	631
7	643
7	658
7	659
7	660
7	699
7	745
7	789
7	803
7	826
7	867
7	986
8	17
8	90
8	105
8	117
8	140
8	148
8	149
8	157
8	168
8	170
8	211
8	213
8	219
8	228
8	287
8	320
8	344
8	359
8	375
8	397
8	411
8	426
8	456
8	472
8	475
8	491
8	516
8	532
8	578
8	623
8	680
8	696
8	709
8	721
8	728
8	753
8	778
8	794
8	795
8	803
8	853
8	856
8	899
8	938
9	13
9	14
9	22
9	26
9	32
9	40
9	41
9	42
9	70
9	82
9	96
9	106
9	112
9	115
9	166
9	189
9	230
9	252
9	278
9	311
9	324
9	377
9	381
9	385
9	489
9	498
9	509
9	517
9	524
9	542
9	571
9	681
9	740
9	743
9	747
9	748
9	750
9	756
9	816
9	898
9	972
9	1000
10	11
10	14
10	18
10	25
10	26
10	30
10	32
10	38
10	52
10	94
10	142
10	153
10	156
10	178
10	197
10	200
10	206
10	215
10	226
10	280
10	304
10	344
10	353
10	433
10	504
10	544
10	558
10	586
10	618
10	624
10	631
10	659
10	682
10	705
10	802
10	807
10	888
10	937
10	986
11	12
11	18
11	32
11	38
11	52
11	59
11	67
11	71
11	73
11	87
11	94
11	103
11	139
11	142
11	175
11	190
11	197
11	235
11	277
11	280
11	296
11	300
11	306
11	321
11	326
11	334
11	476
11	485
11	510
11	522
11	618
11	638
11	647
11	791
11	805
11	888
11	904
11	937
11	969
12	31
12	38
12	42
12	44
12	49
12	59
12	60
12	74
12	77
12	79
12	97
12	98
12	107
12	110
12	121
12	161
12	180
12	201
12	232
12	235
12	243
12	292
12	317
12	407
12	409
12	413
12	526
12	630
12	634
12	664
12	680
12	777
12	796
12	808
12	837
12	870
12	881
12	918
12	988
13	14
13	22
13	26
13	27
13	31
13	32
13	40
13	42
13	115
13	116
13	173
13	193
13	207
13	209
13	369
13	370
13	377
13	395
13	417
13	458
13	468
13	472
13	528
13	533
13	536
13	561
13	603
13	604
13	636
13	653
13	685
13	723
13	818
13	882
13	885
13	909
13	926
13	993
14	22
14	26
14	37
14	42
14	68
14	82
14	97
14	106
14	113
14	172
14	182
14	189
14	203
14	207
14	233
14	251
14	258
14	266
14	276
14	326
14	385
14	445
14	448
14	474
14	488
14	582
14	599
14	604
14	759
14	782
14	784
14	790
14	815
14	906
14	967
15	21
15	22
15	31
15	56
15	86
15	99
15	101
15	102
15	111
15	116
15	132
15	133
15	137
15	140
15	141
15	159
15	160
15	172
15	216
15	238
15	250
15	321
15	355
15	434
15	470
15	493
15	511
15	513
15	573
15	599
15	626
15	632
15	677
15	725
15	765
15	778
15	850
15	868
15	892
16	20
16	43
16	48
16	50
16	58
16	65
16	66
16	69
16	73
16	83
16	85
16	89
16	119
16	131
16	187
16	212
16	214
16	269
16	325
16	396
16	412
16	414
16	415
16	416
16	551
16	572
16	592
16	622
16	635
16	691
16	814
16	815
16	838
16	871
16	949
16	979
16	982
16	990
17	19
17	32
17	117
17	148
17	149
17	170
17	187
17	196
17	211
17	287
17	310
17	320
17	344
17	345
17	433
17	472
17	475
17	476
17	480
17	491
17	502
17	566
17	581
17	600
17	610
17	640
17	703
17	709
17	728
17	794
17	890
17	938
17	948
17	953
17	960
17	964
17	989
17	1000
18	29
18	32
18	38
18	42
18	71
18	94
18	98
18	156
18	178
18	189
18	197
18	200
18	206
18	226
18	273
18	290
18	304
18	327
18	334
18	387
18	438
18	442
18	458
18	485
18	499
18	504
18	558
18	573
18	650
18	682
18	702
18	706
18	707
18	775
18	875
19	24
19	40
19	57
19	59
19	65
19	86
19	95
19	96
19	108
19	117
19	128
19	151
19	154
19	171
19	185
19	187
19	196
19	262
19	333
19	347
19	387
19	398
19	455
19	467
19	510
19	541
19	570
19	584
19	634
19	641
19	670
19	674
19	749
19	777
19	911
20	35
20	50
20	54
20	61
20	65
20	66
20	69
20	72
20	74
20	83
20	89
20	109
20	131
20	167
20	169
20	222
20	269
20	293
20	306
20	310
20	371
20	379
20	403
20	412
20	443
20	469
20	517
20	534
20	557
20	572
20	585
20	715
20	727
20	873
20	954
20	974
21	27
21	28
21	30
21	33
21	36
21	46
21	47
21	51
21	55
21	67
21	230
21	236
21	258
21	259
21	272
21	287
21	302
21	325
21	332
21	357
21	390
21	446
21	460
21	465
21	477
21	492
21	513
21	561
21	606
21	672
21	695
21	789
21	793
21	823
21	843
21	933
22	23
22	43
22	54
22	58
22	68
22	69
22	70
22	89
22	97
22	195
22	230
22	235
22	246
22	250
22	268
22	284
22	297
22	395
22	445
22	448
22	477
22	483
22	494
22	495
22	603
22	615
22	635
22	740
22	772
22	800
22	829
22	884
22	915
23	25
23	33
23	45
23	58
23	68
23	69
23	70
23	88
23	107
23	127
23	151
23	153
23	207
23	230
23	249
23	261
23	268
23	284
23	296
23	354
23	383
23	389
23	421
23	448
23	486
23	500
23	557
23	593
23	669
23	733
23	748
23	773
23	776
23	808
23	884
23	949
24	29
24	33
24	38
24	57
24	60
24	86
24	87
24	96
24	105
24	111
24	165
24	186
24	195
24	197
24	210
24	295
24	300
24	425
24	461
24	472
24	509
24	510
24	562
24	614
24	664
24	686
24	702
24	713
24	720
24	749
24	760
24	798
24	875
24	988
25	43
25	102
25	177
25	211
25	227
25	229
25	243
25	306
25	308
25	321
25	338
25	348
25	371
25	435
25	465
25	513
25	529
25	532
25	621
25	626
25	644
25	657
25	678
25	680
25	683
25	752
25	775
25	781
25	831
25	873
25	918
25	935
25	962
25	970
25	987
26	35
26	40
26	45
26	52
26	64
26	68
26	89
26	90
26	107
26	111
26	115
26	165
26	199
26	202
26	209
26	326
26	381
26	399
26	431
26	455
26	474
26	489
26	561
26	616
26	653
26	677
26	693
26	698
26	708
26	819
26	887
26	943
27	28
27	37
27	70
27	72
27	79
27	144
27	157
27	204
27	243
27	257
27	258
27	259
27	278
27	289
27	295
27	311
27	367
27	402
27	408
27	410
27	423
27	492
27	504
27	613
27	619
27	646
27	678
27	742
27	745
27	789
27	793
27	821
27	825
27	917
27	946
28	30
28	51
28	67
28	75
28	84
28	92
28	99
28	142
28	169
28	199
28	220
28	257
28	289
28	303
28	316
28	333
28	360
28	365
28	374
28	375
28	386
28	429
28	454
28	506
28	546
28	565
28	574
28	646
28	648
28	654
28	695
28	737
28	751
28	859
28	997
29	30
29	38
29	44
29	49
29	54
29	66
29	71
29	97
29	103
29	123
29	125
29	142
29	166
29	190
29	221
29	223
29	234
29	239
29	273
29	317
29	330
29	336
29	346
29	387
29	439
29	449
29	580
29	617
29	634
29	752
29	881
29	897
29	955
29	988
30	41
30	51
30	55
30	62
30	72
30	79
30	125
30	236
30	252
30	259
30	262
30	289
30	367
30	402
30	423
30	424
30	460
30	492
30	518
30	606
30	706
30	733
30	749
30	751
30	772
30	825
30	905
30	928
30	933
30	960
30	968
30	981
31	56
31	57
31	62
31	94
31	120
31	121
31	130
31	141
31	160
31	168
31	183
31	186
31	225
31	238
31	242
31	282
31	293
31	344
31	366
31	440
31	515
31	661
31	667
31	677
31	724
31	773
31	781
31	811
31	823
31	830
31	920
31	929
31	984
32	38
32	109
32	126
32	156
32	172
32	190
32	206
32	225
32	227
32	292
32	304
32	327
32	353
32	368
32	411
32	524
32	544
32	553
32	573
32	624
32	658
32	675
32	693
32	706
32	955
32	962
32	965
32	991
33	34
33	37
33	39
33	46
33	76
33	124
33	134
33	135
33	137
33	172
33	231
33	299
33	307
33	341
33	346
33	392
33	429
33	441
33	459
33	501
33	534
33	535
33	554
33	595
33	632
33	671
33	761
33	786
33	919
33	946
34	44
34	56
34	57
34	58
34	86
34	95
34	111
34	118
34	154
34	167
34	191
34	194
34	196
34	222
34	274
34	305
34	337
34	376
34	379
34	382
34	413
34	437
34	506
34	558
34	650
34	654
34	712
34	717
34	749
34	932
34	964
35	36
35	47
35	68
35	73
35	85
35	114
35	124
35	138
35	145
35	192
35	201
35	207
35	208
35	213
35	229
35	256
35	275
35	288
35	364
35	378
35	399
35	441
35	454
35	459
35	601
35	654
35	786
35	824
35	832
35	833
36	37
36	51
36	56
36	73
36	75
36	80
36	109
36	114
36	115
36	138
36	167
36	200
36	217
36	228
36	281
36	403
36	443
36	450
36	478
36	482
36	620
36	671
36	731
36	893
36	919
36	920
36	969
36	995
37	51
37	55
37	66
37	104
37	119
37	129
37	134
37	161
37	205
37	208
37	255
37	257
37	260
37	272
37	408
37	418
37	434
37	488
37	503
37	518
37	601
37	741
37	905
37	919
37	981
37	985
38	52
38	82
38	97
38	98
38	145
38	200
38	210
38	234
38	235
38	284
38	304
38	345
38	387
38	398
38	429
38	431
38	483
38	693
38	700
38	775
38	826
38	983
39	44
39	60
39	87
39	96
39	107
39	108
39	185
39	187
39	191
39	278
39	291
39	305
39	369
39	397
39	425
39	461
39	537
39	590
39	668
39	709
39	718
39	734
39	794
39	799
39	826
39	834
39	853
39	944
39	960
40	42
40	53
40	76
40	87
40	107
40	115
40	116
40	173
40	198
40	241
40	266
40	336
40	369
40	512
40	524
40	525
40	550
40	555
40	696
40	744
40	828
40	839
40	864
40	909
40	971
41	61
41	63
41	75
41	76
41	80
41	97
41	100
41	105
41	114
41	139
41	192
41	288
41	366
41	391
41	417
41	442
41	457
41	535
41	544
41	620
41	622
41	646
41	687
41	735
41	877
41	952
42	45
42	58
42	77
42	116
42	117
42	131
42	147
42	169
42	203
42	209
42	336
42	362
42	401
42	422
42	457
42	575
42	688
42	722
42	790
42	844
42	874
42	906
42	946
43	54
43	69
43	140
43	155
43	186
43	214
43	225
43	249
43	250
43	264
43	279
43	282
43	293
43	331
43	342
43	378
43	384
43	414
43	444
43	466
43	499
43	500
43	632
43	677
43	836
44	58
44	59
44	62
44	78
44	86
44	91
44	95
44	131
44	169
44	170
44	171
44	179
44	241
44	300
44	305
44	449
44	476
44	582
44	759
44	760
44	837
44	924
44	932
45	82
45	116
45	202
45	217
45	234
45	254
45	323
45	364
45	385
45	400
45	405
45	439
45	445
45	452
45	555
45	598
45	724
45	743
45	780
45	784
45	790
45	818
45	899
45	978
45	989
45	999
46	64
46	133
46	134
46	145
46	174
46	277
46	342
46	345
46	352
46	363
46	378
46	432
46	462
46	549
46	567
46	625
46	652
46	713
46	737
46	780
46	807
46	823
46	836
46	862
46	889
46	917
47	67
47	79
47	114
47	119
47	236
47	256
47	292
47	325
47	357
47	358
47	460
47	513
47	518
47	530
47	546
47	565
47	569
47	580
47	597
47	613
47	787
47	906
47	924
47	933
47	945
48	50
48	65
48	69
48	82
48	83
48	85
48	109
48	131
48	161
48	198
48	212
48	214
48	217
48	245
48	268
48	373
48	415
48	478
48	497
48	509
48	546
48	551
48	592
48	851
48	854
48	886
48	956
49	59
49	60
49	78
49	89
49	97
49	105
49	125
49	126
49	142
49	175
49	180
49	201
49	263
49	273
49	291
49	357
49	379
49	407
49	440
49	469
49	471
49	504
49	549
49	774
49	924
50	61
50	65
50	69
50	78
50	83
50	85
50	89
50	109
50	118
50	150
50	151
50	163
50	164
50	214
50	217
50	269
50	393
50	512
50	539
50	557
50	616
50	630
50	982
50	990
51	55
51	67
51	72
51	122
51	148
51	169
51	204
51	208
51	316
51	322
51	325
51	392
51	433
51	437
51	460
51	492
51	672
51	756
51	772
51	779
51	957
51	963
52	71
52	94
52	126
52	135
52	175
52	178
52	180
52	215
52	237
52	280
52	353
52	379
52	544
52	554
52	647
52	659
52	692
52	693
52	766
52	804
52	843
52	959
53	54
53	64
53	81
53	84
53	105
53	144
53	166
53	170
53	285
53	288
53	302
53	314
53	496
53	507
53	526
53	570
53	573
53	577
53	639
53	672
53	691
53	805
53	831
53	832
53	863
53	879
54	55
54	61
54	62
54	68
54	80
54	90
54	167
54	184
54	213
54	265
54	286
54	288
54	352
54	417
54	463
54	478
54	570
54	717
54	849
55	90
55	130
55	148
55	169
55	204
55	218
55	228
55	248
55	255
55	257
55	308
55	341
55	343
55	391
55	423
55	460
55	597
55	954
55	968
55	981
56	62
56	99
56	101
56	102
56	120
56	147
56	160
56	166
56	168
56	183
56	186
56	215
56	225
56	227
56	345
56	596
56	661
56	724
56	795
56	811
56	868
56	871
57	58
57	118
57	125
57	129
57	154
57	187
57	191
57	218
57	270
57	379
57	382
57	397
57	450
57	458
57	539
57	665
57	741
57	927
57	928
57	932
57	966
58	65
58	66
58	89
58	100
58	109
58	129
58	131
58	151
58	164
58	249
58	268
58	310
58	420
58	421
58	635
58	849
58	866
58	893
58	982
59	61
59	71
59	95
59	126
59	175
59	264
59	305
59	347
59	376
59	446
59	461
59	612
59	628
59	670
59	689
59	703
59	712
59	846
59	935
59	943
60	103
60	121
60	165
60	180
60	210
60	235
60	241
60	270
60	521
60	524
60	532
60	598
60	605
60	617
60	624
60	627
60	763
60	777
60	788
60	842
61	74
61	102
61	134
61	139
61	146
61	192
61	213
61	269
61	371
61	378
61	400
61	445
61	498
61	690
61	701
61	852
61	940
61	994
62	81
62	103
62	113
62	120
62	186
62	210
62	225
62	227
62	248
62	265
62	344
62	375
62	407
62	554
62	679
62	704
62	725
62	807
62	823
62	892
63	71
63	137
63	209
63	221
63	224
63	332
63	389
63	424
63	429
63	520
63	528
63	563
63	594
63	652
63	687
63	697
63	704
63	736
63	738
63	871
63	889
63	958
64	96
64	105
64	149
64	166
64	182
64	206
64	215
64	234
64	246
64	285
64	377
64	388
64	423
64	484
64	505
64	605
64	633
64	672
64	681
64	825
64	831
64	881
65	83
65	85
65	89
65	127
65	131
65	137
65	212
65	214
65	217
65	393
65	412
65	420
65	494
65	523
65	551
65	608
65	735
65	809
66	89
66	100
66	106
66	154
66	298
66	318
66	380
66	478
66	482
66	640
66	714
66	727
66	743
66	854
66	880
66	882
66	883
66	949
67	72
67	93
67	94
67	100
67	106
67	114
67	119
67	131
67	236
67	272
67	316
67	357
67	367
67	380
67	419
67	557
67	912
67	946
67	957
68	76
68	114
68	119
68	127
68	276
68	298
68	395
68	444
68	473
68	488
68	597
68	669
68	681
68	840
68	850
68	921
68	996
69	73
69	83
69	85
69	91
69	109
69	127
69	131
69	271
69	351
69	421
69	483
69	540
69	770
69	882
69	997
70	88
70	100
70	115
70	207
70	262
70	297
70	316
70	323
70	332
70	353
70	367
70	412
70	441
70	454
70	483
70	487
70	639
70	885
70	915
71	86
71	110
71	125
71	223
71	250
71	268
71	309
71	413
71	506
71	590
71	686
71	699
71	798
71	863
71	970
71	977
72	119
72	127
72	164
72	199
72	245
72	251
72	252
72	257
72	318
72	518
72	562
72	565
72	721
72	730
72	767
72	843
72	912
72	950
73	74
73	114
73	139
73	192
73	321
73	341
73	362
73	393
73	404
73	534
73	545
73	548
73	608
73	847
73	931
74	75
74	82
74	85
74	150
74	221
74	228
74	248
74	288
74	406
74	443
74	447
74	478
74	535
74	541
74	563
74	869
75	92
75	109
75	164
75	226
75	281
75	369
75	374
75	394
75	443
75	469
75	519
75	528
75	530
75	569
75	672
75	732
75	764
76	84
76	124
76	134
76	138
76	141
76	152
76	221
76	331
76	374
76	392
76	414
76	517
76	520
76	730
76	862
77	82
77	115
77	116
77	136
77	146
77	147
77	276
77	299
77	319
77	365
77	385
77	388
77	462
77	464
77	468
77	708
77	822
77	941
77	992
78	121
78	125
78	128
78	129
78	176
78	187
78	191
78	237
78	327
78	337
78	387
78	449
78	481
78	515
78	532
78	799
78	883
78	897
79	92
79	100
79	166
79	208
79	219
79	225
79	241
79	243
79	272
79	298
79	302
79	314
79	404
79	423
79	482
79	992
79	994
80	98
80	120
80	132
80	133
80	135
80	181
80	183
80	252
80	288
80	331
80	457
80	463
80	595
80	852
80	869
80	943
81	91
81	100
81	113
81	137
81	155
81	174
81	267
81	336
81	463
81	469
81	540
81	548
81	667
81	783
81	846
81	914
81	997
82	113
82	115
82	147
82	238
82	255
82	353
82	365
82	401
82	405
82	536
82	689
82	698
82	865
82	994
83	89
83	109
83	131
83	164
83	212
83	234
83	268
83	270
83	304
83	572
83	573
83	731
83	809
83	910
83	956
84	86
84	101
84	111
84	130
84	166
84	181
84	252
84	253
84	263
84	495
84	496
84	545
84	606
84	647
84	778
84	847
84	878
84	879
85	101
85	146
85	164
85	204
85	217
85	339
85	359
85	386
85	391
85	517
85	614
85	622
85	729
85	867
86	96
86	118
86	128
86	190
86	210
86	241
86	296
86	485
86	627
86	662
86	667
86	720
86	834
86	894
87	95
87	108
87	128
87	129
87	173
87	194
87	195
87	218
87	278
87	367
87	382
87	442
87	641
87	718
87	868
88	127
88	144
88	151
88	207
88	230
88	264
88	268
88	329
88	335
88	351
88	354
88	486
88	559
88	667
88	708
88	776
88	983
89	131
89	151
89	218
89	269
89	494
89	539
89	586
89	592
89	838
90	102
90	152
90	186
90	251
90	259
90	426
90	447
90	491
90	600
90	679
90	754
90	780
90	810
91	99
91	143
91	160
91	279
91	331
91	342
91	350
91	360
91	466
91	474
91	477
91	549
91	568
91	583
91	645
91	694
91	757
92	134
92	139
92	142
92	177
92	204
92	205
92	243
92	252
92	266
92	279
92	295
92	446
92	508
92	569
92	785
92	796
92	798
93	136
93	138
93	141
93	158
93	178
93	326
93	338
93	348
93	431
93	480
93	609
93	628
93	668
93	716
93	891
93	936
93	989
94	153
94	175
94	178
94	190
94	200
94	201
94	223
94	342
94	533
94	544
94	766
94	842
95	118
95	194
95	196
95	296
95	303
95	409
95	469
95	476
95	555
95	603
95	612
95	839
96	161
96	193
96	201
96	218
96	337
96	347
96	382
96	397
96	618
96	834
96	841
96	846
97	103
97	110
97	276
97	290
97	317
97	321
97	323
97	627
97	630
97	901
97	965
97	987
98	108
98	178
98	247
98	261
98	332
98	361
98	453
98	458
98	494
98	634
98	662
98	792
98	904
98	959
99	109
99	112
99	124
99	175
99	282
99	360
99	414
99	429
99	448
99	533
99	672
99	704
99	768
99	806
100	268
100	271
100	275
100	335
100	343
100	354
100	460
100	701
100	802
100	910
101	146
101	174
101	245
101	419
101	438
101	444
101	466
101	505
101	637
101	647
101	684
101	812
101	931
101	984
102	145
102	271
102	282
102	288
102	343
102	386
102	501
102	523
102	757
102	848
102	910
102	930
102	975
103	126
103	171
103	179
103	195
103	235
103	309
103	339
103	383
103	456
103	461
103	614
103	686
103	837
104	136
104	148
104	160
104	174
104	216
104	248
104	267
104	337
104	451
104	716
104	804
104	884
104	891
104	902
104	936
104	989
105	144
105	315
105	324
105	352
105	428
105	439
105	481
105	593
105	604
105	664
105	971
105	998
106	112
106	336
106	401
106	493
106	528
106	559
106	577
106	710
106	712
106	817
106	844
106	874
106	900
107	116
107	209
107	240
107	254
107	323
107	365
107	385
107	419
107	452
107	588
107	685
107	723
107	758
108	111
108	164
108	171
108	179
108	381
108	476
108	584
108	634
108	657
108	734
108	760
108	925
109	214
109	412
109	415
109	466
109	478
109	1000
110	123
110	163
110	165
110	179
110	277
110	317
110	353
110	440
110	532
110	562
110	599
110	670
110	986
110	995
111	118
111	136
111	161
111	201
111	328
111	455
111	612
111	676
111	767
111	799
111	834
112	114
112	123
112	132
112	150
112	216
112	220
112	233
112	331
112	365
112	373
112	539
112	608
112	771
113	116
113	147
113	184
113	202
113	222
113	240
113	365
113	422
113	477
113	518
113	748
113	822
113	941
114	316
114	354
114	417
114	449
114	516
114	569
114	628
114	640
114	844
115	362
115	477
115	571
115	591
115	617
115	692
115	740
115	840
116	202
116	377
116	405
116	512
116	552
116	577
116	630
116	636
116	899
117	211
117	219
117	265
117	267
117	287
117	320
117	411
117	453
117	517
117	566
117	610
117	623
117	742
118	123
118	171
118	182
118	185
118	229
118	305
118	383
118	952
119	143
119	256
119	275
119	302
119	318
119	345
119	358
119	416
119	579
119	663
120	133
120	160
120	208
120	233
120	238
120	293
120	448
120	538
120	713
120	812
120	934
121	202
121	234
121	239
121	265
121	334
121	471
121	649
121	660
121	769
121	837
121	845
122	157
122	253
122	324
122	388
122	543
122	545
122	589
122	633
122	727
122	825
122	831
122	832
122	847
122	866
122	883
123	179
123	180
123	185
123	194
123	206
123	260
123	449
123	537
123	766
123	774
123	895
123	927
124	137
124	145
124	233
124	279
124	307
124	563
124	642
124	709
124	795
124	800
125	136
125	154
125	179
125	244
125	390
125	413
125	873
126	180
126	292
126	339
126	383
126	535
126	621
126	651
126	807
127	183
127	282
127	319
127	354
127	389
127	479
127	638
127	808
127	921
128	174
128	194
128	218
128	257
128	313
128	347
128	457
128	509
128	612
129	161
129	171
129	191
129	313
129	376
129	397
129	435
129	467
129	596
129	668
130	144
130	295
130	296
130	430
130	593
130	605
130	698
130	791
130	887
130	895
130	914
130	929
131	297
131	427
131	514
131	855
132	136
132	155
132	255
132	260
132	283
132	314
132	343
132	366
132	402
132	801
132	995
133	137
133	201
133	260
133	264
133	355
133	419
133	594
133	713
133	752
133	842
133	858
134	136
134	150
134	388
134	463
134	711
134	853
134	908
134	979
135	138
135	145
135	152
135	155
135	169
135	250
135	257
135	307
135	443
135	455
136	157
136	198
136	375
136	590
136	734
136	741
136	742
136	765
137	245
137	462
137	570
137	850
137	880
137	958
137	967
138	139
138	150
138	154
138	288
138	352
138	556
138	591
138	595
138	607
138	706
139	167
139	193
139	266
139	314
139	404
139	539
139	541
139	867
139	955
140	148
140	168
140	170
140	286
140	344
140	349
140	493
140	500
140	511
140	822
140	954
141	144
141	193
141	243
141	363
141	372
141	455
141	503
141	578
141	629
141	845
142	156
142	175
142	215
142	273
142	340
142	660
142	726
142	791
143	155
143	160
143	333
143	416
143	502
143	515
143	607
143	768
143	779
143	846
143	874
143	978
144	208
144	220
144	263
144	430
144	446
144	496
144	681
144	843
145	255
145	556
145	701
145	786
145	947
145	985
146	163
146	178
146	391
146	450
146	493
146	527
146	637
146	862
146	877
146	930
147	161
147	202
147	227
147	401
147	452
147	487
147	512
147	775
147	864
148	149
148	152
148	188
148	212
148	248
148	372
148	475
148	611
149	170
149	289
149	320
149	410
149	472
149	581
149	623
149	729
149	870
149	969
150	232
150	402
150	403
150	648
150	659
150	727
150	852
151	551
151	557
151	664
151	773
151	816
151	974
152	162
152	193
152	198
152	270
152	422
152	640
152	655
152	665
153	175
153	274
153	304
153	368
153	522
153	553
153	558
153	562
153	832
153	955
154	165
154	198
154	222
154	291
154	915
154	920
154	986
154	987
155	163
155	191
155	209
155	213
155	358
155	456
155	459
155	913
156	172
156	272
156	371
156	536
156	631
156	658
156	802
156	878
156	986
157	173
157	188
157	287
157	312
157	374
157	475
157	610
157	655
158	162
158	188
158	198
158	250
158	320
158	352
158	375
158	547
158	583
158	694
158	765
159	169
159	213
159	218
159	267
159	344
159	350
159	486
159	542
159	560
159	715
160	173
160	348
160	645
160	646
160	830
160	964
161	223
161	237
161	308
161	349
161	939
162	198
162	251
162	294
162	436
162	480
162	502
162	609
162	657
162	975
163	260
163	470
163	519
163	634
163	738
163	779
163	853
163	858
164	281
164	364
164	508
164	560
164	781
165	259
165	277
165	306
165	361
165	476
165	605
165	683
166	182
166	234
166	246
166	295
166	315
166	495
167	257
167	276
167	394
167	400
167	548
167	719
167	908
168	183
168	227
168	434
168	466
168	629
168	645
168	711
168	837
168	838
169	283
169	393
169	521
169	620
169	805
170	211
170	279
170	516
170	728
170	729
170	942
171	196
171	258
171	291
171	336
171	409
171	965
172	326
172	340
172	406
172	496
172	706
172	745
172	755
173	193
173	198
173	240
173	278
173	584
173	611
174	216
174	392
174	521
174	697
174	717
174	869
174	961
175	182
175	372
175	793
175	873
176	180
176	203
176	241
176	272
176	273
176	308
176	574
176	692
176	804
176	886
176	987
177	229
177	244
177	256
177	338
177	356
177	502
177	526
177	529
177	597
177	792
178	185
178	190
178	291
178	618
179	191
179	204
179	205
179	339
179	442
179	482
180	296
180	407
180	481
180	490
180	792
181	247
181	263
181	311
181	376
181	465
181	642
181	758
181	813
181	841
181	994
182	253
182	388
182	428
182	512
182	830
182	863
182	907
183	186
183	293
183	362
183	424
183	429
183	637
183	856
184	216
184	255
184	299
184	373
184	564
184	710
184	764
184	782
184	858
185	193
185	222
185	241
185	490
185	694
185	878
185	951
186	250
186	312
186	451
186	563
186	677
187	196
187	397
187	423
187	480
187	746
187	886
188	268
188	410
188	427
188	431
188	437
188	451
188	571
188	703
189	276
189	336
189	432
189	538
189	736
189	746
189	915
189	996
190	250
190	430
190	630
190	749
190	772
190	878
191	201
191	376
191	434
191	583
191	755
192	228
192	364
192	367
192	503
192	514
192	521
192	546
192	674
193	337
193	398
193	609
193	779
193	872
194	383
194	415
194	455
194	467
194	509
194	665
194	685
195	196
195	273
195	304
195	382
195	408
195	581
195	683
195	842
196	327
196	440
196	826
196	944
197	309
197	356
197	368
197	540
197	546
197	702
197	878
197	939
198	410
198	431
198	489
198	502
199	210
199	228
199	298
199	399
199	479
199	488
199	783
199	793
200	349
200	433
200	467
200	529
200	651
200	916
201	274
201	461
201	612
201	776
202	325
202	347
202	555
202	708
202	747
202	818
203	351
203	422
203	452
203	489
203	550
203	575
203	631
203	864
203	879
204	236
204	237
204	322
204	325
204	404
204	423
205	327
205	343
205	420
205	517
205	556
205	588
205	710
205	730
205	846
206	239
206	353
206	602
206	659
206	857
206	862
207	249
207	284
207	603
207	707
207	734
208	256
208	284
208	314
208	576
208	786
209	266
209	276
209	696
209	809
209	984
210	481
210	539
210	590
210	662
210	904
211	312
211	497
211	535
211	629
211	794
211	960
212	412
212	473
212	494
212	517
212	758
212	791
213	277
213	328
213	333
213	514
213	607
214	217
214	269
214	393
214	610
214	644
215	315
215	396
215	543
215	618
215	681
216	619
216	737
216	789
216	850
217	269
217	459
217	514
218	510
218	753
218	788
219	491
219	516
219	629
219	694
219	803
219	827
219	888
219	938
220	295
220	302
220	380
220	425
220	484
220	640
220	714
220	772
221	286
221	294
221	570
221	616
221	625
221	694
221	892
222	347
222	376
222	387
222	425
222	467
222	537
223	292
223	319
223	330
223	406
223	617
223	755
224	257
224	283
224	328
224	341
224	492
224	721
224	835
224	957
225	238
225	312
225	428
225	466
225	723
226	274
226	309
226	598
226	624
226	670
226	745
226	981
227	244
227	485
227	644
227	673
227	697
228	256
228	272
228	341
228	602
228	731
229	243
229	398
229	526
229	769
229	859
229	937
229	970
230	249
230	254
230	267
230	390
230	949
231	245
231	265
231	301
231	328
231	549
231	556
231	586
231	732
231	850
232	242
232	308
232	471
232	526
232	532
232	564
232	621
232	897
232	924
233	303
233	340
233	476
233	705
233	811
233	922
234	277
234	324
234	379
234	449
235	379
235	413
235	519
235	598
235	902
236	258
236	322
236	331
236	652
236	861
236	928
237	238
237	270
237	349
237	383
237	423
237	589
237	641
238	350
238	373
238	384
238	428
238	754
239	339
239	356
239	460
239	516
239	598
239	670
239	775
239	975
240	252
240	253
240	294
240	530
240	571
240	643
241	278
241	452
241	610
242	283
242	363
242	389
242	407
242	414
242	434
242	718
242	726
242	763
243	481
243	576
243	644
243	649
244	282
244	338
244	363
244	526
244	597
244	711
244	792
245	384
245	570
245	849
245	856
246	370
246	573
246	705
246	715
246	832
246	860
246	914
247	290
247	294
247	328
247	432
247	448
247	544
247	700
247	719
248	286
248	457
248	778
248	848
249	271
249	350
249	707
249	855
249	982
250	424
250	762
251	261
251	381
251	474
251	612
251	767
252	315
252	604
252	684
253	280
253	315
253	416
253	428
253	585
253	603
254	315
254	336
254	430
254	524
254	695
254	797
255	470
255	870
255	903
256	318
256	395
256	654
257	961
258	402
258	518
258	654
258	770
259	295
259	601
259	632
259	872
259	977
260	378
260	411
260	602
261	280
261	335
261	389
261	511
261	585
261	733
262	422
262	646
262	756
262	784
262	829
262	968
263	314
263	388
263	465
263	607
263	876
263	896
264	299
264	301
264	403
264	429
264	958
265	340
265	499
265	690
265	892
265	993
266	512
266	685
266	696
266	866
266	991
267	549
267	567
267	616
267	717
267	849
268	454
269	497
269	885
269	1000
270	580
270	856
270	875
271	351
271	354
271	747
271	773
271	893
272	283
272	622
272	710
273	339
273	526
273	692
273	809
274	277
274	304
274	334
274	558
274	565
274	902
275	318
275	441
275	663
275	810
275	814
275	827
275	867
276	799
276	885
276	923
277	481
277	826
277	881
278	450
278	673
278	927
278	975
279	527
279	704
279	908
280	370
280	444
280	520
280	971
280	998
281	305
281	310
281	342
281	436
281	534
281	656
281	675
282	523
282	613
282	882
282	980
283	416
283	537
283	880
283	925
283	971
284	335
284	358
284	473
284	688
284	800
285	427
285	575
285	633
285	707
285	805
285	808
285	847
286	340
286	501
286	511
286	639
286	690
286	892
287	581
287	595
287	623
287	853
287	927
288	577
288	651
289	301
289	370
289	579
289	776
289	905
290	301
290	327
290	545
290	766
290	788
290	859
291	531
291	582
291	674
291	903
292	580
292	597
292	791
292	918
293	434
293	542
293	601
293	836
294	315
294	487
294	639
294	691
294	921
295	369
295	828
296	543
296	593
296	741
297	323
297	395
297	415
297	816
297	985
298	507
298	714
298	860
298	950
298	963
299	371
299	373
299	405
299	501
299	569
300	333
300	718
300	750
300	894
300	906
300	911
301	392
301	531
301	538
301	929
302	418
302	454
302	715
302	939
303	329
303	437
303	614
303	626
303	789
303	858
304	893
305	425
305	553
306	361
306	627
306	820
306	922
306	945
307	322
307	343
307	401
307	797
307	930
308	377
308	529
308	763
308	920
309	326
309	446
309	553
309	631
309	935
310	390
310	506
310	669
310	940
311	494
311	498
311	524
311	604
311	707
312	500
312	516
312	576
312	726
312	891
313	410
313	435
313	490
313	538
313	590
313	774
314	454
314	734
314	879
315	324
315	759
316	481
316	613
316	649
316	770
317	582
317	689
317	699
317	875
317	912
318	503
318	642
318	821
318	880
319	430
319	529
319	552
319	589
319	907
319	992
320	453
320	480
320	658
321	370
321	408
321	464
321	901
322	363
322	408
322	626
322	654
322	977
323	474
323	784
323	881
324	545
324	729
324	916
324	922
325	500
325	606
325	732
326	485
326	496
327	433
327	675
327	875
328	395
328	530
328	731
328	996
329	435
329	443
329	644
329	744
329	746
329	752
329	763
330	382
330	552
330	668
330	678
330	686
330	720
330	948
331	402
331	457
331	533
332	341
332	463
332	625
332	931
333	514
333	556
333	558
333	608
334	537
334	627
334	706
334	872
334	953
335	599
335	756
335	896
335	903
337	349
337	587
337	628
337	951
338	347
338	407
338	465
338	649
338	657
339	553
339	700
339	903
340	533
340	785
340	889
341	417
341	660
341	852
342	456
342	827
343	346
343	715
343	793
344	768
345	414
345	426
345	728
346	356
346	385
346	398
346	643
346	920
346	965
347	397
348	418
348	655
348	656
348	848
348	918
349	380
349	650
349	712
350	356
350	763
350	769
350	971
350	980
351	359
351	494
351	603
351	698
351	776
352	456
352	469
352	482
353	458
354	380
354	595
354	983
355	424
355	470
355	525
355	771
355	785
356	580
356	686
356	963
357	695
357	751
357	933
357	977
358	817
358	851
358	893
358	976
359	447
359	566
359	645
359	701
359	703
360	386
360	429
360	604
360	764
361	692
361	741
361	759
361	982
362	528
362	728
362	866
362	999
363	619
363	845
364	443
364	564
364	913
364	979
365	750
365	948
366	450
366	456
366	565
366	588
366	817
367	824
368	433
368	461
368	496
368	624
368	781
369	495
369	747
369	805
370	418
370	508
370	576
371	511
371	622
371	705
372	426
372	596
372	770
372	848
372	884
373	531
373	761
373	966
374	511
374	774
374	913
374	985
375	451
375	645
375	829
376	520
376	947
377	498
377	552
378	387
378	406
378	531
379	569
380	592
380	739
380	921
381	543
381	787
381	830
381	869
382	474
382	938
383	409
383	583
384	401
384	438
384	454
384	676
384	931
385	479
385	974
386	390
386	462
386	751
386	833
387	417
388	428
388	642
389	473
389	479
389	773
390	391
390	506
390	913
391	521
391	780
391	897
392	493
392	856
392	955
393	402
393	626
393	919
394	495
394	527
394	637
394	940
394	995
395	399
395	825
396	486
396	497
396	572
396	592
396	714
396	815
397	491
398	660
398	682
398	748
399	401
399	492
399	961
400	535
400	618
400	737
400	824
402	974
403	483
403	497
403	719
403	930
404	579
404	675
404	714
405	484
405	545
405	959
406	414
406	541
406	588
407	777
407	818
408	615
408	621
408	700
409	562
409	662
409	822
410	709
410	942
410	964
411	480
411	738
411	919
411	980
412	459
413	635
413	700
413	865
414	943
415	513
415	514
415	854
416	806
416	809
416	940
417	691
417	869
418	439
418	545
418	619
418	890
419	542
419	969
419	973
420	486
420	507
420	735
420	833
420	864
421	438
421	559
421	643
421	720
421	815
422	464
422	525
422	997
424	554
424	586
424	914
425	491
425	761
425	951
426	633
426	688
426	722
426	900
427	508
427	546
427	750
427	948
427	991
428	907
428	939
430	495
430	522
430	633
431	703
431	936
432	503
432	543
432	642
432	698
433	857
433	959
434	501
434	934
435	576
435	582
435	777
435	872
436	542
436	713
436	725
436	726
436	969
437	683
437	715
437	797
437	966
438	564
438	771
438	827
438	929
439	445
439	550
439	915
440	716
440	932
441	506
441	725
441	950
442	536
442	584
444	591
444	625
444	952
445	889
445	956
446	465
446	821
447	486
447	596
447	623
447	891
448	910
449	681
450	803
451	664
451	670
451	966
452	484
452	742
453	520
453	554
453	583
453	653
455	547
456	459
457	943
458	693
459	624
461	988
462	690
462	719
462	973
463	519
463	798
464	547
464	555
464	887
464	900
465	484
467	641
468	555
468	596
468	736
468	797
468	855
469	796
470	549
470	666
470	880
471	525
471	885
471	911
471	970
472	566
473	483
473	544
473	733
474	813
475	666
475	938
475	989
477	797
477	973
478	553
479	515
479	571
479	819
480	926
482	950
482	995
483	638
484	489
484	813
485	699
485	744
486	566
487	489
487	847
487	890
487	947
488	595
488	622
488	787
489	774
490	641
490	686
490	782
490	905
491	578
492	917
493	613
493	952
495	630
496	790
497	744
498	599
498	996
499	519
499	554
499	592
499	997
500	697
500	724
501	568
501	721
502	729
503	740
504	940
505	564
505	705
505	796
505	827
505	854
506	877
507	508
507	754
507	996
508	575
508	831
509	584
509	587
510	571
510	579
510	666
511	694
512	874
513	810
513	942
514	998
515	610
515	629
515	661
516	600
518	662
519	521
519	661
520	523
520	845
521	796
522	691
522	802
522	876
522	896
523	567
523	619
523	858
524	636
525	584
525	900
525	923
527	560
527	806
527	909
527	954
528	696
528	865
529	657
529	966
530	814
530	945
530	992
531	619
531	636
531	738
532	962
533	870
533	958
534	784
534	879
535	542
536	828
536	978
536	999
537	596
538	548
538	568
539	956
540	553
540	682
540	857
541	651
541	785
543	876
543	895
546	1000
547	587
547	804
547	904
548	703
548	890
549	687
550	605
550	899
550	936
550	999
551	648
551	824
551	910
552	865
552	887
552	909
554	564
555	769
556	751
556	925
557	638
557	855
558	692
559	599
559	669
559	983
560	563
560	726
560	762
560	979
561	701
561	707
561	813
561	841
562	689
562	911
563	677
565	961
566	964
567	665
567	898
567	990
568	696
568	754
568	790
572	660
572	990
574	580
574	759
574	839
574	968
575	708
575	870
576	732
577	642
577	896
578	794
578	942
578	960
579	640
579	731
581	732
581	795
583	746
585	676
585	866
585	994
586	779
586	908
587	602
587	947
588	641
588	851
589	591
589	688
589	916
591	666
593	860
593	998
594	633
594	679
594	934
594	998
600	629
600	656
600	723
601	839
601	928
602	687
605	916
606	620
606	917
607	632
608	735
609	702
609	975
611	716
613	711
614	644
614	859
615	638
615	714
615	756
616	807
616	862
617	895
620	767
621	665
621	683
623	834
625	738
625	889
626	673
627	764
628	649
628	689
631	965
635	970
635	974
636	820
636	967
637	737
638	733
639	656
639	813
643	658
643	806
645	673
646	782
647	663
647	863
648	770
648	800
648	976
649	682
650	712
650	861
650	972
651	682
651	991
652	717
652	934
653	669
653	816
653	887
655	656
655	930
657	711
658	730
661	898
661	976
662	904
663	787
663	824
663	976
664	883
665	941
666	836
666	932
667	695
667	810
668	924
669	740
671	699
671	835
671	851
671	907
673	848
673	953
674	753
674	788
674	891
675	693
675	857
676	801
676	993
678	680
678	820
678	937
679	781
679	811
679	908
680	886
680	980
683	873
684	757
684	771
684	838
685	812
685	909
687	747
688	865
688	876
689	947
690	785
690	981
691	718
695	946
697	817
697	929
698	819
699	987
700	927
701	821
702	761
702	897
704	711
704	844
705	725
708	967
709	942
710	788
710	913
713	993
716	902
716	959
717	761
719	801
720	951
721	783
722	829
723	896
724	972
727	802
730	867
735	786
736	967
739	840
739	844
739	906
739	957
742	861
743	817
744	935
745	933
746	839
748	819
750	863
753	963
755	890
755	928
757	984
757	999
758	882
758	926
760	792
762	829
762	868
764	852
765	854
766	842
767	954
768	823
768	984
769	820
771	886
778	894
782	901
783	806
783	833
787	917
795	812
799	861
800	921
801	836
803	953
808	815
810	907
811	980
812	923
814	851
816	941
818	874
820	877
821	905
822	899
828	923
828	956
835	952
838	983
840	926
841	901
841	978
843	912
845	990
855	884
857	977
859	962
860	876
860	888
864	941
868	972
871	972
871	993
872	901
883	939
888	895
894	903
894	936
898	922
911	944
912	976
914	992
916	991
918	963
923	958
925	979
937	962
945	948
949	951
957	961
