1	4
1	12
1	13
1	14
1	21
1	23
1	28
1	29
1	54
1	75
1	76
1	97
1	102
1	111
1	120
1	143
1	144
1	150
1	208
1	237
1	238
1	273
1	317
1	323
1	327
1	349
1	364
1	365
1	366
1	388
1	411
1	451
1	460
1	481
1	486
1	530
1	553
1	562
1	568
1	596
1	605
1	654
1	664
1	710
1	716
1	781
1	814
1	834
1	903
1	954
2	7
2	14
2	16
2	26
2	49
2	76
2	104
2	124
2	146
2	163
2	177
2	183
2	199
2	220
2	234
2	239
2	278
2	321
2	322
2	342
2	346
2	354
2	358
2	359
2	406
2	409
2	412
2	425
2	437
2	466
2	483
2	503
2	516
2	520
2	559
2	626
2	640
2	652
2	654
2	685
2	709
2	733
2	744
2	824
2	835
2	860
2	876
2	984
3	5
3	13
3	14
3	18
3	24
3	25
3	38
3	40
3	43
3	46
3	48
3	56
3	84
3	94
3	101
3	108
3	127
3	138
3	156
3	168
3	191
3	212
3	216
3	237
3	242
3	245
3	272
3	305
3	336
3	337
3	347
3	360
3	376
3	379
3	449
3	482
3	535
3	590
3	619
3	658
3	695
3	720
3	779
3	822
3	845
3	857
3	862
4	11
4	17
4	33
4	50
4	52
4	53
4	55
4	83
4	97
4	99
4	101
4	131
4	207
4	215
4	247
4	266
4	307
4	308
4	321
4	328
4	332
4	348
4	360
4	389
4	470
4	473
4	479
4	490
4	495
4	537
4	587
4	613
4	626
4	635
4	692
4	731
4	783
4	805
4	852
4	864
4	871
4	904
4	925
4	941
4	980
5	35
5	44
5	47
5	102
5	113
5	134
5	137
5	138
5	141
5	158
5	167
5	170
5	171
5	249
5	251
5	253
5	274
5	294
5	300
5	310
5	357
5	368
5	383
5	393
5	402
5	414
5	439
5	492
5	506
5	512
5	605
5	608
5	609
5	611
5	615
5	641
5	680
5	681
5	767
5	782
5	835
5	887
5	910
5	957
6	9
6	15
6	78
6	82
6	103
6	112
6	127
6	140
6	150
6	171
6	173
6	174
6	214
6	217
6	238
6	266
6	272
6	331
6	339
6	366
6	370
6	377
6	394
6	397
6	423
6	426
6	451
6	458
6	459
6	484
6	506
6	622
6	659
6	680
6	714
6	734
6	755
6	767
6	773
6	838
6	909
6	973
6	974
6	979
6	981
7	16
7	19
7	47
7	49
7	71
7	79
7	82
7	85
7	104
7	163
7	195
7	209
7	219
7	220
7	225
7	233
7	234
7	268
7	322
7	336
7	342
7	421
7	427
7	459
7	476
7	489
7	514
7	516
7	521
7	570
7	600
7	611
7	626
7	650
7	651
7	662
7	679
7	685
7	713
7	884
7	886
7	951
7	952
7	977
8	42
8	44
8	47
8	57
8	60
8	61
8	70
8	77
8	85
8	86
8	88
8	89
8	91
8	133
8	138
8	143
8	174
8	225
8	230
8	231
8	271
8	289
8	293
8	297
8	325
8	334
8	350
8	379
8	397
8	406
8	465
8	467
8	485
8	499
8	505
8	569
8	614
8	676
8	844
8	885
8	901
8	906
8	930
8	995
9	18
9	20
9	21
9	22
9	30
9	39
9	58
9	69
9	80
9	96
9	107
9	132
9	169
9	176
9	181
9	194
9	222
9	236
9	243
9	265
9	341
9	347
9	352
9	362
9	364
9	411
9	450
9	484
9	486
9	518
9	529
9	568
9	622
9	673
9	699
9	739
9	793
9	807
9	823
9	843
9	945
9	998
10	18
10	19
10	20
10	51
10	54
10	61
10	65
10	72
10	95
10	106
10	110
10	122
10	123
10	199
10	206
10	210
10	213
10	216
10	218
10	249
10	255
10	270
10	277
10	312
10	384
10	404
10	470
10	489
10	630
10	634
10	642
10	670
10	684
10	735
10	744
10	797
10	814
10	900
10	904
10	922
10	942
10	982
11	15
11	24
11	51
11	56
11	60
11	66
11	67
11	74
11	89
11	95
11	97
11	104
11	112
11	116
11	127
11	168
11	240
11	264
11	282
11	298
11	304
11	321
11	328
11	435
11	442
11	476
11	532
11	579
11	613
11	667
11	678
11	690
11	729
11	780
11	787
11	825
11	831
11	861
11	879
11	959
12	16
12	28
12	38
12	49
12	62
12	87
12	91
12	126
12	128
12	144
12	145
12	155
12	160
12	166
12	195
12	207
12	239
12	245
12	247
12	261
12	310
12	311
12	348
12	363
12	431
12	438
12	459
12	485
12	489
12	543
12	557
12	558
12	594
12	603
12	654
12	780
12	883
12	913
12	959
13	33
13	36
13	40
13	43
13	52
13	53
13	80
13	96
13	106
13	136
13	142
13	153
13	160
13	180
13	206
13	227
13	235
13	274
13	276
13	279
13	346
13	357
13	361
13	380
13	399
13	401
13	405
13	407
13	415
13	580
13	589
13	642
13	650
13	784
13	866
13	895
13	905
13	952
14	19
14	40
14	42
14	43
14	46
14	48
14	55
14	84
14	90
14	94
14	98
14	101
14	108
14	118
14	143
14	168
14	239
14	242
14	248
14	283
14	292
14	295
14	343
14	362
14	389
14	409
14	469
14	485
14	523
14	556
14	558
14	568
14	696
14	698
14	707
14	756
14	971
15	24
15	70
15	72
15	86
15	87
15	100
15	116
15	135
15	148
15	151
15	221
15	243
15	267
15	307
15	324
15	334
15	346
15	378
15	379
15	387
15	501
15	521
15	535
15	552
15	588
15	590
15	616
15	638
15	668
15	749
15	763
15	798
15	807
15	885
15	940
15	944
15	956
15	997
16	24
16	29
16	31
16	38
16	47
16	62
16	64
16	68
16	73
16	91
16	126
16	131
16	144
16	155
16	161
16	163
16	166
16	176
16	204
16	207
16	247
16	336
16	363
16	405
16	406
16	438
16	485
16	548
16	558
16	575
16	648
16	703
16	721
16	742
16	894
16	992
17	21
17	24
17	30
17	38
17	66
17	68
17	72
17	73
17	86
17	90
17	94
17	108
17	114
17	136
17	156
17	160
17	166
17	191
17	207
17	211
17	250
17	257
17	336
17	441
17	449
17	460
17	502
17	506
17	511
17	564
17	648
17	770
17	897
17	923
17	960
17	971
17	980
17	985
18	25
18	35
18	37
18	43
18	46
18	48
18	54
18	77
18	78
18	84
18	87
18	90
18	94
18	104
18	170
18	211
18	248
18	264
18	288
18	372
18	403
18	438
18	444
18	448
18	488
18	556
18	620
18	628
18	638
18	714
18	716
18	812
18	822
18	854
18	908
19	62
19	65
19	69
19	91
19	95
19	116
19	117
19	123
19	145
19	180
19	199
19	200
19	262
19	305
19	339
19	385
19	448
19	468
19	493
19	507
19	528
19	617
19	633
19	664
19	670
19	681
19	684
19	702
19	703
19	733
19	735
19	777
19	900
19	917
19	922
20	25
20	29
20	42
20	64
20	75
20	79
20	84
20	99
20	107
20	114
20	115
20	125
20	129
20	147
20	160
20	167
20	183
20	186
20	254
20	262
20	296
20	472
20	487
20	533
20	607
20	693
20	696
20	699
20	711
20	729
20	797
20	840
20	842
20	855
20	893
20	996
21	24
21	32
21	34
21	42
21	50
21	77
21	79
21	80
21	125
21	136
21	180
21	265
21	281
21	284
21	317
21	327
21	368
21	394
21	456
21	476
21	512
21	539
21	543
21	562
21	581
21	585
21	603
21	695
21	710
21	714
21	722
21	809
21	827
21	944
21	964
22	27
22	29
22	32
22	36
22	45
22	56
22	57
22	60
22	63
22	67
22	95
22	99
22	109
22	117
22	119
22	120
22	155
22	222
22	243
22	244
22	345
22	354
22	401
22	403
22	453
22	478
22	564
22	577
22	625
22	666
22	721
22	786
22	803
22	806
22	857
22	906
22	958
23	26
23	31
23	34
23	39
23	57
23	58
23	62
23	105
23	111
23	127
23	175
23	203
23	210
23	214
23	232
23	252
23	257
23	284
23	368
23	384
23	422
23	437
23	451
23	462
23	474
23	480
23	497
23	525
23	541
23	683
23	748
23	858
23	911
23	931
23	966
23	974
23	998
24	28
24	38
24	47
24	62
24	68
24	73
24	91
24	110
24	111
24	116
24	126
24	155
24	156
24	161
24	245
24	315
24	328
24	478
24	502
24	546
24	603
24	618
24	619
24	649
24	652
24	663
24	897
24	927
24	929
24	943
24	990
25	32
25	33
25	35
25	40
25	43
25	46
25	81
25	90
25	93
25	94
25	108
25	117
25	137
25	138
25	156
25	179
25	242
25	245
25	309
25	316
25	337
25	391
25	448
25	538
25	561
25	619
25	685
25	693
25	702
25	794
25	821
25	853
25	956
25	969
26	31
26	33
26	34
26	39
26	43
26	44
26	58
26	68
26	70
26	98
26	137
26	152
26	153
26	220
26	229
26	234
26	258
26	284
26	375
26	391
26	405
26	433
26	444
26	454
26	494
26	636
26	851
26	853
26	857
26	870
26	892
26	909
26	911
26	912
26	936
27	28
27	29
27	32
27	36
27	40
27	56
27	63
27	70
27	72
27	77
27	91
27	99
27	116
27	117
27	120
27	122
27	152
27	167
27	183
27	291
27	298
27	317
27	338
27	345
27	354
27	445
27	448
27	557
27	565
27	587
27	610
27	676
27	738
27	744
27	778
27	815
28	40
28	45
28	47
28	62
28	68
28	128
28	166
28	170
28	184
28	206
28	209
28	231
28	287
28	306
28	313
28	324
28	329
28	438
28	455
28	499
28	523
28	558
28	575
28	603
28	654
28	663
28	809
28	851
28	879
28	889
28	913
28	946
28	954
29	41
29	44
29	57
29	59
29	79
29	93
29	119
29	154
29	158
29	169
29	186
29	192
29	199
29	290
29	387
29	394
29	432
29	460
29	475
29	582
29	639
29	643
29	669
29	708
29	711
29	722
29	740
29	823
29	839
29	932
29	995
30	31
30	35
30	36
30	48
30	75
30	78
30	101
30	103
30	132
30	177
30	181
30	190
30	233
30	236
30	295
30	317
30	341
30	344
30	351
30	370
30	387
30	465
30	539
30	571
30	647
30	662
30	733
30	785
30	793
30	882
30	907
30	914
30	925
30	933
31	34
31	39
31	44
31	58
31	63
31	66
31	76
31	81
31	98
31	120
31	149
31	212
31	252
31	400
31	401
31	402
31	444
31	450
31	463
31	469
31	477
31	515
31	525
31	541
31	562
31	600
31	724
31	891
31	892
31	893
31	920
31	939
32	36
32	39
32	45
32	57
32	72
32	79
32	90
32	99
32	102
32	109
32	113
32	119
32	122
32	165
32	171
32	244
32	250
32	328
32	362
32	371
32	374
32	403
32	423
32	467
32	586
32	647
32	798
32	828
32	871
32	906
32	915
32	966
33	50
33	91
33	121
33	136
33	189
33	206
33	207
33	244
33	253
33	278
33	283
33	290
33	293
33	295
33	323
33	324
33	353
33	380
33	386
33	413
33	453
33	508
33	532
33	698
33	704
33	730
33	820
33	858
33	875
33	880
33	945
34	39
34	44
34	58
34	88
34	89
34	94
34	107
34	153
34	191
34	220
34	229
34	255
34	375
34	384
34	399
34	513
34	515
34	530
34	629
34	679
34	718
34	748
34	771
34	791
34	829
34	859
34	920
34	961
34	978
34	994
35	36
35	37
35	40
35	46
35	48
35	94
35	100
35	140
35	164
35	218
35	225
35	326
35	337
35	349
35	370
35	372
35	395
35	425
35	441
35	491
35	538
35	706
35	711
35	805
35	826
35	832
35	875
35	971
35	976
36	40
36	56
36	63
36	75
36	78
36	87
36	102
36	111
36	116
36	195
36	251
36	309
36	319
36	345
36	490
36	497
36	565
36	581
36	593
36	599
36	605
36	778
36	857
36	926
36	949
37	39
37	41
37	43
37	48
37	70
37	76
37	101
37	118
37	119
37	149
37	152
37	166
37	172
37	194
37	196
37	211
37	257
37	348
37	425
37	448
37	551
37	628
37	648
37	659
37	691
37	762
37	863
37	889
37	937
38	46
38	47
38	55
38	62
38	68
38	73
38	91
38	111
38	235
38	285
38	306
38	452
38	491
38	540
38	546
38	553
38	574
38	603
38	627
38	643
38	669
38	679
38	719
38	742
38	751
39	44
39	52
39	105
39	153
39	156
39	229
39	254
39	277
39	306
39	384
39	400
39	422
39	437
39	494
39	500
39	513
39	555
39	574
39	604
39	608
39	726
39	738
39	819
40	51
40	53
40	57
40	96
40	100
40	109
40	118
40	122
40	152
40	277
40	319
40	337
40	459
40	467
40	475
40	480
40	526
40	597
40	799
40	840
40	967
40	993
41	53
41	58
41	71
41	151
41	175
41	179
41	189
41	198
41	203
41	240
41	251
41	253
41	276
41	309
41	343
41	353
41	356
41	422
41	454
41	456
41	484
41	494
41	555
41	589
41	852
41	866
41	898
42	52
42	92
42	132
42	190
42	192
42	201
42	254
42	281
42	282
42	300
42	327
42	365
42	369
42	374
42	380
42	438
42	490
42	539
42	576
42	643
42	656
42	702
42	739
42	961
42	992
43	48
43	79
43	84
43	90
43	103
43	118
43	206
43	242
43	248
43	312
43	348
43	370
43	416
43	469
43	537
43	624
43	662
43	817
43	926
43	967
43	971
43	985
44	66
44	98
44	120
44	128
44	133
44	154
44	190
44	197
44	203
44	288
44	384
44	423
44	460
44	463
44	474
44	498
44	532
44	560
44	679
44	920
44	936
44	968
45	63
45	70
45	72
45	100
45	110
45	145
45	151
45	170
45	228
45	304
45	315
45	387
45	392
45	418
45	423
45	434
45	452
45	468
45	675
45	795
45	816
45	824
45	837
45	885
45	922
45	993
46	48
46	90
46	114
46	125
46	135
46	284
46	322
46	336
46	376
46	395
46	450
46	523
46	533
46	558
46	616
46	684
46	706
46	826
46	840
46	866
46	879
46	895
46	921
47	77
47	93
47	105
47	110
47	137
47	143
47	144
47	154
47	156
47	160
47	161
47	271
47	339
47	452
47	453
47	517
47	557
47	661
47	687
47	732
47	874
48	83
48	126
48	128
48	268
48	271
48	319
48	351
48	373
48	388
48	389
48	444
48	519
48	533
48	551
48	622
48	697
48	765
48	794
48	826
48	998
49	76
49	82
49	84
49	85
49	144
49	222
49	243
49	250
49	277
49	281
49	286
49	322
49	327
49	382
49	515
49	616
49	631
49	752
49	767
49	769
49	829
49	890
49	934
49	992
50	54
50	68
50	108
50	148
50	154
50	158
50	196
50	202
50	218
50	258
50	288
50	304
50	385
50	418
50	429
50	443
50	526
50	658
50	671
50	686
50	750
50	869
50	896
50	946
51	55
51	74
51	125
51	162
51	168
51	178
51	180
51	181
51	225
51	226
51	263
51	272
51	294
51	304
51	311
51	364
51	442
51	447
51	455
51	559
51	619
51	651
51	911
51	949
52	55
52	71
52	83
52	93
52	120
52	125
52	131
52	162
52	242
52	272
52	301
52	308
52	332
52	412
52	436
52	490
52	665
52	688
52	705
52	731
52	834
52	871
52	948
53	58
53	103
53	175
53	184
53	197
53	242
53	266
53	279
53	343
53	415
53	421
53	508
53	510
53	551
53	554
53	637
53	704
53	770
53	813
53	905
53	953
53	984
53	988
54	136
54	187
54	210
54	219
54	329
54	454
54	476
54	503
54	514
54	588
54	612
54	653
54	666
54	755
54	761
54	830
54	896
54	899
54	921
54	938
54	948
54	984
55	126
55	182
55	195
55	200
55	204
55	225
55	226
55	246
55	266
55	311
55	412
55	479
55	529
55	537
55	613
55	697
55	705
55	741
55	832
55	842
55	941
56	57
56	60
56	63
56	76
56	82
56	85
56	126
56	128
56	152
56	164
56	354
56	401
56	586
56	596
56	697
56	769
56	833
56	837
56	875
56	926
56	965
57	63
57	109
57	116
57	122
57	123
57	140
57	183
57	195
57	216
57	302
57	445
57	467
57	479
57	554
57	556
57	731
57	800
57	906
57	966
58	66
58	86
58	98
58	123
58	244
58	279
58	287
58	356
58	555
58	570
58	577
58	635
58	640
58	646
58	681
58	724
58	811
58	853
58	897
59	106
59	110
59	115
59	141
59	158
59	201
59	240
59	253
59	293
59	328
59	361
59	374
59	393
59	411
59	467
59	494
59	545
59	585
59	590
59	637
59	651
59	695
59	776
59	785
60	67
60	70
60	89
60	97
60	112
60	114
60	128
60	168
60	197
60	198
60	247
60	416
60	504
60	627
60	678
60	690
60	742
60	780
60	787
60	872
60	879
61	77
61	143
61	149
61	161
61	163
61	172
61	174
61	269
61	271
61	333
61	339
61	350
61	398
61	424
61	471
61	505
61	512
61	563
61	719
61	835
61	916
61	955
61	983
62	73
62	75
62	89
62	109
62	111
62	126
62	128
62	235
62	247
62	264
62	313
62	535
62	654
62	693
62	887
62	924
62	935
62	996
63	98
63	122
63	152
63	164
63	202
63	204
63	232
63	298
63	355
63	411
63	467
63	495
63	608
63	625
63	778
63	883
63	915
63	980
64	83
64	106
64	107
64	135
64	183
64	192
64	265
64	269
64	303
64	305
64	320
64	369
64	434
64	447
64	462
64	472
64	536
64	637
64	643
64	644
64	656
64	690
64	775
65	95
65	200
65	263
65	269
65	272
65	274
65	327
65	337
65	360
65	385
65	404
65	414
65	415
65	446
65	493
65	651
65	693
65	722
65	753
65	760
65	777
65	919
65	949
66	98
66	128
66	132
66	135
66	218
66	224
66	284
66	294
66	384
66	422
66	477
66	519
66	525
66	535
66	554
66	582
66	675
66	912
66	927
67	74
67	89
67	104
67	114
67	145
67	165
67	168
67	171
67	237
67	254
67	302
67	314
67	429
67	531
67	540
67	575
67	634
67	736
67	757
67	787
67	870
68	69
68	111
68	128
68	144
68	227
68	239
68	246
68	363
68	499
68	526
68	574
68	721
68	810
68	897
68	913
68	996
69	98
69	113
69	212
69	218
69	249
69	260
69	266
69	310
69	364
69	368
69	409
69	412
69	420
69	482
69	524
69	584
69	751
69	763
69	796
69	967
70	72
70	86
70	87
70	119
70	145
70	178
70	228
70	277
70	312
70	497
70	542
70	848
70	857
70	865
70	894
70	972
71	76
71	108
71	180
71	187
71	351
71	367
71	398
71	421
71	514
71	570
71	579
71	602
71	613
71	638
71	713
71	723
71	739
71	764
71	931
71	938
72	87
72	100
72	102
72	119
72	132
72	221
72	241
72	257
72	258
72	334
72	362
72	528
72	811
72	901
72	939
72	964
73	91
73	144
73	149
73	152
73	160
73	306
73	375
73	455
73	552
73	580
73	617
73	663
73	748
73	822
73	859
73	892
73	980
74	84
74	87
74	97
74	112
74	151
74	168
74	179
74	205
74	215
74	228
74	234
74	285
74	314
74	326
74	335
74	408
74	488
74	652
74	951
75	80
75	93
75	129
75	130
75	141
75	236
75	349
75	418
75	433
75	481
75	498
75	543
75	551
75	585
75	597
75	866
75	899
76	146
76	148
76	149
76	188
76	237
76	306
76	322
76	392
76	414
76	462
76	503
76	560
76	675
76	727
76	734
77	91
77	132
77	137
77	143
77	230
77	240
77	271
77	287
77	339
77	448
77	464
77	563
77	838
77	855
77	892
78	98
78	156
78	185
78	193
78	228
78	246
78	329
78	342
78	437
78	441
78	566
78	591
78	636
78	683
78	729
78	877
78	901
79	93
79	176
79	242
79	283
79	291
79	303
79	349
79	386
79	456
79	487
79	607
79	792
79	803
79	813
79	823
80	92
80	109
80	137
80	239
80	254
80	302
80	303
80	346
80	370
80	493
80	595
80	597
80	801
80	891
80	933
80	944
80	981
81	100
81	119
81	138
81	145
81	155
81	209
81	221
81	258
81	279
81	309
81	387
81	432
81	454
81	475
81	578
81	614
81	722
81	838
81	841
82	98
82	157
82	166
82	172
82	188
82	198
82	208
82	234
82	262
82	286
82	631
82	683
82	715
82	716
82	799
82	801
82	926
83	93
83	116
83	131
83	153
83	162
83	220
83	225
83	301
83	332
83	375
83	427
83	537
83	587
83	656
83	741
83	775
83	864
84	85
84	118
84	147
84	201
84	211
84	239
84	242
84	256
84	333
84	511
84	648
84	674
84	813
84	852
85	93
85	139
85	163
85	204
85	224
85	326
85	382
85	458
85	478
85	484
85	686
85	727
85	760
85	789
85	841
85	890
86	133
86	138
86	145
86	166
86	177
86	208
86	231
86	239
86	307
86	310
86	454
86	465
86	590
86	659
86	809
86	941
87	96
87	112
87	116
87	117
87	129
87	135
87	138
87	371
87	388
87	401
87	464
87	621
87	790
88	92
88	148
88	154
88	220
88	241
88	247
88	267
88	382
88	383
88	426
88	429
88	559
88	561
88	578
88	592
88	658
88	704
88	869
89	104
89	114
89	129
89	165
89	216
89	298
89	362
89	408
89	416
89	557
89	652
89	719
89	756
89	889
90	101
90	146
90	162
90	184
90	191
90	285
90	343
90	409
90	425
90	443
90	517
90	565
90	862
91	133
91	170
91	210
91	223
91	313
91	339
91	405
91	738
91	795
91	983
92	109
92	113
92	127
92	139
92	164
92	201
92	209
92	281
92	292
92	333
92	380
92	439
92	665
92	779
92	873
92	954
92	981
93	112
93	132
93	139
93	268
93	320
93	460
93	486
93	710
93	756
93	924
93	933
94	118
94	129
94	170
94	242
94	245
94	250
94	326
94	463
94	491
94	524
94	687
94	696
95	125
95	180
95	186
95	200
95	471
95	634
95	642
95	661
95	715
95	743
95	776
95	864
95	867
95	898
96	103
96	121
96	159
96	244
96	252
96	330
96	405
96	422
96	431
96	520
96	528
96	653
96	692
96	724
96	849
97	112
97	113
97	114
97	261
97	515
97	667
97	719
97	728
97	755
97	757
97	827
97	850
97	869
97	905
98	174
98	219
98	235
98	393
98	472
98	515
98	604
98	655
98	687
99	104
99	109
99	164
99	192
99	221
99	263
99	355
99	382
99	397
99	528
99	565
99	697
99	888
99	915
100	119
100	267
100	309
100	323
100	374
100	378
100	423
100	424
100	454
100	663
100	828
100	848
101	107
101	111
101	118
101	140
101	191
101	216
101	252
101	283
101	325
101	379
101	491
101	914
102	109
102	117
102	140
102	214
102	232
102	246
102	250
102	265
102	338
102	480
102	625
102	747
102	990
103	136
103	179
103	189
103	203
103	249
103	251
103	263
103	274
103	352
103	480
103	577
103	597
103	730
104	144
104	163
104	362
104	442
104	534
104	600
104	648
104	666
104	670
104	761
104	943
105	284
105	294
105	353
105	357
105	375
105	400
105	408
105	422
105	445
105	474
105	477
105	496
105	531
105	550
105	818
106	143
106	224
106	256
106	281
106	282
106	361
106	396
106	636
106	639
106	644
106	665
106	701
106	836
106	876
107	259
107	281
107	335
107	459
107	534
107	574
107	606
107	607
107	714
107	834
107	865
107	950
107	978
108	178
108	188
108	348
108	424
108	442
108	491
108	518
108	554
108	780
108	948
108	970
108	1000
109	118
109	164
109	226
109	298
109	495
109	497
109	769
109	772
110	119
110	211
110	273
110	281
110	300
110	365
110	484
110	527
110	657
110	673
110	682
110	706
111	118
111	182
111	318
111	409
111	415
111	481
111	488
111	504
111	824
112	244
112	261
112	340
112	417
112	540
112	667
112	720
112	729
112	734
112	850
113	124
113	127
113	167
113	281
113	316
113	357
113	436
113	483
113	644
113	774
113	870
113	950
114	159
114	197
114	285
114	305
114	314
114	334
114	362
114	671
114	690
114	842
115	142
115	149
115	172
115	176
115	256
115	268
115	331
115	376
115	397
115	414
115	487
115	490
115	674
115	691
115	799
116	117
116	122
116	275
116	319
116	371
116	474
116	576
116	759
117	232
117	256
117	258
117	355
117	452
117	547
117	668
117	718
117	790
117	901
118	153
118	212
118	319
118	372
118	409
118	745
118	880
119	169
119	182
119	195
119	226
119	356
119	726
119	778
120	209
120	286
120	297
120	386
120	419
120	587
120	604
120	753
120	873
120	952
121	159
121	162
121	386
121	425
121	428
121	431
121	473
121	547
121	598
121	703
121	762
121	771
121	781
121	811
122	164
122	282
122	338
122	413
122	466
122	550
122	746
122	800
122	836
123	125
123	134
123	168
123	196
123	200
123	218
123	312
123	358
123	392
123	630
123	777
123	940
124	127
124	139
124	141
124	156
124	168
124	232
124	316
124	383
124	435
124	641
124	796
124	801
124	975
125	146
125	266
125	270
125	429
125	447
125	472
125	659
125	953
126	144
126	155
126	220
126	342
126	409
126	502
126	828
126	831
127	335
127	439
127	468
127	779
127	798
127	919
127	934
127	994
128	132
128	160
128	207
128	313
128	471
128	614
129	147
129	190
129	236
129	335
129	374
129	385
129	534
129	624
129	893
129	909
130	161
130	182
130	254
130	303
130	349
130	370
130	407
130	428
130	505
130	646
130	660
130	762
130	815
130	986
131	237
131	241
131	301
131	308
131	426
131	496
131	599
131	635
131	717
131	890
131	957
132	236
132	320
132	346
132	522
132	571
132	659
132	745
133	208
133	226
133	271
133	342
133	353
133	415
133	424
133	431
133	881
133	930
133	968
134	181
134	200
134	280
134	305
134	312
134	345
134	360
134	562
134	572
134	647
134	715
134	827
134	982
135	175
135	198
135	248
135	330
135	441
135	511
135	632
135	683
135	736
135	766
136	160
136	189
136	253
136	276
136	278
136	392
136	396
136	687
136	939
137	143
137	174
137	217
137	287
137	325
137	380
137	465
137	650
137	916
138	191
138	208
138	228
138	231
138	339
138	357
138	802
138	885
139	154
139	167
139	178
139	250
139	439
139	468
139	524
139	697
139	759
139	763
139	887
140	199
140	623
140	625
140	683
140	696
140	763
140	792
140	824
140	923
141	171
141	192
141	301
141	316
141	373
141	394
141	487
141	540
141	714
141	813
142	173
142	175
142	188
142	268
142	293
142	356
142	579
142	582
142	591
142	669
142	700
142	781
143	184
143	252
143	264
143	333
143	790
143	858
144	167
144	502
144	553
144	612
144	821
145	295
145	338
145	397
145	728
145	808
145	847
145	989
146	185
146	223
146	283
146	342
146	384
146	402
146	567
146	624
146	709
146	712
147	170
147	233
147	347
147	643
147	691
147	723
147	773
147	800
147	825
147	839
147	840
148	154
148	360
148	526
148	583
148	626
148	628
148	678
148	845
148	876
148	896
149	197
149	202
149	242
149	521
149	527
149	532
149	582
149	753
150	179
150	251
150	260
150	358
150	363
150	390
150	427
150	466
150	504
150	538
150	623
150	985
151	227
151	243
151	258
151	264
151	344
151	420
151	552
151	624
151	652
151	816
152	156
152	164
152	296
152	758
152	815
152	934
152	989
153	251
153	262
153	279
153	617
153	623
153	793
153	867
153	880
154	236
154	342
154	346
154	566
154	658
154	846
154	918
155	275
155	418
155	477
155	564
155	575
155	695
155	909
155	924
156	166
156	216
156	385
156	894
157	178
157	179
157	196
157	197
157	329
157	410
157	451
157	508
157	539
157	745
157	860
157	877
158	303
158	395
158	404
158	428
158	450
158	507
158	581
158	593
158	881
159	206
159	208
159	235
159	251
159	278
159	315
159	324
159	474
159	811
159	998
160	259
160	363
160	455
160	471
160	929
161	237
161	271
161	410
161	569
161	720
161	894
161	940
161	973
162	253
162	272
162	332
162	367
162	635
162	775
162	788
162	802
163	177
163	297
163	331
163	458
163	582
163	626
163	727
164	186
164	195
164	232
164	390
164	637
165	168
165	261
165	304
165	357
165	417
165	469
165	540
165	586
165	604
165	797
166	231
166	275
166	388
166	654
166	721
167	177
167	255
167	368
167	475
167	518
167	614
167	718
168	203
168	215
168	560
169	190
169	241
169	259
169	389
169	673
169	682
169	708
169	843
169	924
169	942
170	395
170	441
170	591
170	601
170	620
170	929
171	291
171	518
171	550
171	608
171	713
171	718
171	751
171	899
172	173
172	183
172	237
172	318
172	329
172	364
172	377
172	532
172	600
173	235
173	292
173	466
173	504
173	563
173	593
173	755
173	843
173	882
173	1000
174	224
174	230
174	231
174	259
174	438
174	464
174	670
174	977
175	225
175	373
175	554
175	723
175	725
175	765
175	820
175	988
176	238
176	634
176	657
176	713
176	722
176	767
176	947
176	986
177	185
177	416
177	427
177	616
177	620
177	631
177	881
178	191
178	196
178	376
178	452
178	843
178	877
178	941
179	221
179	392
179	819
179	849
179	883
179	905
180	207
180	280
180	630
180	649
180	842
180	917
181	190
181	351
181	467
181	641
181	660
181	851
181	866
181	974
182	413
182	433
182	481
182	668
182	699
182	795
182	913
182	927
183	233
183	403
183	463
183	550
183	592
183	862
184	291
184	357
184	420
184	496
184	551
184	611
184	774
184	887
185	224
185	289
185	391
185	455
185	522
185	538
185	606
185	884
185	969
186	204
186	206
186	211
186	261
186	270
186	414
186	562
186	702
187	188
187	219
187	277
187	286
187	321
187	345
187	774
187	884
187	952
187	964
188	237
188	252
188	364
188	375
188	512
188	572
188	916
189	249
189	392
189	481
189	514
189	592
189	762
189	870
189	880
190	236
190	267
190	352
190	437
190	785
190	985
191	197
191	329
191	351
191	593
191	674
192	324
192	402
192	536
192	656
192	746
192	764
192	930
193	219
193	266
193	311
193	329
193	462
193	545
193	694
193	706
193	739
193	900
193	973
194	198
194	201
194	289
194	313
194	413
194	543
194	595
194	629
194	942
194	945
195	244
195	298
195	403
195	511
195	673
196	233
196	311
196	364
196	401
196	502
196	553
196	694
197	215
197	246
197	311
197	451
197	856
198	203
198	206
198	248
198	274
198	399
198	858
198	870
199	218
199	238
199	457
199	489
199	496
199	670
199	773
200	257
200	266
200	658
200	747
200	764
200	953
201	296
201	318
201	320
201	457
201	665
201	695
201	978
202	248
202	279
202	288
202	299
202	320
202	340
202	506
202	918
202	921
203	660
203	669
203	675
203	859
203	883
203	988
204	213
204	342
204	355
204	382
204	385
204	757
204	842
205	282
205	300
205	365
205	418
205	434
205	472
205	545
205	644
205	746
205	884
205	890
206	381
206	579
206	784
207	306
207	394
207	649
207	663
208	339
208	464
208	971
208	983
208	995
209	258
209	294
209	398
209	452
209	620
209	816
210	375
210	402
210	472
210	666
210	675
210	701
210	860
211	323
211	425
211	535
211	602
211	783
212	260
212	282
212	350
212	352
212	549
212	796
212	975
213	334
213	436
213	651
213	689
213	715
213	728
213	730
213	868
213	877
214	319
214	345
214	358
214	428
214	475
214	495
214	503
214	528
215	285
215	286
215	398
215	576
215	821
215	900
215	958
216	227
216	235
216	251
216	430
216	533
217	235
217	251
217	330
217	343
217	396
217	494
217	508
217	650
217	805
218	263
218	382
218	404
218	955
219	282
219	502
219	538
219	671
219	707
219	789
220	286
220	421
220	459
220	525
221	284
221	354
221	397
221	440
221	502
221	685
222	330
222	476
222	632
222	707
222	712
222	766
222	791
222	863
223	322
223	380
223	499
223	536
223	564
223	614
223	732
223	909
223	995
224	421
224	478
224	545
224	578
224	584
224	931
225	490
225	560
225	607
225	689
226	307
226	332
226	333
226	464
226	549
226	552
227	235
227	456
227	589
227	688
227	758
227	811
227	920
228	452
228	555
228	665
228	668
228	708
228	972
229	468
229	474
229	513
229	608
229	687
229	711
229	753
229	860
230	270
230	333
230	444
230	574
230	618
230	623
230	818
230	838
231	325
231	350
231	460
231	633
231	701
232	236
232	730
232	855
232	966
232	990
233	312
233	318
233	390
233	536
233	569
233	571
234	352
234	501
234	554
234	632
234	668
234	788
235	371
235	380
236	301
236	888
236	898
237	703
237	902
237	962
238	432
238	457
238	566
238	593
238	716
238	808
238	979
239	245
239	296
239	348
239	605
240	263
240	540
240	562
240	643
240	881
240	910
240	955
241	377
241	417
241	426
241	438
241	476
241	610
241	923
242	756
243	334
243	338
243	393
243	450
243	749
243	965
244	397
244	507
244	596
244	940
245	552
245	672
245	682
245	889
246	328
246	350
246	516
246	591
246	692
247	259
247	618
247	706
247	810
248	395
248	621
248	782
248	898
249	250
249	260
249	717
249	737
249	745
250	255
250	423
250	594
251	533
252	560
252	701
252	951
252	960
253	276
253	443
253	653
253	919
254	364
254	373
254	411
254	709
255	449
255	482
255	498
255	534
255	609
255	934
256	323
256	461
256	551
256	711
256	973
256	997
257	343
257	488
257	602
257	631
257	698
258	388
258	820
258	938
259	546
259	634
259	639
259	818
259	916
260	285
260	310
260	361
260	782
260	809
260	934
261	501
261	510
261	576
261	678
261	949
262	289
262	396
262	468
262	517
262	826
262	997
263	280
263	328
263	360
263	947
264	320
264	406
264	635
264	800
264	937
265	331
265	439
265	581
265	592
265	672
265	682
266	728
266	976
267	338
267	378
267	398
267	795
267	937
267	999
268	292
268	517
268	673
268	771
268	962
269	273
269	314
269	423
269	633
269	750
269	763
269	773
270	280
270	446
270	536
270	541
270	735
270	912
271	334
271	483
271	802
272	321
272	560
272	848
272	941
273	291
273	357
273	531
273	552
273	766
273	823
273	929
274	293
274	381
274	453
274	523
274	718
275	330
275	379
275	584
275	699
275	828
275	833
275	908
276	278
276	279
276	293
276	399
276	443
276	994
277	515
277	522
277	629
277	687
278	343
278	436
278	488
278	520
278	725
279	359
279	533
279	619
280	322
280	489
280	496
280	561
280	740
280	776
281	282
281	904
282	311
282	447
283	407
283	476
283	482
283	520
283	622
284	383
284	577
284	629
285	367
285	717
285	780
285	806
286	341
286	501
286	632
286	992
287	371
287	406
287	485
287	505
287	653
287	802
288	315
288	483
288	506
288	712
288	731
288	915
289	436
289	518
289	666
289	672
289	982
290	297
290	414
290	431
290	498
290	543
290	917
290	991
291	480
291	508
291	645
291	813
292	410
292	579
292	606
292	808
292	969
293	456
293	766
293	781
294	402
294	554
294	726
294	867
295	343
295	401
295	434
295	676
295	824
296	361
296	393
296	428
296	432
296	804
297	386
297	419
297	479
297	733
297	932
298	482
298	907
298	913
299	340
299	561
299	563
299	588
299	602
299	689
299	792
299	895
300	305
300	527
300	597
300	860
300	990
301	383
301	440
301	681
301	737
302	627
302	685
302	736
302	806
302	830
302	854
303	466
303	607
303	628
303	821
304	408
304	416
304	621
304	831
305	385
305	528
305	719
306	628
306	749
306	921
307	399
307	549
307	647
307	848
307	963
308	341
308	387
308	599
308	741
308	959
308	1000
309	621
309	798
309	830
309	956
310	316
310	371
310	774
310	793
311	703
311	872
312	436
312	761
312	868
313	332
313	464
313	809
313	831
314	315
314	335
314	540
314	588
314	752
315	506
315	671
315	686
315	750
316	405
316	627
316	864
316	987
317	347
317	394
317	450
317	655
317	818
318	331
318	369
318	556
318	688
318	716
319	371
319	414
319	631
320	486
320	525
320	785
321	412
321	479
321	560
321	573
322	672
322	709
323	412
323	532
323	655
323	855
324	392
324	399
324	743
324	796
325	375
325	391
325	464
325	505
325	727
326	402
326	413
326	506
326	519
326	899
327	432
327	509
327	546
327	588
328	362
328	864
329	514
329	635
330	555
330	641
330	736
330	907
331	453
331	470
331	486
331	950
332	341
332	599
332	852
333	512
333	557
333	600
334	528
334	621
335	408
335	678
335	873
335	958
336	448
336	473
336	541
336	603
337	359
337	449
337	653
337	690
338	381
338	639
338	705
339	522
340	377
340	429
340	469
340	555
340	583
340	636
341	363
341	548
341	592
341	947
342	421
343	945
344	447
344	611
344	637
344	647
344	700
344	924
344	947
345	445
345	583
345	970
346	426
346	427
346	509
347	433
347	435
347	529
347	984
347	991
348	419
348	469
348	585
349	507
349	682
349	871
349	964
350	461
350	512
350	808
350	853
351	708
351	878
351	882
351	974
352	373
352	450
352	760
352	803
353	444
353	770
353	784
353	786
353	789
354	510
354	663
354	693
354	867
355	445
355	495
355	534
355	847
356	431
356	547
356	607
356	914
358	495
358	739
358	845
358	958
359	373
359	538
359	556
359	678
359	679
360	753
360	868
361	537
361	609
361	772
363	492
363	826
365	411
365	445
365	591
365	610
366	410
366	457
366	542
366	680
366	846
366	902
367	636
367	686
367	782
367	879
367	903
368	393
368	740
368	997
369	741
369	805
369	840
369	955
369	972
370	430
370	694
371	993
372	446
372	513
372	556
372	671
372	969
373	698
373	902
374	498
374	596
374	645
376	442
376	585
376	649
376	817
377	500
377	770
377	841
377	918
378	590
378	596
378	677
378	972
378	1000
379	550
379	700
379	720
380	399
381	580
381	804
381	820
381	837
381	869
382	489
382	917
383	509
383	573
383	948
384	609
385	530
386	435
386	616
386	896
387	434
387	841
388	497
388	624
388	625
389	488
389	674
389	752
389	889
390	453
390	493
390	536
390	572
390	977
391	516
391	531
391	956
391	987
392	555
393	743
393	945
394	410
394	953
395	469
395	661
395	836
396	487
396	584
396	812
396	839
397	508
398	495
398	542
398	620
399	818
400	439
400	483
400	505
400	688
400	702
401	610
402	966
403	586
403	769
403	825
404	446
404	530
404	708
404	897
405	508
405	725
406	479
406	832
406	930
407	428
407	430
407	599
407	770
407	983
408	435
408	928
408	979
409	535
410	633
410	808
410	976
411	433
411	993
412	440
412	575
413	529
413	832
413	981
414	657
415	602
415	723
415	822
416	440
416	861
416	949
417	583
417	737
417	759
417	819
417	896
418	571
418	669
418	939
419	462
419	530
419	597
419	676
419	862
420	524
420	615
420	632
420	737
420	982
421	601
421	915
422	734
422	936
423	550
424	471
424	512
424	908
424	959
425	648
425	916
426	507
426	573
426	856
427	615
427	788
427	960
428	431
428	730
429	747
429	868
429	876
430	447
430	589
430	598
430	814
430	954
431	510
432	520
432	888
432	991
433	571
433	578
433	609
434	519
434	589
434	887
435	573
435	616
435	726
436	490
436	834
437	473
437	765
437	883
438	444
439	471
440	473
440	932
440	999
441	499
441	919
442	492
442	728
443	513
443	529
443	940
445	772
446	498
446	707
446	744
447	688
449	704
449	810
449	844
451	530
451	559
453	455
454	885
455	521
456	598
456	650
457	504
457	514
457	553
458	504
458	601
458	702
458	968
459	595
460	562
461	484
461	606
461	660
461	700
461	820
462	856
462	979
463	761
463	928
463	933
465	569
465	707
465	875
466	532
466	951
468	874
470	634
470	640
470	741
470	756
471	827
472	546
473	613
473	689
474	595
475	552
475	839
477	485
477	553
477	701
478	653
478	679
478	786
479	580
480	548
480	577
481	803
481	922
482	979
482	989
483	578
483	632
484	527
485	829
486	645
486	660
487	527
487	954
488	935
489	660
491	572
491	833
492	835
492	910
492	937
492	987
493	749
493	801
493	891
494	613
494	777
496	681
496	814
497	550
497	684
498	961
499	523
499	715
500	559
500	568
500	612
500	829
500	946
501	514
501	563
501	725
503	521
503	563
503	861
504	970
505	932
507	793
507	825
509	544
509	601
509	622
509	645
510	551
510	580
510	724
511	758
511	794
511	886
513	531
513	787
515	960
516	630
516	769
516	845
517	708
517	950
517	978
518	602
518	641
519	768
519	771
519	846
520	527
520	598
521	748
521	752
522	623
522	649
522	830
523	539
523	996
524	605
524	856
524	989
525	668
525	974
526	544
526	601
526	735
527	888
529	768
529	827
530	928
531	775
531	938
533	706
534	617
534	927
535	895
536	975
537	592
537	692
538	844
539	549
539	994
541	604
541	752
541	891
542	759
542	926
542	980
542	991
543	680
543	943
544	558
544	713
544	747
544	892
544	921
545	549
545	662
545	939
546	565
546	894
547	762
547	812
547	822
547	987
548	642
548	662
548	669
548	746
549	615
549	930
553	698
556	821
557	604
557	878
558	618
559	709
559	874
561	588
561	792
561	867
564	667
564	865
565	828
566	572
566	692
566	902
567	612
567	783
567	819
567	976
567	984
568	825
568	914
569	830
569	831
570	606
570	610
570	960
571	754
572	988
573	671
573	882
574	935
575	677
576	627
576	963
577	705
578	738
579	661
580	677
581	784
581	886
582	854
583	777
583	878
584	740
584	882
585	907
586	673
586	758
587	731
587	810
589	750
590	905
591	774
593	872
594	641
594	704
594	841
594	956
595	710
595	832
596	961
598	619
598	711
599	871
600	992
601	675
605	705
606	854
608	823
609	709
610	964
611	740
611	794
612	846
612	918
614	865
615	617
615	725
617	664
618	782
618	833
620	800
621	990
622	755
623	799
624	912
625	975
626	796
627	757
628	710
629	903
629	920
630	936
630	965
631	957
633	855
633	880
636	834
637	751
638	723
638	776
638	817
639	644
639	851
640	664
640	837
640	999
642	744
642	764
644	836
645	661
645	751
646	688
646	807
646	927
646	975
647	874
649	760
650	931
651	999
652	1000
655	672
655	767
655	932
656	665
656	785
657	696
657	787
657	991
658	750
659	776
661	694
662	700
664	683
664	953
666	779
667	847
667	955
670	936
672	977
674	925
674	969
676	861
676	962
677	743
677	759
677	786
680	737
680	951
681	910
682	944
684	764
684	996
685	861
686	772
686	970
689	695
689	852
690	736
691	716
691	729
691	807
692	931
693	873
694	703
694	946
696	734
697	898
698	947
699	745
699	918
700	717
701	968
704	791
705	904
707	845
710	977
712	801
712	814
712	899
713	952
714	768
715	999
717	779
717	925
720	961
721	981
724	868
726	959
727	760
732	802
732	859
732	970
733	765
735	942
738	853
742	797
742	943
743	819
746	757
747	790
748	835
749	901
754	806
754	877
754	912
754	965
758	804
761	875
765	938
766	851
768	804
768	910
771	829
772	847
773	986
775	925
778	850
781	928
783	791
783	854
784	790
786	849
788	935
788	993
789	957
789	967
791	886
792	948
794	848
795	893
797	838
798	963
799	884
803	844
804	859
805	890
806	937
807	958
810	943
812	846
812	908
815	837
815	967
816	865
816	917
817	844
817	962
833	972
836	986
839	986
843	963
847	989
849	923
849	928
850	933
850	935
856	872
858	906
862	908
863	891
863	911
863	968
869	876
872	904
873	878
874	907
878	985
881	994
886	903
888	944
893	988
895	997
900	983
902	973
903	987
911	957
914	998
919	982
922	929
923	946
942	978
950	995
962	976
963	965
