1	15
1	29
1	40
1	47
1	53
1	63
1	68
1	70
1	91
1	96
1	130
1	144
1	151
1	156
1	178
1	201
1	217
1	248
1	266
1	298
1	310
1	319
1	331
1	348
1	350
1	360
1	446
1	458
1	495
1	512
1	541
1	555
1	564
1	574
1	626
1	638
1	655
1	660
1	662
1	689
1	692
1	697
1	714
1	758
1	777
1	834
1	839
1	917
1	920
1	927
2	12
2	18
2	41
2	45
2	48
2	49
2	51
2	63
2	74
2	86
2	107
2	112
2	121
2	125
2	132
2	150
2	176
2	180
2	187
2	194
2	228
2	235
2	243
2	255
2	263
2	268
2	281
2	343
2	349
2	356
2	370
2	405
2	473
2	492
2	501
2	588
2	615
2	627
2	656
2	658
2	740
2	795
2	825
2	868
2	902
2	942
2	977
2	980
3	6
3	24
3	37
3	48
3	50
3	61
3	95
3	105
3	106
3	110
3	115
3	116
3	135
3	149
3	155
3	168
3	169
3	186
3	250
3	266
3	267
3	311
3	327
3	344
3	349
3	388
3	416
3	421
3	423
3	434
3	435
3	450
3	453
3	511
3	529
3	556
3	602
3	631
3	634
3	692
3	711
3	724
3	785
3	791
3	898
3	940
3	942
4	22
4	26
4	34
4	35
4	39
4	62
4	72
4	79
4	92
4	99
4	104
4	123
4	153
4	161
4	180
4	205
4	219
4	253
4	256
4	257
4	288
4	292
4	312
4	316
4	321
4	324
4	335
4	377
4	410
4	411
4	422
4	467
4	481
4	571
4	574
4	609
4	623
4	673
4	685
4	749
4	819
4	844
4	858
4	920
4	921
4	988
5	25
5	41
5	45
5	51
5	55
5	63
5	74
5	86
5	89
5	112
5	126
5	131
5	132
5	138
5	165
5	173
5	180
5	194
5	220
5	225
5	228
5	235
5	258
5	281
5	296
5	342
5	366
5	375
5	386
5	438
5	492
5	521
5	523
5	567
5	572
5	583
5	607
5	635
5	658
5	699
5	736
5	837
5	868
5	871
5	980
6	10
6	16
6	21
6	24
6	37
6	38
6	48
6	50
6	59
6	95
6	105
6	106
6	110
6	116
6	122
6	123
6	125
6	135
6	140
6	155
6	156
6	169
6	204
6	250
6	287
6	295
6	307
6	319
6	344
6	347
6	442
6	470
6	497
6	516
6	556
6	565
6	631
6	634
6	735
6	794
6	876
6	958
6	983
6	993
7	8
7	18
7	36
7	58
7	85
7	102
7	112
7	120
7	124
7	128
7	136
7	154
7	164
7	196
7	206
7	224
7	260
7	271
7	291
7	308
7	313
7	318
7	340
7	359
7	362
7	368
7	371
7	372
7	391
7	394
7	396
7	465
7	526
7	533
7	552
7	683
7	685
7	739
7	766
7	814
7	832
7	890
7	945
7	984
7	997
8	15
8	18
8	85
8	118
8	128
8	138
8	154
8	161
8	164
8	190
8	196
8	206
8	216
8	264
8	265
8	308
8	318
8	345
8	359
8	390
8	391
8	394
8	396
8	479
8	490
8	500
8	517
8	526
8	533
8	546
8	559
8	565
8	582
8	586
8	633
8	636
8	683
8	701
8	766
8	814
8	829
8	880
8	980
9	14
9	46
9	65
9	66
9	81
9	82
9	108
9	111
9	137
9	145
9	148
9	182
9	195
9	198
9	210
9	213
9	224
9	227
9	232
9	241
9	273
9	279
9	282
9	382
9	392
9	400
9	401
9	429
9	476
9	484
9	498
9	509
9	525
9	563
9	578
9	649
9	684
9	734
9	740
9	823
9	917
9	938
9	953
10	16
10	21
10	31
10	42
10	52
10	54
10	60
10	68
10	69
10	103
10	152
10	167
10	199
10	204
10	272
10	276
10	277
10	285
10	304
10	378
10	383
10	433
10	448
10	483
10	510
10	519
10	550
10	561
10	566
10	600
10	700
10	706
10	723
10	772
10	787
10	831
10	836
10	843
10	848
10	863
10	881
11	20
11	22
11	30
11	39
11	55
11	67
11	71
11	76
11	84
11	88
11	90
11	143
11	173
11	175
11	184
11	188
11	231
11	236
11	252
11	274
11	314
11	323
11	325
11	357
11	398
11	403
11	428
11	443
11	471
11	492
11	538
11	608
11	688
11	768
11	849
11	857
11	864
11	902
11	952
11	954
11	957
12	29
12	39
12	46
12	50
12	73
12	81
12	82
12	108
12	136
12	137
12	145
12	148
12	162
12	166
12	177
12	182
12	214
12	227
12	246
12	261
12	285
12	302
12	332
12	361
12	395
12	409
12	437
12	440
12	549
12	563
12	603
12	607
12	672
12	709
12	750
12	781
12	916
12	953
12	974
13	22
13	25
13	43
13	64
13	65
13	83
13	98
13	110
13	126
13	139
13	142
13	146
13	159
13	222
13	320
13	353
13	389
13	401
13	407
13	424
13	462
13	463
13	472
13	503
13	521
13	560
13	573
13	617
13	651
13	710
13	718
13	728
13	744
13	765
13	839
13	872
13	885
13	910
13	960
13	985
14	66
14	73
14	82
14	86
14	95
14	108
14	111
14	129
14	174
14	179
14	210
14	214
14	221
14	222
14	259
14	273
14	282
14	290
14	302
14	382
14	392
14	409
14	464
14	469
14	470
14	498
14	524
14	584
14	596
14	632
14	649
14	734
14	802
14	806
14	823
14	923
14	936
14	938
14	948
15	29
15	33
15	46
15	53
15	59
15	68
15	91
15	96
15	124
15	130
15	156
15	217
15	227
15	237
15	271
15	281
15	294
15	298
15	334
15	337
15	350
15	415
15	421
15	446
15	458
15	466
15	548
15	555
15	575
15	692
15	696
15	721
15	758
15	777
15	784
15	800
15	834
15	863
16	21
16	31
16	42
16	52
16	54
16	60
16	152
16	199
16	204
16	239
16	272
16	276
16	285
16	304
16	305
16	375
16	378
16	383
16	397
16	448
16	471
16	483
16	536
16	600
16	643
16	682
16	703
16	715
16	720
16	757
16	780
16	813
16	830
16	836
16	848
16	915
16	988
17	19
17	22
17	33
17	36
17	38
17	45
17	58
17	65
17	94
17	100
17	133
17	170
17	187
17	195
17	207
17	280
17	284
17	289
17	304
17	361
17	384
17	388
17	393
17	426
17	482
17	519
17	558
17	559
17	598
17	627
17	641
17	648
17	680
17	709
17	729
17	817
17	822
17	850
17	987
18	26
18	33
18	54
18	85
18	118
18	120
18	124
18	128
18	154
18	164
18	190
18	194
18	206
18	260
18	291
18	300
18	362
18	368
18	390
18	396
18	414
18	443
18	459
18	490
18	500
18	538
18	546
18	633
18	683
18	699
18	766
18	804
18	832
18	900
18	950
19	23
19	30
19	36
19	44
19	75
19	94
19	107
19	117
19	121
19	122
19	126
19	127
19	134
19	158
19	170
19	186
19	187
19	207
19	245
19	286
19	301
19	302
19	343
19	351
19	388
19	451
19	461
19	482
19	704
19	726
19	755
19	830
19	869
19	871
19	889
19	945
19	987
20	22
20	47
20	57
20	71
20	76
20	84
20	88
20	90
20	109
20	114
20	117
20	173
20	175
20	188
20	189
20	212
20	236
20	271
20	314
20	323
20	347
20	358
20	413
20	449
20	518
20	522
20	542
20	659
20	756
20	797
20	810
20	835
20	847
20	849
20	854
20	857
20	935
21	31
21	42
21	49
21	52
21	54
21	60
21	69
21	115
21	162
21	167
21	239
21	265
21	272
21	305
21	378
21	383
21	397
21	405
21	419
21	442
21	561
21	643
21	700
21	706
21	723
21	772
21	775
21	780
21	787
21	813
21	848
21	853
21	877
21	915
21	923
22	55
22	57
22	71
22	76
22	80
22	81
22	84
22	109
22	114
22	117
22	143
22	154
22	184
22	188
22	231
22	317
22	358
22	398
22	436
22	443
22	477
22	540
22	542
22	549
22	601
22	683
22	756
22	799
22	852
22	855
22	857
22	909
22	973
23	27
23	30
23	33
23	38
23	44
23	58
23	77
23	88
23	121
23	126
23	134
23	147
23	170
23	179
23	193
23	200
23	234
23	238
23	270
23	280
23	284
23	374
23	397
23	425
23	478
23	489
23	531
23	561
23	641
23	648
23	709
23	725
23	757
23	801
23	827
23	869
23	884
24	37
24	48
24	106
24	115
24	135
24	140
24	155
24	169
24	219
24	244
24	287
24	307
24	319
24	327
24	379
24	416
24	420
24	423
24	432
24	460
24	508
24	511
24	532
24	596
24	599
24	642
24	711
24	778
24	785
24	787
24	875
24	897
24	898
24	918
24	983
25	63
25	65
25	78
25	83
25	92
25	93
25	98
25	102
25	103
25	114
25	147
25	181
25	222
25	226
25	230
25	233
25	237
25	297
25	303
25	353
25	364
25	369
25	380
25	403
25	431
25	441
25	502
25	524
25	617
25	710
25	717
25	824
25	860
25	872
25	982
26	31
26	34
26	35
26	54
26	62
26	72
26	79
26	92
26	99
26	123
26	151
26	153
26	219
26	253
26	256
26	257
26	288
26	316
26	335
26	377
26	394
26	418
26	467
26	481
26	534
26	537
26	550
26	574
26	663
26	742
26	769
26	803
26	807
26	858
26	925
27	30
27	33
27	44
27	51
27	58
27	60
27	73
27	75
27	77
27	100
27	126
27	134
27	146
27	179
27	195
27	217
27	218
27	238
27	272
27	286
27	289
27	331
27	343
27	432
27	445
27	519
27	589
27	621
27	625
27	635
27	653
27	715
27	729
27	767
27	884
27	999
28	32
28	44
28	163
28	203
28	208
28	211
28	229
28	240
28	249
28	262
28	334
28	339
28	355
28	381
28	387
28	399
28	427
28	485
28	508
28	520
28	539
28	578
28	587
28	693
28	705
28	737
28	773
28	792
28	876
28	913
28	938
28	947
28	952
28	968
28	969
28	970
28	998
29	47
29	53
29	59
29	70
29	96
29	130
29	144
29	151
29	156
29	186
29	209
29	217
29	230
29	248
29	271
29	348
29	379
29	446
29	458
29	499
29	543
29	554
29	638
29	646
29	655
29	689
29	692
29	714
29	730
29	865
29	866
29	908
29	909
30	33
30	36
30	44
30	56
30	94
30	105
30	121
30	127
30	157
30	158
30	169
30	170
30	202
30	331
30	343
30	345
30	384
30	388
30	408
30	478
30	504
30	528
30	558
30	594
30	611
30	621
30	625
30	727
30	776
30	841
30	889
30	995
31	42
31	52
31	54
31	60
31	69
31	75
31	85
31	152
31	167
31	204
31	239
31	272
31	276
31	285
31	378
31	383
31	419
31	453
31	510
31	536
31	561
31	609
31	654
31	666
31	671
31	700
31	703
31	723
31	853
31	855
31	877
31	881
32	44
32	141
32	143
32	158
32	163
32	185
32	191
32	208
32	229
32	232
32	254
32	257
32	309
32	350
32	355
32	381
32	399
32	427
32	505
32	520
32	567
32	587
32	606
32	667
32	702
32	717
32	737
32	792
32	818
32	859
32	908
32	950
32	968
32	970
32	998
33	58
33	77
33	79
33	134
33	170
33	189
33	192
33	195
33	207
33	267
33	270
33	278
33	280
33	284
33	301
33	489
33	491
33	535
33	611
33	625
33	645
33	725
33	827
33	830
33	873
33	959
33	964
33	987
33	996
34	35
34	44
34	62
34	72
34	92
34	99
34	113
34	120
34	123
34	127
34	153
34	205
34	219
34	253
34	256
34	257
34	292
34	312
34	316
34	361
34	410
34	418
34	422
34	513
34	534
34	537
34	550
34	565
34	609
34	782
34	883
34	921
35	50
35	62
35	72
35	83
35	92
35	99
35	123
35	130
35	153
35	161
35	219
35	286
35	292
35	312
35	335
35	377
35	402
35	467
35	481
35	513
35	550
35	565
35	610
35	673
35	749
35	782
35	838
35	844
35	858
35	894
36	38
36	44
36	58
36	62
36	74
36	77
36	100
36	133
36	134
36	192
36	218
36	270
36	275
36	277
36	351
36	388
36	408
36	451
36	461
36	528
36	664
36	676
36	709
36	715
36	850
36	934
36	962
37	48
37	50
37	61
37	95
37	110
37	115
37	122
37	125
37	149
37	171
37	198
37	240
37	250
37	283
37	295
37	307
37	310
37	327
37	343
37	344
37	497
37	516
37	523
37	573
37	640
37	870
37	939
37	967
38	41
38	44
38	63
38	100
38	126
38	134
38	158
38	196
38	278
38	284
38	286
38	374
38	393
38	426
38	432
38	451
38	457
38	558
38	566
38	680
38	720
38	727
38	783
38	789
38	964
38	999
39	73
39	97
39	111
39	113
39	145
39	148
39	157
39	162
39	182
39	198
39	213
39	214
39	239
39	307
39	368
39	420
39	429
39	438
39	440
39	457
39	557
39	738
39	916
39	923
39	936
39	948
39	1000
40	47
40	53
40	69
40	91
40	96
40	130
40	144
40	156
40	171
40	209
40	310
40	340
40	352
40	360
40	475
40	522
40	545
40	548
40	555
40	714
40	733
40	758
40	777
40	838
40	866
40	897
40	908
40	920
40	989
41	45
41	51
41	86
41	87
41	89
41	107
41	119
41	138
41	145
41	150
41	258
41	263
41	264
41	281
41	296
41	417
41	468
41	492
41	530
41	543
41	736
41	740
41	780
41	814
41	946
41	949
42	46
42	52
42	53
42	54
42	60
42	69
42	152
42	199
42	203
42	239
42	276
42	419
42	448
42	483
42	537
42	600
42	666
42	701
42	706
42	748
42	775
42	780
42	787
42	836
42	861
43	56
43	64
43	93
43	94
43	98
43	106
43	109
43	142
43	159
43	181
43	202
43	223
43	226
43	245
43	326
43	333
43	452
43	480
43	493
43	494
43	542
43	551
43	674
43	681
43	754
43	809
43	825
43	982
44	77
44	195
44	245
44	270
44	278
44	301
44	329
44	461
44	491
44	525
44	541
44	559
44	616
44	641
44	647
44	660
44	767
44	801
44	893
44	930
45	51
45	63
45	86
45	87
45	101
45	104
45	112
45	138
45	150
45	191
45	251
45	281
45	296
45	349
45	386
45	405
45	468
45	545
45	570
45	588
45	658
45	747
45	770
45	820
45	882
46	70
46	108
46	136
46	198
46	206
46	210
46	212
46	244
46	273
46	315
46	332
46	487
46	544
46	563
46	623
46	665
46	716
46	719
46	734
46	747
46	832
46	883
46	923
46	953
46	990
47	53
47	56
47	59
47	68
47	151
47	156
47	185
47	197
47	209
47	233
47	298
47	350
47	475
47	499
47	522
47	530
47	662
47	730
47	743
47	804
47	878
47	897
47	906
47	956
48	50
48	61
48	116
48	122
48	149
48	163
48	169
48	171
48	197
48	210
48	222
48	283
48	344
48	420
48	425
48	460
48	516
48	610
48	655
48	670
48	843
48	918
48	940
49	50
49	51
49	58
49	63
49	71
49	74
49	86
49	104
49	119
49	132
49	180
49	251
49	255
49	263
49	264
49	295
49	386
49	514
49	554
49	588
49	627
49	679
49	896
49	903
49	949
50	61
50	104
50	105
50	106
50	122
50	140
50	168
50	255
50	267
50	287
50	295
50	311
50	434
50	532
50	556
50	631
50	639
50	642
50	859
50	899
51	86
51	87
51	89
51	101
51	119
51	131
51	138
51	194
51	243
51	251
51	258
51	268
51	473
51	554
51	572
51	594
51	625
51	658
51	817
51	878
51	943
52	54
52	60
52	69
52	76
52	167
52	252
52	272
52	276
52	305
52	321
52	370
52	397
52	536
52	624
52	682
52	700
52	703
52	706
52	745
52	775
52	853
52	872
53	68
53	70
53	80
53	91
53	129
53	130
53	197
53	271
53	274
53	330
53	348
53	360
53	405
53	415
53	548
53	630
53	638
53	698
53	730
53	839
53	878
54	60
54	69
54	152
54	167
54	199
54	239
54	285
54	335
54	383
54	510
54	561
54	566
54	682
54	701
54	831
54	844
54	881
54	963
55	84
55	88
55	90
55	183
55	189
55	231
55	236
55	247
55	274
55	317
55	323
55	330
55	413
55	547
55	600
55	697
55	773
55	793
55	799
55	826
55	842
55	864
55	987
56	75
56	100
56	127
56	152
56	187
56	195
56	270
56	280
56	322
56	331
56	336
56	384
56	491
56	529
56	569
56	575
56	589
56	597
56	635
56	647
56	767
56	893
56	972
57	71
57	72
57	75
57	80
57	84
57	114
57	117
57	173
57	188
57	195
57	224
57	252
57	420
57	436
57	443
57	549
57	580
57	607
57	688
57	793
57	797
57	852
57	957
57	973
58	77
58	149
58	165
58	179
58	187
58	260
58	275
58	277
58	284
58	336
58	374
58	399
58	445
58	488
58	504
58	653
58	708
58	776
58	841
59	68
59	156
59	191
59	197
59	201
59	209
59	230
59	269
59	298
59	337
59	404
59	415
59	421
59	555
59	626
59	646
59	698
59	704
59	784
59	800
59	863
60	69
60	83
60	152
60	167
60	204
60	220
60	239
60	272
60	383
60	448
60	483
60	536
60	575
60	666
60	687
60	780
60	848
61	95
61	111
61	115
61	122
61	135
61	149
61	169
61	171
61	186
61	287
61	307
61	315
61	425
61	516
61	557
61	599
61	602
61	610
61	695
61	922
61	940
62	72
62	79
62	96
62	123
62	161
62	164
62	205
62	219
62	253
62	368
62	467
62	513
62	537
62	673
62	742
62	754
62	769
62	858
62	894
62	931
63	86
63	101
63	107
63	131
63	132
63	135
63	150
63	258
63	366
63	503
63	581
63	615
63	687
63	764
63	808
63	817
63	979
63	994
64	98
64	109
64	130
64	139
64	146
64	159
64	226
64	233
64	249
64	257
64	283
64	353
64	407
64	480
64	502
64	515
64	546
64	579
64	651
64	704
64	712
64	816
64	986
65	108
65	109
65	142
65	146
65	181
65	218
65	237
65	380
65	406
65	417
65	462
65	463
65	598
65	637
65	674
65	690
65	726
65	746
65	778
65	816
65	821
66	81
66	89
66	157
66	174
66	176
66	201
66	227
66	244
66	261
66	356
66	367
66	427
66	429
66	464
66	496
66	568
66	585
66	612
66	669
66	763
66	794
66	992
67	71
67	84
67	85
67	117
67	119
67	143
67	173
67	183
67	184
67	188
67	224
67	231
67	340
67	354
67	449
67	535
67	580
67	601
67	661
67	768
67	773
67	801
67	929
68	70
68	96
68	178
68	248
68	298
68	369
68	517
68	522
68	564
68	689
68	698
68	714
68	786
68	804
68	885
68	956
68	989
69	152
69	167
69	204
69	207
69	239
69	276
69	298
69	304
69	378
69	412
69	536
69	686
69	813
69	877
69	915
70	96
70	130
70	144
70	197
70	271
70	297
70	310
70	334
70	365
70	421
70	458
70	530
70	630
70	694
70	698
70	786
70	789
70	838
71	76
71	80
71	104
71	114
71	143
71	236
71	274
71	320
71	323
71	376
71	443
71	613
71	697
71	900
71	905
71	954
71	958
72	79
72	98
72	99
72	123
72	153
72	161
72	205
72	253
72	256
72	257
72	288
72	344
72	550
72	571
72	609
72	733
72	844
73	81
73	82
73	97
73	125
73	129
73	145
73	157
73	200
73	212
73	244
73	260
73	392
73	484
73	487
73	544
73	568
73	652
73	684
74	107
74	112
74	119
74	138
74	150
74	225
74	264
74	285
74	553
74	562
74	572
74	607
74	691
74	744
74	745
74	811
74	871
74	979
75	77
75	94
75	100
75	127
75	133
75	175
75	234
75	238
75	384
75	454
75	488
75	498
75	528
75	562
75	664
75	680
75	995
76	90
76	114
76	162
76	188
76	252
76	325
76	354
76	398
76	409
76	413
76	436
76	443
76	449
76	477
76	601
76	643
76	905
77	94
77	100
77	177
77	223
77	289
77	299
77	373
77	392
77	496
77	661
77	708
77	783
77	798
77	889
78	83
78	98
78	102
78	146
78	237
78	254
78	301
78	380
78	430
78	431
78	502
78	521
78	524
78	528
78	690
78	704
78	712
78	739
78	879
78	892
79	253
79	288
79	292
79	312
79	318
79	321
79	335
79	422
79	537
79	565
79	571
79	605
79	665
79	749
79	763
79	782
80	90
80	173
80	184
80	232
80	314
80	325
80	426
80	449
80	535
80	542
80	577
80	650
80	697
80	741
80	835
80	855
80	971
81	97
81	145
81	157
81	162
81	174
81	212
81	315
81	356
81	383
81	386
81	455
81	679
81	707
81	802
81	828
81	974
82	111
82	145
82	180
82	185
82	214
82	259
82	282
82	429
82	506
82	509
82	591
82	596
82	603
82	652
82	750
82	784
82	862
83	98
83	103
83	147
83	159
83	202
83	263
83	268
83	364
83	452
83	462
83	551
83	710
83	717
83	724
83	732
83	765
84	88
84	205
84	314
84	330
84	357
84	422
84	493
84	507
84	547
84	688
84	773
84	847
84	864
84	926
84	954
85	124
85	128
85	154
85	163
85	164
85	196
85	233
85	300
85	340
85	372
85	677
85	686
85	807
85	814
85	823
85	880
86	89
86	101
86	112
86	152
86	255
86	281
86	289
86	349
86	614
86	656
86	691
86	903
86	955
87	89
87	101
87	107
87	112
87	119
87	131
87	138
87	150
87	215
87	264
87	281
87	370
87	437
87	543
87	564
87	579
87	614
88	98
88	114
88	117
88	175
88	183
88	188
88	236
88	314
88	353
88	381
88	507
88	542
88	661
88	688
88	957
89	107
89	176
89	225
89	235
89	342
89	354
89	370
89	470
89	699
89	795
89	861
89	868
89	906
89	994
90	167
90	173
90	181
90	183
90	236
90	252
90	317
90	398
90	467
90	511
90	659
90	751
90	852
90	864
90	905
91	137
91	201
91	334
91	402
91	563
91	595
91	626
91	630
91	649
91	657
91	662
91	730
91	839
91	897
91	917
91	998
92	123
92	153
92	256
92	280
92	335
92	407
92	410
92	418
92	537
92	574
92	629
92	803
92	844
92	921
92	931
93	102
93	103
93	202
93	216
93	237
93	242
93	322
93	341
93	389
93	430
93	494
93	637
93	645
93	712
93	717
93	765
93	1000
94	160
94	270
94	336
94	351
94	373
94	384
94	529
94	779
94	781
94	789
94	873
94	934
94	972
95	122
95	125
95	168
95	327
95	487
95	488
95	508
95	531
95	599
95	610
95	640
95	642
95	695
95	894
96	197
96	251
96	252
96	337
96	360
96	415
96	446
96	458
96	522
96	555
96	638
96	863
97	162
97	172
97	247
97	261
97	279
97	333
97	396
97	408
97	487
97	707
97	731
97	851
97	887
97	924
97	992
97	1000
98	109
98	177
98	235
98	322
98	364
98	389
98	424
98	444
98	618
98	718
98	960
99	123
99	153
99	205
99	256
99	288
99	292
99	316
99	321
99	380
99	429
99	562
99	624
99	796
99	803
100	107
100	133
100	195
100	238
100	284
100	335
100	336
100	720
100	776
100	830
100	926
101	131
101	132
101	180
101	228
101	352
101	500
101	562
101	687
101	795
101	848
101	904
101	936
101	944
102	190
102	216
102	222
102	226
102	233
102	303
102	333
102	406
102	415
102	480
102	524
102	573
102	666
102	788
103	109
103	139
103	223
103	341
103	406
103	407
103	424
103	595
103	598
103	668
103	728
103	825
103	885
103	946
104	107
104	119
104	131
104	251
104	258
104	366
104	553
104	615
104	656
104	660
104	699
104	811
104	946
105	106
105	123
105	155
105	186
105	311
105	391
105	416
105	453
105	456
105	761
105	797
105	899
105	918
105	962
106	115
106	116
106	125
106	420
106	434
106	456
106	532
106	642
106	711
106	762
106	854
106	967
107	228
107	235
107	243
107	337
107	543
107	752
107	770
107	979
107	980
108	113
108	119
108	137
108	157
108	174
108	198
108	324
108	437
108	457
108	487
108	512
108	719
108	759
109	237
109	322
109	452
109	521
109	650
109	710
109	724
109	809
109	875
109	879
110	155
110	160
110	168
110	173
110	250
110	287
110	319
110	416
110	610
110	634
110	695
110	862
110	912
111	136
111	145
111	157
111	279
111	544
111	572
111	591
111	596
111	915
111	925
111	953
111	981
112	119
112	176
112	194
112	303
112	599
112	660
112	691
112	882
112	949
112	977
113	155
113	172
113	198
113	302
113	361
113	363
113	475
113	851
113	874
113	924
113	936
113	975
113	990
113	992
114	143
114	175
114	236
114	320
114	413
114	439
114	471
114	661
114	752
114	758
115	122
115	140
115	163
115	250
115	319
115	379
115	434
115	439
115	497
115	870
115	922
116	168
116	308
116	327
116	420
116	435
116	453
116	511
116	628
116	631
116	640
116	706
116	790
116	965
117	158
117	224
117	236
117	274
117	323
117	398
117	640
117	762
117	768
117	854
117	964
118	120
118	124
118	138
118	181
118	184
118	291
118	345
118	371
118	390
118	394
118	450
118	546
118	683
118	739
119	243
119	296
119	405
119	503
119	658
119	898
119	904
120	128
120	154
120	165
120	190
120	196
120	260
120	334
120	340
120	450
120	479
120	552
120	890
121	145
121	149
121	165
121	278
121	408
121	435
121	445
121	529
121	635
121	653
121	798
121	972
122	125
122	135
122	140
122	266
122	416
122	602
122	761
122	790
123	153
123	196
123	257
123	537
123	571
123	819
124	144
124	164
124	196
124	371
124	390
124	396
124	450
124	677
124	741
124	900
125	140
125	160
125	266
125	470
125	508
125	628
125	639
125	922
126	133
126	170
126	299
126	426
126	575
126	676
126	822
126	837
126	933
127	186
127	245
127	270
127	278
127	280
127	299
127	647
127	783
127	827
127	837
128	291
128	300
128	359
128	450
128	459
128	538
128	648
128	826
128	832
128	985
129	137
129	160
129	172
129	174
129	279
129	324
129	363
129	440
129	447
129	883
129	895
129	925
130	144
130	151
130	201
130	334
130	784
130	895
130	941
131	150
131	180
131	375
131	450
131	468
131	680
131	846
131	861
131	944
132	215
132	228
132	352
132	370
132	385
132	468
132	699
132	752
132	812
132	861
133	165
133	166
133	207
133	589
133	616
133	645
133	713
133	721
133	801
133	987
134	158
134	218
134	248
134	489
134	491
134	504
134	635
134	664
134	766
135	171
135	266
135	345
135	423
135	556
135	729
135	761
135	845
135	928
136	157
136	166
136	198
136	199
136	209
136	409
136	476
136	525
136	569
136	593
136	883
137	174
137	200
137	227
137	246
137	382
137	400
137	585
137	791
137	932
137	981
138	263
138	268
138	352
138	501
138	514
138	949
138	979
139	159
139	210
139	303
139	322
139	400
139	406
139	469
139	472
139	545
139	704
139	754
139	821
140	266
140	435
140	440
140	551
140	634
140	790
140	819
140	876
141	191
141	232
141	240
141	315
141	427
141	486
141	495
141	619
141	686
141	760
141	818
141	952
141	969
142	225
142	226
142	233
142	287
142	303
142	333
142	380
142	424
142	668
142	825
142	978
143	148
143	436
143	449
143	518
143	549
143	584
143	697
143	713
144	177
144	230
144	402
144	541
144	777
144	816
144	897
144	937
145	300
145	392
145	395
145	590
145	731
146	175
146	193
146	380
146	441
146	524
146	560
146	650
146	754
146	986
147	152
147	338
147	346
147	417
147	472
147	560
147	732
147	775
147	809
147	960
147	978
148	201
148	212
148	273
148	309
148	361
148	474
148	620
148	678
148	753
148	851
149	313
149	365
149	425
149	460
149	556
149	671
149	735
149	993
150	194
150	264
150	329
150	509
150	583
150	764
150	820
151	156
151	166
151	217
151	377
151	400
151	564
151	629
151	906
151	989
152	167
152	199
152	239
152	397
153	161
153	288
153	312
153	443
153	481
153	617
154	190
154	368
154	414
154	465
154	620
154	685
154	690
154	900
155	311
155	344
155	418
155	425
155	695
155	850
155	918
155	962
156	204
156	477
156	629
156	920
156	937
157	182
157	221
157	315
157	366
157	596
158	351
158	374
158	478
158	592
158	709
158	930
158	999
159	232
159	237
159	269
159	341
159	479
159	497
159	860
159	965
160	168
160	250
160	283
160	287
160	347
160	379
160	435
160	671
160	939
161	205
161	262
161	316
161	321
161	410
161	509
161	894
162	174
162	247
162	286
162	293
162	649
162	802
162	974
163	208
163	211
163	306
163	485
163	654
163	693
163	911
163	966
164	345
164	423
164	459
164	479
164	533
164	677
164	867
165	192
165	234
165	245
165	363
165	559
165	621
165	779
165	995
166	210
166	221
166	227
166	261
166	315
166	536
166	763
166	860
166	992
167	276
167	378
167	379
167	643
168	171
168	221
168	416
168	520
168	845
168	887
168	912
169	297
169	307
169	347
169	604
169	778
169	843
169	870
170	179
170	351
170	520
170	527
170	664
170	694
170	926
171	250
171	442
171	506
171	711
171	759
171	928
171	942
172	177
172	190
172	210
172	315
172	324
172	438
172	474
172	601
172	828
172	910
173	175
173	428
173	515
173	577
173	799
174	198
174	212
174	291
174	588
174	612
174	620
175	184
175	224
175	231
175	317
175	349
175	935
176	215
176	342
176	386
176	514
176	562
176	792
176	861
176	873
177	198
177	282
177	382
177	719
177	833
177	941
177	992
178	334
178	522
178	629
178	637
178	662
178	730
178	815
178	834
178	878
178	963
179	278
179	336
179	351
179	398
179	519
179	869
179	873
180	192
180	588
180	656
180	820
180	944
181	237
181	333
181	351
181	401
181	403
181	462
181	494
182	246
182	301
182	411
182	412
182	474
182	548
182	738
182	941
183	224
183	325
183	358
183	458
183	548
183	905
183	935
183	951
184	189
184	224
184	243
184	330
184	354
184	997
185	203
185	208
185	229
185	355
185	523
185	663
185	950
185	966
185	998
186	266
186	267
186	295
186	307
186	453
186	531
187	275
187	373
187	445
187	527
187	625
187	757
187	840
188	274
188	583
188	741
188	919
188	961
189	320
189	323
189	325
189	330
189	358
189	413
189	463
189	919
190	196
190	206
190	265
190	391
190	586
190	686
191	242
191	249
191	306
191	502
191	520
191	644
191	667
191	969
192	207
192	234
192	286
192	329
192	343
192	485
192	725
192	893
193	222
193	326
193	369
193	401
193	430
193	431
193	497
193	515
193	579
193	651
194	296
194	349
194	405
194	494
194	796
194	865
195	218
195	454
195	528
195	633
196	206
196	265
196	308
196	677
197	230
197	541
197	564
197	626
197	653
197	866
198	246
198	282
198	622
199	249
199	272
199	336
199	600
199	813
199	836
200	259
200	400
200	440
200	447
200	576
200	584
200	620
200	665
200	932
201	271
201	458
201	548
201	622
201	865
201	917
202	222
202	290
202	297
202	328
202	364
202	651
202	724
202	910
203	366
203	378
203	381
203	485
203	505
203	587
203	693
203	705
203	818
204	276
204	285
204	313
204	703
204	853
205	219
205	312
205	468
205	565
205	769
206	313
206	362
206	371
206	414
206	993
207	299
207	461
207	499
207	575
207	715
208	240
208	328
208	339
208	381
208	654
208	928
208	960
209	216
209	334
209	499
209	595
209	694
209	758
210	509
210	590
210	593
210	891
211	240
211	328
211	385
211	427
211	510
211	552
211	613
211	644
211	702
212	261
212	273
212	517
212	585
212	828
213	214
213	227
213	247
213	290
213	361
213	367
213	655
213	903
213	936
214	244
214	367
214	395
214	462
214	544
214	947
215	220
215	258
215	351
215	473
215	554
215	679
215	691
215	764
216	346
216	431
216	463
216	521
216	718
216	788
216	986
217	334
217	348
217	475
217	478
217	655
217	878
218	266
218	329
218	393
218	664
218	757
218	926
219	399
219	769
219	907
219	988
220	225
220	268
220	366
220	375
220	485
220	501
220	871
220	896
221	247
221	392
221	568
221	672
221	678
221	738
221	791
222	551
222	675
222	716
222	875
223	297
223	417
223	431
223	618
223	748
223	816
223	835
223	976
224	518
224	535
224	957
225	342
225	501
225	530
225	535
225	563
225	614
226	246
226	480
226	515
226	774
226	776
226	809
227	444
227	707
227	925
227	938
228	264
228	405
228	853
228	882
228	918
228	946
229	254
229	256
229	303
229	387
229	427
229	654
229	705
229	792
230	253
230	327
230	337
230	360
230	541
230	630
231	354
231	433
231	507
231	524
231	540
231	604
232	242
232	306
232	404
232	644
232	914
232	969
233	341
233	346
233	417
233	637
233	971
234	558
234	641
234	645
234	682
234	789
234	945
234	964
235	255
235	342
235	352
235	554
235	581
235	944
236	265
236	483
236	688
237	346
237	674
237	821
238	245
238	332
238	408
238	552
238	664
238	709
238	873
239	745
239	888
240	242
240	495
240	539
240	654
240	659
240	998
241	273
241	290
241	332
241	410
241	411
241	455
241	509
241	606
241	731
241	967
242	254
242	309
242	328
242	355
242	644
242	966
242	976
243	263
243	275
243	468
243	583
243	764
243	868
244	261
244	332
244	603
244	886
244	975
244	990
245	594
245	751
245	779
245	888
246	261
246	324
246	395
246	620
246	649
247	281
247	332
247	382
247	412
247	632
248	348
248	360
248	466
248	696
248	784
248	866
249	328
249	613
249	667
249	693
249	702
249	927
250	258
250	319
250	639
251	543
251	627
251	901
251	904
251	973
252	320
252	577
252	580
252	997
253	326
253	422
253	894
254	306
254	613
254	619
254	681
254	859
254	914
255	342
255	386
255	562
255	736
255	994
256	261
256	321
256	335
257	418
257	481
257	931
258	354
258	514
258	740
259	374
259	418
259	476
259	484
259	557
259	568
259	883
260	372
260	396
260	586
260	633
260	829
261	267
261	622
262	324
262	355
262	404
262	506
262	539
262	760
262	891
262	927
263	699
263	725
263	846
263	903
264	490
264	543
264	916
265	300
265	414
265	500
265	538
265	807
266	899
266	958
267	365
267	442
267	508
267	898
267	983
268	342
268	404
268	473
268	501
268	553
269	322
269	389
269	403
269	452
269	463
269	544
269	573
269	617
270	374
270	869
270	933
271	348
271	595
271	917
272	435
272	723
273	408
273	498
273	540
273	592
274	471
274	751
274	771
274	882
275	286
275	454
275	841
275	889
275	926
275	996
276	935
276	951
277	280
277	331
277	432
277	491
277	589
277	884
277	889
278	611
278	673
278	827
278	912
279	282
279	496
279	557
279	624
279	703
279	887
280	301
280	491
280	788
281	656
281	896
282	293
282	305
282	312
282	438
283	389
283	420
283	442
283	453
283	711
283	760
284	358
284	674
284	708
284	888
285	305
285	419
285	600
286	519
286	647
286	708
287	695
287	836
287	962
288	292
288	424
288	609
288	684
289	478
289	676
289	822
289	827
289	857
290	363
290	412
290	437
290	585
290	981
291	300
291	371
291	552
291	608
292	619
292	742
292	921
293	299
293	395
293	411
293	437
293	498
293	953
293	975
294	310
294	402
294	421
294	432
294	629
294	662
294	895
294	908
295	344
295	442
295	453
295	516
296	492
296	581
296	675
296	820
297	403
297	433
297	675
297	726
298	591
298	696
298	714
299	384
299	395
299	645
299	757
300	313
300	345
300	636
301	393
301	529
301	559
302	437
302	496
302	665
302	800
302	833
303	338
303	369
303	406
304	383
304	397
304	441
304	510
304	700
305	448
305	615
305	666
305	831
306	404
306	663
306	755
306	856
306	956
307	460
307	599
308	318
308	368
308	490
308	501
308	636
309	339
309	606
309	693
309	810
309	891
309	950
310	499
310	595
310	657
310	940
311	317
311	379
311	497
311	778
311	942
312	321
312	782
313	359
313	372
313	766
313	984
314	580
314	626
314	773
314	951
315	512
315	591
316	410
316	510
316	651
316	988
317	357
317	413
317	434
317	713
318	329
318	517
318	538
318	913
318	984
319	434
319	640
319	928
320	436
320	547
320	768
320	845
321	585
321	819
322	452
322	618
322	754
323	394
323	466
323	919
324	429
324	447
324	886
325	385
325	477
325	549
325	822
326	333
326	389
326	545
326	579
326	959
326	971
327	379
327	470
327	943
328	427
328	842
328	947
328	991
329	343
329	408
329	635
329	801
330	580
330	762
330	810
330	852
331	343
331	482
331	755
331	952
332	400
332	455
332	570
333	502
333	560
333	774
335	749
336	373
336	421
336	727
337	555
337	564
337	815
337	948
338	425
338	430
338	433
338	444
338	448
338	463
338	976
339	390
339	506
339	606
339	613
339	689
339	891
340	345
340	372
340	391
340	394
341	505
341	551
341	560
341	573
341	618
342	445
342	568
343	648
344	365
344	398
345	368
345	913
346	364
346	452
346	511
346	831
346	986
347	435
347	639
347	864
347	958
347	993
348	446
348	496
348	851
349	370
349	514
349	817
350	541
350	630
350	650
350	714
350	963
351	789
352	572
352	687
352	896
352	901
353	444
353	637
353	668
353	746
353	978
354	659
354	849
354	961
355	387
355	427
355	644
356	584
356	652
356	759
356	769
356	824
357	477
357	507
357	767
357	771
357	880
358	447
358	577
358	902
359	391
359	465
359	515
359	543
360	818
360	906
361	603
361	612
362	414
362	490
362	698
362	829
362	890
363	557
363	622
363	763
363	890
364	389
364	469
364	931
365	420
365	423
365	456
365	550
366	375
366	811
367	590
367	753
367	794
367	833
367	905
368	479
369	469
369	480
369	675
369	813
370	473
370	523
371	552
371	611
371	731
372	419
372	451
372	538
373	616
373	645
373	786
373	822
374	488
374	527
375	386
375	503
375	514
376	449
376	493
376	793
376	849
376	909
376	966
376	997
377	409
377	534
377	742
377	819
378	772
379	870
380	573
380	879
381	663
381	929
381	982
382	525
382	829
382	972
384	598
384	850
385	399
385	578
385	667
385	737
385	842
386	808
387	520
387	539
387	760
387	947
387	968
388	488
388	616
388	999
389	712
390	526
390	605
390	808
391	414
391	605
392	678
392	907
393	461
393	529
393	841
393	914
394	490
394	677
395	658
395	812
396	517
396	685
397	536
397	831
398	604
399	567
399	842
399	927
400	464
400	570
401	441
401	472
401	669
401	959
402	442
402	466
402	696
402	937
403	515
403	716
403	809
404	485
404	578
404	991
405	553
406	545
406	602
406	732
407	472
407	690
407	744
407	750
408	999
409	412
409	603
409	932
410	513
410	901
411	476
411	591
411	665
411	938
412	513
412	750
412	828
413	608
413	638
414	605
414	634
415	466
415	539
415	656
416	532
416	943
417	712
417	749
417	788
418	571
418	624
419	483
419	670
419	745
421	834
421	963
422	574
422	609
422	646
423	456
423	516
423	939
424	430
424	774
424	872
425	434
425	912
426	489
426	589
426	755
426	972
428	439
428	507
428	661
428	854
428	902
428	939
429	747
429	907
430	433
430	554
430	584
431	717
431	723
431	996
432	504
432	653
432	783
433	441
433	579
433	617
434	967
435	497
436	493
436	641
436	870
437	781
437	990
438	464
438	591
438	743
438	886
439	604
439	697
439	741
439	771
440	455
440	576
441	681
441	965
444	879
444	910
444	965
445	597
445	869
446	457
446	466
447	672
447	806
447	1000
448	745
449	768
450	900
451	580
451	594
451	888
452	732
454	488
454	847
454	934
454	995
455	481
455	563
455	791
456	470
456	597
456	993
457	476
457	623
457	747
459	488
459	500
459	526
459	814
460	639
460	785
460	795
461	489
461	673
462	872
462	982
463	716
464	678
464	707
464	990
465	500
465	633
465	735
465	832
466	655
467	624
467	673
468	796
469	756
469	960
469	976
470	922
471	547
471	648
471	961
472	598
472	681
473	627
473	820
474	499
474	525
474	632
474	823
475	484
475	522
475	629
476	695
476	933
477	482
477	751
478	575
478	837
479	739
479	867
480	748
480	910
481	957
482	519
482	559
482	979
483	643
484	753
484	874
484	887
485	505
486	505
486	567
486	727
486	859
486	929
486	991
487	862
487	932
489	533
489	840
490	517
491	961
492	554
492	660
493	540
493	604
493	797
494	545
494	690
494	816
495	606
495	705
495	914
495	929
496	862
496	974
498	584
498	774
499	786
500	652
501	660
502	892
502	976
503	523
503	583
503	736
504	725
504	944
504	945
505	737
505	968
506	587
506	619
506	842
507	540
507	547
508	671
508	843
509	874
510	566
511	631
511	983
512	707
512	736
512	916
512	924
513	803
513	884
514	623
515	650
516	922
517	582
518	661
518	762
518	849
518	855
519	527
520	911
521	560
521	885
523	562
523	614
524	788
525	612
525	622
526	533
526	593
526	985
527	528
527	729
527	833
528	597
529	611
530	808
530	846
530	994
531	670
531	735
531	785
531	940
532	602
532	753
532	912
533	582
533	867
534	574
534	614
534	931
534	988
535	826
535	951
538	618
539	619
539	654
540	762
540	835
541	733
542	751
542	756
544	693
544	925
545	821
546	633
546	685
546	779
547	601
547	973
548	694
549	810
549	909
550	624
551	746
551	868
552	605
553	581
553	687
553	955
555	858
556	595
556	671
557	593
557	941
558	676
558	680
558	934
559	996
560	717
561	682
561	772
566	701
566	970
567	891
567	927
568	941
569	585
569	791
569	802
569	948
570	652
570	684
570	948
571	582
572	678
576	705
576	743
576	805
576	907
577	711
577	799
578	737
578	856
579	675
581	677
581	740
582	636
582	913
583	796
586	829
586	880
586	989
587	702
587	981
588	679
589	776
590	593
590	622
590	955
592	620
592	669
592	684
592	874
593	738
594	676
594	798
596	652
597	648
597	720
598	651
599	602
601	997
603	771
604	793
605	612
606	966
607	627
607	955
608	756
608	826
608	978
610	735
611	625
612	669
613	691
614	977
615	846
615	903
616	793
616	930
617	971
618	971
619	947
621	708
621	834
621	945
623	722
623	907
626	863
628	630
628	670
628	843
628	958
631	765
632	672
632	707
632	743
634	876
636	718
636	913
637	892
638	920
639	899
640	670
641	840
642	713
642	761
643	787
644	840
646	721
646	733
646	786
647	881
647	933
649	750
650	744
653	830
657	665
657	689
657	696
657	989
659	797
659	986
662	719
663	856
663	952
666	893
667	886
667	911
668	765
668	899
668	959
669	851
669	916
670	928
671	967
672	719
672	812
674	690
674	852
675	885
676	888
678	781
679	691
679	896
680	977
681	728
681	821
682	770
683	879
684	794
685	890
686	739
686	867
687	949
688	799
689	838
692	694
692	733
694	800
696	815
698	838
700	722
701	706
701	915
702	914
702	930
703	877
704	875
705	991
708	932
710	732
710	959
712	877
713	771
713	847
715	805
715	964
716	748
716	860
718	965
720	755
721	800
721	865
722	747
722	763
722	862
724	774
726	919
726	978
727	767
728	875
728	892
729	850
731	806
734	874
734	981
738	811
741	954
742	937
743	812
744	746
746	785
748	825
752	871
752	955
753	833
759	806
759	823
760	991
761	845
764	782
770	808
770	901
772	790
775	881
777	798
778	939
779	837
781	824
783	867
790	845
792	859
794	812
795	980
796	882
798	884
802	921
803	856
804	839
804	956
805	893
805	933
805	996
806	994
807	984
807	985
810	973
811	901
815	956
815	984
817	977
818	950
824	924
824	975
826	919
828	934
835	847
840	930
841	983
846	975
854	961
855	857
856	968
860	982
865	866
876	962
880	985
886	887
892	954
895	937
895	963
898	943
902	909
904	946
904	995
906	908
911	970
911	974
923	1000
924	969
929	970
935	951
942	943
