1	9
1	20
1	24
1	26
1	33
1	46
1	57
1	73
1	85
1	92
1	110
1	125
1	141
1	162
1	178
1	186
1	196
1	198
1	218
1	219
1	248
1	257
1	284
1	297
1	312
1	320
1	334
1	341
1	342
1	368
1	383
1	449
1	467
1	560
1	585
1	597
1	622
1	659
1	669
1	709
1	747
1	774
1	780
1	791
1	826
1	843
1	870
1	893
1	902
1	959
2	6
2	12
2	24
2	32
2	49
2	50
2	55
2	57
2	88
2	96
2	97
2	98
2	128
2	137
2	182
2	183
2	195
2	209
2	213
2	219
2	252
2	257
2	264
2	265
2	307
2	322
2	437
2	452
2	513
2	537
2	549
2	591
2	611
2	647
2	676
2	698
2	770
2	777
2	807
2	813
2	866
2	889
2	892
2	912
2	924
2	932
2	940
2	953
3	15
3	28
3	30
3	34
3	38
3	40
3	44
3	45
3	50
3	53
3	54
3	56
3	60
3	66
3	68
3	75
3	78
3	79
3	101
3	102
3	110
3	118
3	125
3	129
3	133
3	149
3	155
3	160
3	171
3	174
3	297
3	302
3	399
3	445
3	506
3	513
3	549
3	575
3	626
3	646
3	666
3	702
3	871
3	872
3	901
3	910
3	951
4	11
4	12
4	17
4	24
4	32
4	34
4	57
4	83
4	88
4	94
4	97
4	104
4	132
4	146
4	148
4	173
4	184
4	189
4	195
4	196
4	220
4	254
4	255
4	286
4	317
4	338
4	342
4	358
4	362
4	400
4	406
4	447
4	450
4	554
4	557
4	619
4	650
4	654
4	736
4	737
4	743
4	756
4	856
4	902
4	933
4	936
5	16
5	24
5	35
5	51
5	54
5	59
5	65
5	80
5	103
5	104
5	115
5	121
5	125
5	126
5	150
5	161
5	195
5	209
5	213
5	230
5	232
5	250
5	260
5	269
5	296
5	324
5	354
5	374
5	383
5	459
5	463
5	477
5	527
5	543
5	550
5	643
5	644
5	729
5	744
5	780
5	868
5	896
5	921
5	948
5	978
6	12
6	17
6	25
6	27
6	28
6	49
6	64
6	83
6	99
6	103
6	120
6	130
6	134
6	153
6	194
6	195
6	209
6	213
6	221
6	237
6	249
6	286
6	295
6	299
6	307
6	337
6	345
6	362
6	375
6	386
6	458
6	517
6	554
6	566
6	585
6	650
6	659
6	670
6	701
6	749
6	783
6	811
6	834
6	851
7	15
7	16
7	22
7	42
7	45
7	65
7	74
7	78
7	89
7	98
7	105
7	112
7	114
7	151
7	154
7	170
7	183
7	220
7	222
7	226
7	231
7	258
7	267
7	277
7	290
7	333
7	367
7	399
7	421
7	438
7	503
7	512
7	530
7	625
7	628
7	721
7	741
7	771
7	799
7	835
7	869
7	876
7	905
7	985
7	990
8	15
8	28
8	41
8	56
8	60
8	75
8	76
8	79
8	81
8	83
8	87
8	93
8	118
8	129
8	130
8	133
8	135
8	136
8	147
8	182
8	215
8	216
8	268
8	269
8	271
8	314
8	334
8	419
8	421
8	447
8	449
8	478
8	505
8	518
8	555
8	580
8	639
8	686
8	702
8	746
8	838
8	915
8	929
8	1000
9	31
9	35
9	54
9	65
9	68
9	70
9	91
9	106
9	115
9	126
9	143
9	178
9	204
9	207
9	214
9	219
9	222
9	263
9	319
9	320
9	356
9	370
9	374
9	406
9	453
9	457
9	493
9	522
9	554
9	576
9	589
9	598
9	637
9	730
9	759
9	790
9	828
9	831
9	832
9	881
9	912
9	919
10	14
10	29
10	33
10	36
10	37
10	41
10	43
10	61
10	70
10	80
10	111
10	119
10	138
10	150
10	164
10	167
10	187
10	237
10	238
10	328
10	343
10	344
10	345
10	370
10	388
10	390
10	411
10	420
10	442
10	506
10	533
10	539
10	552
10	655
10	674
10	693
10	725
10	727
10	742
10	787
10	796
10	867
11	12
11	13
11	19
11	26
11	29
11	31
11	32
11	69
11	80
11	82
11	90
11	99
11	143
11	145
11	149
11	179
11	189
11	235
11	259
11	281
11	286
11	344
11	354
11	364
11	428
11	432
11	561
11	605
11	609
11	618
11	623
11	662
11	698
11	716
11	731
11	778
11	837
11	893
11	905
11	917
12	14
12	24
12	34
12	55
12	69
12	80
12	84
12	103
12	126
12	128
12	142
12	145
12	178
12	194
12	204
12	258
12	321
12	337
12	456
12	473
12	496
12	521
12	548
12	567
12	591
12	607
12	647
12	701
12	757
12	779
12	819
12	828
12	852
12	940
12	947
12	978
13	28
13	69
13	85
13	90
13	95
13	120
13	123
13	169
13	179
13	186
13	218
13	219
13	235
13	246
13	248
13	253
13	264
13	281
13	359
13	411
13	422
13	445
13	515
13	519
13	523
13	536
13	562
13	615
13	648
13	656
13	663
13	742
13	766
13	809
13	854
13	864
13	878
13	938
13	964
14	16
14	65
14	78
14	112
14	123
14	149
14	150
14	151
14	164
14	167
14	271
14	284
14	300
14	302
14	322
14	327
14	366
14	387
14	388
14	390
14	434
14	442
14	477
14	489
14	497
14	528
14	555
14	574
14	604
14	617
14	657
14	695
14	770
14	796
14	830
14	942
14	965
14	996
15	23
15	32
15	51
15	63
15	93
15	95
15	100
15	130
15	135
15	140
15	142
15	157
15	160
15	169
15	175
15	176
15	184
15	236
15	259
15	275
15	308
15	328
15	334
15	338
15	340
15	347
15	397
15	403
15	483
15	511
15	558
15	638
15	845
15	907
15	951
15	992
15	1000
16	45
16	74
16	78
16	89
16	102
16	105
16	108
16	124
16	169
16	201
16	212
16	228
16	258
16	267
16	270
16	271
16	310
16	330
16	332
16	366
16	367
16	375
16	404
16	435
16	560
16	565
16	573
16	633
16	721
16	741
16	858
16	863
16	914
16	956
16	972
16	993
17	18
17	24
17	32
17	33
17	37
17	47
17	49
17	64
17	83
17	103
17	120
17	127
17	195
17	229
17	234
17	237
17	256
17	274
17	295
17	351
17	358
17	381
17	386
17	413
17	444
17	546
17	558
17	595
17	611
17	627
17	696
17	703
17	712
17	757
17	761
17	877
17	995
18	35
18	50
18	69
18	77
18	82
18	87
18	116
18	120
18	128
18	135
18	178
18	209
18	238
18	252
18	255
18	274
18	290
18	311
18	337
18	409
18	460
18	481
18	493
18	546
18	566
18	619
18	689
18	701
18	711
18	736
18	827
18	829
18	856
18	865
18	899
18	929
18	967
19	20
19	26
19	29
19	61
19	69
19	77
19	82
19	143
19	145
19	173
19	197
19	213
19	218
19	227
19	235
19	238
19	263
19	289
19	341
19	382
19	436
19	487
19	494
19	504
19	530
19	556
19	677
19	698
19	718
19	725
19	732
19	788
19	851
19	894
19	895
19	958
19	959
20	24
20	26
20	46
20	65
20	73
20	82
20	99
20	104
20	143
20	162
20	173
20	218
20	219
20	226
20	227
20	254
20	309
20	348
20	364
20	434
20	493
20	513
20	522
20	530
20	589
20	594
20	609
20	623
20	628
20	641
20	646
20	665
20	814
20	866
20	946
20	988
21	23
21	24
21	55
21	70
21	86
21	87
21	88
21	105
21	121
21	191
21	215
21	224
21	255
21	276
21	277
21	338
21	348
21	376
21	377
21	400
21	418
21	423
21	448
21	452
21	454
21	456
21	481
21	538
21	551
21	642
21	645
21	760
21	798
21	800
21	811
21	840
21	955
21	991
22	25
22	42
22	45
22	67
22	84
22	89
22	105
22	112
22	114
22	121
22	124
22	139
22	154
22	157
22	164
22	183
22	198
22	200
22	220
22	235
22	267
22	270
22	310
22	332
22	353
22	367
22	415
22	438
22	462
22	565
22	609
22	625
22	633
22	673
22	678
22	760
22	822
23	24
23	35
23	41
23	47
23	59
23	84
23	86
23	96
23	104
23	113
23	118
23	126
23	130
23	131
23	148
23	184
23	204
23	207
23	253
23	264
23	266
23	279
23	294
23	349
23	382
23	409
23	428
23	533
23	553
23	559
23	571
23	641
23	707
23	844
23	888
23	913
24	32
24	35
24	41
24	55
24	86
24	97
24	128
24	132
24	146
24	153
24	208
24	266
24	291
24	304
24	335
24	381
24	395
24	406
24	459
24	490
24	579
24	764
24	791
24	836
24	892
24	940
24	958
24	988
25	28
25	30
25	41
25	44
25	46
25	53
25	60
25	68
25	79
25	96
25	102
25	109
25	135
25	152
25	173
25	181
25	206
25	258
25	280
25	298
25	300
25	308
25	335
25	365
25	433
25	444
25	447
25	482
25	553
25	555
25	571
25	636
25	746
25	805
25	963
26	33
26	46
26	52
26	69
26	70
26	82
26	99
26	171
26	173
26	196
26	218
26	234
26	237
26	309
26	317
26	341
26	399
26	425
26	486
26	493
26	552
26	590
26	609
26	649
26	725
26	803
26	812
26	832
26	902
26	916
26	927
26	964
26	981
27	38
27	42
27	47
27	48
27	52
27	82
27	86
27	98
27	134
27	255
27	287
27	293
27	322
27	324
27	349
27	355
27	386
27	429
27	492
27	504
27	523
27	529
27	535
27	583
27	598
27	635
27	659
27	685
27	716
27	721
27	758
27	782
27	908
27	939
27	945
27	968
28	30
28	36
28	51
28	60
28	63
28	110
28	118
28	152
28	155
28	175
28	192
28	209
28	251
28	253
28	256
28	298
28	329
28	333
28	402
28	533
28	586
28	587
28	596
28	614
28	631
28	686
28	715
28	781
28	795
28	809
28	867
28	956
29	41
29	43
29	76
29	82
29	90
29	95
29	119
29	122
29	144
29	149
29	214
29	244
29	263
29	314
29	350
29	373
29	386
29	394
29	411
29	424
29	430
29	469
29	507
29	524
29	530
29	591
29	618
29	632
29	649
29	663
29	689
29	773
29	870
30	53
30	85
30	101
30	102
30	106
30	109
30	114
30	115
30	125
30	152
30	183
30	198
30	214
30	228
30	258
30	296
30	423
30	492
30	510
30	512
30	529
30	531
30	565
30	578
30	619
30	647
30	650
30	705
30	713
30	749
30	771
30	869
30	970
31	45
31	51
31	61
31	65
31	76
31	88
31	92
31	95
31	166
31	193
31	197
31	222
31	232
31	243
31	255
31	265
31	305
31	323
31	324
31	341
31	478
31	480
31	495
31	499
31	543
31	577
31	610
31	674
31	689
31	776
31	780
31	786
31	810
31	981
32	50
32	51
32	84
32	104
32	114
32	116
32	117
32	128
32	168
32	194
32	221
32	264
32	274
32	290
32	315
32	369
32	410
32	438
32	468
32	553
32	567
32	634
32	639
32	797
32	822
32	824
32	850
32	877
32	952
32	962
33	35
33	46
33	51
33	64
33	73
33	85
33	103
33	134
33	141
33	153
33	165
33	168
33	196
33	200
33	209
33	218
33	235
33	261
33	304
33	382
33	391
33	514
33	542
33	546
33	564
33	611
33	635
33	706
33	770
33	783
33	826
34	44
34	56
34	62
34	65
34	68
34	71
34	83
34	100
34	151
34	174
34	206
34	251
34	331
34	333
34	383
34	387
34	397
34	405
34	408
34	410
34	432
34	440
34	460
34	486
34	579
34	581
34	677
34	687
34	838
34	963
34	984
35	36
35	50
35	82
35	103
35	106
35	161
35	187
35	194
35	204
35	277
35	286
35	296
35	312
35	372
35	403
35	427
35	461
35	473
35	607
35	608
35	610
35	643
35	651
35	694
35	779
35	894
35	947
36	50
36	61
36	80
36	90
36	119
36	122
36	138
36	147
36	179
36	184
36	246
36	257
36	275
36	343
36	348
36	364
36	441
36	451
36	453
36	469
36	485
36	605
36	613
36	655
36	674
36	723
36	729
36	874
37	61
37	70
37	71
37	80
37	81
37	90
37	92
37	95
37	133
37	144
37	149
37	166
37	169
37	260
37	320
37	325
37	370
37	415
37	420
37	578
37	597
37	662
37	672
37	763
37	765
37	787
37	815
37	853
37	976
38	39
38	42
38	48
38	52
38	96
38	106
38	108
38	109
38	113
38	131
38	134
38	147
38	154
38	253
38	319
38	352
38	393
38	424
38	433
38	481
38	683
38	707
38	708
38	760
38	785
38	868
38	933
38	937
39	55
39	76
39	109
39	134
39	147
39	184
39	198
39	207
39	212
39	243
39	331
39	339
39	349
39	403
39	446
39	471
39	473
39	485
39	636
39	641
39	667
39	798
39	805
39	820
39	857
39	879
39	913
39	925
39	987
40	87
40	105
40	130
40	153
40	185
40	188
40	192
40	217
40	223
40	271
40	278
40	341
40	388
40	391
40	426
40	507
40	516
40	544
40	556
40	614
40	617
40	678
40	702
40	726
40	733
40	791
40	825
40	922
40	931
41	122
41	123
41	167
41	182
41	265
41	272
41	273
41	327
41	345
41	357
41	373
41	425
41	442
41	488
41	489
41	520
41	555
41	680
41	697
41	726
41	763
41	859
41	943
42	45
42	67
42	105
42	108
42	114
42	201
42	228
42	255
42	279
42	287
42	347
42	353
42	414
42	462
42	504
42	539
42	599
42	621
42	641
42	675
42	804
42	869
42	912
42	940
42	977
43	67
43	70
43	75
43	81
43	135
43	137
43	157
43	217
43	265
43	272
43	328
43	334
43	340
43	378
43	390
43	457
43	513
43	580
43	606
43	632
43	693
43	708
43	785
43	825
43	845
43	862
43	973
44	56
44	68
44	71
44	100
44	125
44	142
44	155
44	175
44	188
44	206
44	243
44	291
44	323
44	329
44	368
44	379
44	429
44	447
44	561
44	612
44	726
44	770
44	891
44	914
44	923
44	977
45	46
45	69
45	89
45	112
45	113
45	137
45	144
45	201
45	231
45	285
45	313
45	379
45	475
45	562
45	571
45	575
45	586
45	658
45	667
45	688
45	891
45	956
45	964
46	69
46	77
46	92
46	99
46	145
46	197
46	227
46	281
46	303
46	309
46	335
46	436
46	492
46	494
46	508
46	534
46	602
46	609
46	636
46	715
46	893
46	959
46	994
47	55
47	72
47	94
47	126
47	173
47	180
47	202
47	212
47	245
47	279
47	315
47	344
47	371
47	393
47	429
47	476
47	616
47	690
47	772
47	808
47	853
47	873
47	897
47	943
47	961
48	72
48	84
48	108
48	114
48	170
48	176
48	191
48	223
48	276
48	315
48	382
48	389
48	404
48	417
48	493
48	526
48	538
48	603
48	678
48	722
48	774
48	789
48	790
48	889
48	989
48	994
49	98
49	104
49	131
49	159
49	180
49	189
49	195
49	255
49	286
49	295
49	315
49	317
49	337
49	412
49	413
49	489
49	611
49	619
49	622
49	646
49	703
49	743
49	764
49	882
50	64
50	84
50	128
50	158
50	184
50	237
50	238
50	264
50	290
50	503
50	519
50	521
50	544
50	546
50	594
50	656
50	706
50	734
50	777
50	828
50	829
51	59
51	70
51	76
51	86
51	107
51	115
51	126
51	161
51	180
51	230
51	325
51	361
51	367
51	477
51	644
51	710
51	793
51	795
51	820
51	874
51	885
52	67
52	86
52	93
52	103
52	124
52	134
52	140
52	165
52	176
52	203
52	225
52	234
52	279
52	293
52	349
52	363
52	371
52	387
52	389
52	439
52	440
52	443
52	526
52	758
53	78
53	101
53	119
53	136
53	139
53	156
53	250
53	287
53	308
53	357
53	363
53	396
53	405
53	423
53	541
53	596
53	625
53	696
53	743
53	854
53	867
53	901
53	945
53	963
54	59
54	70
54	75
54	81
54	96
54	102
54	132
54	178
54	187
54	249
54	254
54	312
54	389
54	427
54	503
54	554
54	577
54	584
54	630
54	704
54	836
54	888
54	899
55	57
55	66
55	73
55	96
55	97
55	104
55	126
55	128
55	129
55	163
55	171
55	174
55	202
55	237
55	245
55	299
55	445
55	607
55	720
55	819
56	58
56	62
56	67
56	68
56	71
56	72
56	83
56	102
56	115
56	190
56	241
56	323
56	339
56	360
56	379
56	415
56	444
56	446
56	459
56	569
56	838
56	941
57	66
57	78
57	99
57	126
57	148
57	168
57	208
57	214
57	288
57	321
57	362
57	380
57	428
57	437
57	448
57	526
57	684
57	701
57	752
57	764
57	850
57	988
58	62
58	64
58	77
58	98
58	171
58	183
58	205
58	243
58	251
58	316
58	365
58	414
58	511
58	517
58	561
58	562
58	569
58	580
58	664
58	692
58	709
58	737
58	816
58	916
58	985
59	69
59	73
59	150
59	207
59	250
59	279
59	282
59	283
59	352
59	364
59	385
59	519
59	538
59	545
59	602
59	629
59	700
59	707
59	824
59	842
59	913
60	79
60	106
60	110
60	118
60	191
60	223
60	268
60	309
60	326
60	376
60	427
60	498
60	585
60	590
60	638
60	708
60	724
60	753
60	781
60	871
60	947
61	80
61	90
61	156
61	164
61	238
61	241
61	296
61	345
61	418
61	424
61	499
61	536
61	582
61	654
61	742
61	775
61	788
61	864
61	985
61	997
62	66
62	68
62	71
62	98
62	100
62	129
62	151
62	190
62	293
62	310
62	339
62	360
62	387
62	447
62	491
62	512
62	535
62	581
62	739
62	816
62	925
62	942
63	66
63	79
63	156
63	157
63	177
63	181
63	182
63	205
63	210
63	216
63	238
63	378
63	494
63	497
63	603
63	781
63	784
63	804
63	810
63	858
63	931
63	944
63	960
64	104
64	120
64	127
64	140
64	153
64	160
64	217
64	222
64	295
64	502
64	564
64	577
64	615
64	670
64	676
64	791
64	812
64	947
64	952
64	995
65	70
65	112
65	115
65	137
65	161
65	172
65	196
65	240
65	262
65	318
65	339
65	368
65	494
65	518
65	551
65	818
65	840
65	928
66	76
66	88
66	97
66	116
66	120
66	158
66	163
66	189
66	202
66	211
66	352
66	380
66	417
66	451
66	465
66	544
66	639
66	764
66	767
67	78
67	108
67	154
67	215
67	226
67	330
67	336
67	367
67	446
67	472
67	508
67	628
67	716
67	761
67	835
67	865
67	876
67	908
67	955
68	70
68	88
68	144
68	215
68	306
68	433
68	489
68	601
68	649
68	686
68	702
68	745
68	813
68	848
68	861
68	985
69	77
69	142
69	145
69	227
69	297
69	348
69	637
69	646
69	703
69	731
69	812
69	888
69	917
69	958
70	81
70	121
70	126
70	199
70	200
70	213
70	230
70	250
70	259
70	507
70	519
70	621
70	710
71	73
71	91
71	103
71	107
71	160
71	177
71	202
71	206
71	230
71	262
71	343
71	387
71	416
71	629
71	686
71	809
71	861
71	983
72	74
72	87
72	91
72	96
72	112
72	138
72	176
72	177
72	234
72	247
72	309
72	376
72	417
72	440
72	483
72	499
72	668
72	798
72	909
72	956
73	75
73	77
73	91
73	115
73	240
73	249
73	263
73	339
73	392
73	480
73	553
73	618
73	629
73	689
73	747
73	886
74	98
74	105
74	108
74	121
74	146
74	196
74	203
74	231
74	279
74	337
74	394
74	431
74	590
74	593
74	635
74	690
74	738
74	786
74	869
75	91
75	134
75	142
75	155
75	169
75	233
75	396
75	407
75	426
75	495
75	568
75	583
75	692
75	697
75	733
75	890
75	915
76	95
76	144
76	226
76	248
76	275
76	324
76	368
76	463
76	466
76	470
76	568
76	649
76	677
76	719
76	811
76	896
77	110
77	117
77	141
77	158
77	187
77	236
77	263
77	281
77	304
77	522
77	542
77	680
77	746
77	872
77	928
78	105
78	200
78	267
78	361
78	392
78	470
78	479
78	547
78	667
78	761
78	771
78	860
78	870
78	968
79	108
79	118
79	140
79	184
79	205
79	269
79	285
79	419
79	464
79	467
79	505
79	522
79	711
79	735
79	754
79	933
80	99
80	111
80	138
80	164
80	167
80	189
80	345
80	471
80	528
80	576
80	715
80	729
80	890
80	996
81	95
81	136
81	138
81	150
81	180
81	182
81	183
81	242
81	272
81	310
81	326
81	327
81	388
81	395
81	418
81	672
82	129
82	179
82	193
82	245
82	291
82	305
82	309
82	425
82	445
82	474
82	509
82	536
82	747
83	96
83	103
83	117
83	120
83	127
83	130
83	153
83	159
83	244
83	295
83	386
83	584
83	706
83	728
83	978
84	86
84	120
84	164
84	213
84	229
84	301
84	358
84	382
84	464
84	473
84	540
84	551
84	694
84	826
84	852
85	93
85	107
85	115
85	144
85	149
85	199
85	258
85	303
85	463
85	477
85	514
85	527
85	532
85	662
85	765
85	880
85	916
86	88
86	90
86	108
86	113
86	178
86	194
86	251
86	279
86	371
86	549
86	699
86	954
86	962
86	999
87	96
87	102
87	245
87	301
87	307
87	338
87	468
87	480
87	488
87	538
87	612
87	713
87	717
87	892
87	935
88	94
88	97
88	148
88	151
88	202
88	241
88	252
88	331
88	356
88	358
88	439
88	450
88	740
89	93
89	114
89	124
89	134
89	165
89	200
89	201
89	270
89	277
89	313
89	420
89	690
89	878
89	927
89	935
89	979
90	193
90	218
90	336
90	350
90	499
90	530
90	536
90	657
90	680
90	841
90	854
90	974
90	977
91	136
91	142
91	151
91	154
91	246
91	344
91	358
91	470
91	508
91	558
91	568
91	621
91	673
91	768
91	906
92	97
92	143
92	242
92	277
92	297
92	308
92	445
92	527
92	543
92	601
92	692
92	725
92	812
92	832
92	859
92	872
93	100
93	123
93	140
93	151
93	172
93	182
93	325
93	341
93	365
93	518
93	552
93	597
93	762
93	939
94	96
94	121
94	124
94	131
94	169
94	176
94	189
94	202
94	252
94	270
94	512
94	522
94	624
94	781
94	879
94	912
95	239
95	243
95	257
95	416
95	453
95	500
95	527
95	542
95	674
95	794
95	926
95	965
96	115
96	170
96	212
96	279
96	443
96	722
96	769
96	773
96	939
97	184
97	208
97	212
97	255
97	388
97	551
97	684
97	717
97	828
97	852
97	883
97	933
98	102
98	134
98	288
98	336
98	427
98	593
98	628
98	653
98	690
98	782
98	894
98	939
99	122
99	150
99	175
99	193
99	234
99	285
99	383
99	418
99	491
99	560
99	818
99	922
100	107
100	158
100	174
100	231
100	280
100	316
100	365
100	426
100	470
100	603
100	608
100	741
100	910
101	152
101	171
101	256
101	398
101	399
101	413
101	428
101	472
101	606
101	735
101	761
101	789
101	809
101	842
101	871
102	152
102	201
102	209
102	298
102	310
102	379
102	588
102	590
102	821
102	955
103	153
103	158
103	159
103	196
103	350
103	418
103	503
103	888
103	952
104	127
104	172
104	194
104	208
104	566
104	569
104	626
104	734
104	807
104	950
105	114
105	304
105	391
105	404
105	426
105	690
105	713
105	817
105	858
105	981
106	110
106	135
106	140
106	402
106	431
106	464
106	525
106	564
106	587
106	600
106	696
106	797
106	860
107	108
107	155
107	241
107	257
107	314
107	398
107	426
107	576
107	831
107	848
107	944
107	975
107	983
107	986
108	225
108	391
108	423
108	462
108	526
108	547
108	671
108	927
108	989
109	113
109	148
109	249
109	262
109	282
109	283
109	535
109	595
109	622
109	728
109	772
109	862
109	900
110	130
110	157
110	201
110	205
110	385
110	434
110	498
110	543
110	600
110	847
110	906
111	154
111	181
111	185
111	314
111	343
111	346
111	365
111	418
111	424
111	433
111	520
111	693
111	715
111	745
111	878
112	122
112	225
112	228
112	267
112	443
112	454
112	484
112	593
112	814
112	928
112	993
113	126
113	212
113	240
113	243
113	274
113	369
113	476
113	527
113	807
113	830
113	857
113	887
114	124
114	173
114	198
114	225
114	330
114	414
114	568
114	688
114	920
115	119
115	187
115	318
115	457
115	461
115	488
115	749
115	822
116	122
116	138
116	146
116	163
116	203
116	319
116	321
116	412
116	441
116	456
116	474
116	545
116	577
116	584
117	148
117	184
117	211
117	215
117	218
117	244
117	287
117	294
117	413
117	447
117	458
117	500
117	521
117	815
118	133
118	210
118	349
118	350
118	365
118	505
118	513
118	556
118	626
118	951
119	272
119	291
119	359
119	388
119	395
119	401
119	425
119	430
119	500
119	524
119	855
120	127
120	317
120	414
120	502
120	627
120	871
120	949
120	995
121	131
121	165
121	176
121	200
121	201
121	231
121	292
121	332
121	704
121	972
122	197
122	233
122	234
122	348
122	436
122	469
122	476
122	480
122	778
122	922
123	138
123	182
123	233
123	257
123	265
123	271
123	302
123	388
123	539
123	594
123	610
123	660
124	191
124	336
124	407
124	448
124	471
124	526
124	671
124	790
124	989
125	174
125	205
125	249
125	253
125	298
125	400
125	403
125	535
125	644
125	963
126	148
126	352
126	417
126	466
126	950
127	227
127	340
127	351
127	412
127	501
127	532
127	703
127	882
127	919
127	929
128	213
128	321
128	340
128	342
128	645
128	778
128	848
128	917
129	133
129	190
129	285
129	600
129	687
129	728
129	874
129	880
129	932
129	986
130	199
130	210
130	261
130	326
130	587
130	906
130	952
130	970
131	210
131	250
131	272
131	372
131	504
131	707
131	792
131	794
131	879
131	911
132	163
132	200
132	439
132	516
132	548
132	577
132	684
132	782
132	803
132	909
132	925
132	991
133	140
133	181
133	372
133	384
133	525
133	590
133	785
133	898
133	923
133	944
134	170
134	545
134	569
134	683
134	732
134	808
135	221
135	282
135	434
135	525
135	634
135	747
135	941
135	953
135	1000
136	161
136	192
136	199
136	274
136	325
136	397
136	516
136	579
136	655
136	767
136	922
137	142
137	221
137	238
137	246
137	325
137	342
137	365
137	466
137	511
137	527
137	795
138	242
138	343
138	345
138	403
138	579
138	657
138	837
138	925
139	148
139	154
139	220
139	228
139	247
139	313
139	324
139	357
139	391
139	666
139	753
139	817
139	989
140	210
140	216
140	486
140	553
140	666
140	896
140	1000
141	143
141	153
141	237
141	265
141	335
141	386
141	545
141	560
141	577
141	578
141	829
142	424
142	477
142	558
142	578
142	582
142	748
142	792
143	169
143	173
143	281
143	294
143	370
143	396
143	445
143	936
144	161
144	291
144	323
144	539
144	620
144	668
144	714
144	756
145	263
145	359
145	467
145	510
145	618
145	623
145	744
145	906
145	946
146	225
146	437
146	465
146	490
146	549
146	669
146	681
146	847
146	851
146	977
147	158
147	211
147	321
147	349
147	374
147	380
147	393
147	481
147	699
147	860
148	203
148	211
148	241
148	276
148	301
148	934
149	150
149	174
149	197
149	271
149	356
149	536
149	659
149	756
150	156
150	176
150	179
150	218
150	344
150	356
150	896
151	230
151	320
151	323
151	387
151	576
151	625
151	870
152	202
152	285
152	547
152	569
152	603
152	667
152	671
152	890
152	999
153	159
153	189
153	293
153	317
153	330
153	343
154	168
154	170
154	198
154	391
154	490
154	835
154	943
155	180
155	188
155	197
155	275
155	316
155	534
155	592
155	853
155	984
156	166
156	254
156	302
156	453
156	478
156	509
156	756
156	776
156	972
157	192
157	236
157	284
157	426
157	528
157	537
157	626
157	979
158	159
158	551
158	581
158	586
158	634
158	769
158	813
159	179
159	317
159	337
159	347
159	593
159	739
159	850
159	969
160	236
160	241
160	472
160	499
160	580
160	613
160	651
160	679
160	712
161	180
161	410
161	477
161	552
161	739
161	744
161	881
162	186
162	234
162	289
162	301
162	304
162	359
162	459
162	471
162	669
162	843
162	954
163	215
163	252
163	293
163	511
163	549
163	758
163	844
163	889
163	962
164	328
164	479
164	520
164	615
164	657
164	680
164	938
165	167
165	203
165	284
165	315
165	385
165	504
165	750
165	782
165	883
166	275
166	289
166	348
166	355
166	435
166	508
166	665
166	775
166	776
166	848
167	178
167	224
167	416
167	475
167	533
167	655
167	727
167	740
168	182
168	221
168	229
168	372
168	384
168	389
168	484
168	541
168	717
169	230
169	318
169	324
169	529
169	868
169	931
170	177
170	268
170	269
170	287
170	400
170	630
170	801
170	909
171	510
171	547
171	636
171	690
171	713
171	874
171	891
171	901
172	175
172	199
172	227
172	326
172	340
172	361
172	691
172	831
172	839
172	948
173	227
173	445
173	837
173	895
173	959
174	243
174	262
174	506
174	705
174	785
174	887
174	941
175	187
175	210
175	249
175	283
175	351
175	421
175	621
175	781
176	289
176	376
176	437
176	875
176	943
177	203
177	241
177	321
177	433
177	465
177	722
177	844
177	908
178	279
178	307
178	485
178	697
178	815
179	220
179	280
179	436
179	680
179	731
179	837
180	230
180	293
180	320
180	339
180	533
180	846
181	192
181	217
181	333
181	419
181	464
181	727
181	802
181	917
182	242
182	374
182	472
182	677
183	228
183	231
183	404
183	439
183	935
183	945
184	237
184	459
184	496
185	395
185	408
185	482
185	505
185	574
185	719
185	786
185	953
185	958
185	990
186	210
186	256
186	261
186	294
186	385
186	458
186	914
186	919
186	994
187	209
187	288
187	309
187	446
187	521
187	607
188	217
188	280
188	409
188	620
188	634
188	701
188	709
188	900
188	938
189	375
189	458
189	669
189	863
189	932
190	262
190	269
190	293
190	360
190	381
190	802
190	838
190	919
190	990
191	239
191	276
191	437
191	467
191	484
191	604
191	624
191	699
192	300
192	518
192	601
192	651
192	666
192	762
192	960
193	287
193	305
193	350
193	411
193	416
193	490
193	637
193	682
194	307
194	646
194	675
194	734
194	938
194	962
195	196
195	627
195	748
195	961
195	971
195	997
196	229
196	472
196	803
196	930
197	303
197	373
197	425
197	466
197	560
197	599
198	220
198	310
198	679
198	771
198	894
198	903
199	208
199	271
199	404
199	421
199	440
199	846
199	992
200	225
200	355
200	438
200	640
200	863
201	332
201	355
201	415
201	470
201	562
202	448
202	450
202	720
202	924
202	940
203	382
203	384
203	557
203	604
203	661
203	673
204	229
204	299
204	303
204	430
204	546
204	627
204	639
204	930
205	221
205	269
205	516
205	532
205	570
205	846
205	873
206	231
206	360
206	602
206	638
206	712
206	877
206	885
207	260
207	385
207	463
207	485
207	567
207	793
207	834
208	211
208	314
208	458
208	548
208	567
208	777
209	370
209	639
209	957
210	266
210	283
210	333
210	785
211	245
211	274
211	292
211	302
211	436
211	950
212	252
212	264
212	530
212	635
212	991
213	308
213	390
213	397
213	883
214	232
214	319
214	361
214	478
214	557
214	606
214	621
215	376
215	790
215	913
215	930
215	966
216	278
216	326
216	379
216	449
216	506
216	537
216	652
216	666
217	397
217	525
217	596
217	644
217	709
217	753
218	403
218	714
219	222
219	289
219	348
219	474
219	682
219	737
220	267
220	332
220	450
220	860
220	921
221	326
221	614
221	839
221	864
221	998
222	337
222	345
222	514
222	532
222	542
222	711
223	263
223	364
223	407
223	599
223	630
223	826
223	908
223	989
224	307
224	346
224	497
224	502
224	509
224	544
224	557
224	656
224	787
225	483
225	586
225	738
225	844
225	910
226	408
226	434
226	470
226	480
226	818
226	905
226	990
227	281
227	778
227	859
227	958
228	343
228	515
228	531
228	696
228	972
229	245
229	290
229	307
229	337
229	381
229	930
230	240
230	331
230	673
230	768
231	247
231	396
231	784
231	955
232	283
232	306
232	340
232	552
232	620
232	676
232	749
232	971
233	532
233	559
233	582
233	638
233	739
233	884
233	917
233	937
234	381
234	458
234	488
234	997
235	275
235	412
235	467
235	700
235	723
235	768
236	284
236	329
236	483
236	613
236	763
236	909
236	967
237	266
237	312
237	554
238	252
238	273
238	466
238	632
239	245
239	259
239	338
239	450
239	468
239	496
239	766
239	769
239	824
240	251
240	319
240	320
240	805
240	831
240	887
240	923
241	270
241	452
241	675
241	897
242	272
242	346
242	408
242	556
242	620
242	735
242	804
243	307
243	506
243	520
243	683
244	357
244	372
244	377
244	439
244	473
244	585
244	757
244	936
245	526
245	694
245	984
246	261
246	517
246	715
246	800
246	810
246	819
247	292
247	306
247	404
247	479
247	751
247	837
247	840
248	389
248	515
248	550
248	555
248	748
248	755
248	926
249	417
249	429
249	672
249	823
250	282
250	385
250	405
250	754
250	865
251	431
251	492
251	661
251	755
251	999
252	311
252	452
252	558
253	372
253	644
253	704
253	707
253	732
254	332
254	422
254	476
254	675
254	779
254	996
255	299
255	634
256	330
256	696
256	713
256	720
256	817
256	973
257	328
257	519
257	637
257	907
258	310
258	571
258	755
258	897
259	280
259	283
259	330
259	331
259	762
259	914
260	300
260	374
260	457
260	533
260	540
260	691
260	885
261	542
261	597
261	609
261	700
261	890
261	907
262	273
262	282
262	446
262	588
262	742
263	305
263	432
263	637
264	674
264	699
264	899
264	962
265	271
265	314
265	455
265	585
266	278
266	299
266	362
266	502
266	717
266	823
267	292
267	355
267	935
267	949
268	299
268	449
268	535
268	555
268	626
268	679
268	802
269	449
269	804
269	847
269	891
270	328
270	334
270	443
270	586
270	616
271	505
271	709
272	284
272	642
272	672
272	695
273	334
273	340
273	597
273	606
273	693
273	695
273	953
274	286
274	342
274	722
274	957
275	318
275	391
275	691
275	775
276	384
276	453
276	484
276	674
276	678
276	974
277	310
277	353
277	355
277	438
277	945
278	322
278	327
278	334
278	356
278	507
278	584
278	948
279	576
280	454
280	507
280	541
280	574
280	984
281	359
281	364
281	529
281	769
282	489
282	504
282	704
282	884
282	892
283	284
283	357
283	421
283	697
284	544
284	570
284	695
285	363
285	485
285	710
285	746
285	999
286	311
286	685
286	775
286	964
287	636
287	758
287	821
287	910
288	321
288	449
288	488
288	592
288	594
288	882
288	978
289	305
289	373
289	698
289	788
290	710
290	711
290	743
290	823
291	344
291	495
291	581
291	765
292	399
292	440
292	675
292	745
292	950
293	383
293	641
294	381
294	564
294	622
294	747
294	994
295	346
295	560
295	618
295	659
296	408
296	605
296	692
296	757
296	967
297	309
297	351
297	516
297	691
297	895
298	303
298	310
298	333
298	663
298	799
299	554
299	612
299	647
300	393
300	397
300	495
300	749
300	885
301	320
301	393
301	792
301	819
301	881
302	469
302	617
302	632
302	664
303	477
303	487
303	495
303	710
304	381
304	436
304	463
304	826
305	348
305	416
305	643
305	911
306	308
306	350
306	435
306	568
306	660
306	868
307	754
308	344
308	469
308	515
309	542
311	318
311	376
311	381
311	409
311	612
311	614
312	412
312	422
312	428
312	536
312	773
313	389
313	407
313	655
313	678
313	900
313	920
314	563
314	800
314	835
315	382
315	551
315	648
315	987
316	387
316	511
316	608
316	631
316	842
316	901
317	337
317	422
317	693
318	425
318	540
318	730
318	750
319	387
319	437
319	683
319	806
320	399
320	574
321	633
321	681
322	358
322	489
322	516
322	796
322	847
323	683
323	748
323	759
323	873
324	368
324	435
324	582
325	331
325	369
325	488
325	494
326	419
326	800
326	846
327	433
327	537
327	606
327	843
327	934
328	510
328	620
328	753
329	330
329	333
329	378
329	523
329	773
329	817
330	462
330	860
331	334
331	435
331	980
332	427
332	598
332	982
333	373
333	855
334	555
335	351
335	386
335	515
335	522
335	723
336	353
336	648
336	734
336	738
336	854
338	454
338	591
338	640
338	787
339	460
339	752
339	873
340	572
340	593
341	362
341	786
341	946
342	452
342	517
342	553
342	559
343	366
343	556
344	361
344	932
345	544
345	733
346	351
346	475
346	657
346	827
346	882
347	414
347	444
347	460
347	625
347	712
347	903
348	907
349	606
349	704
349	839
350	411
350	528
350	729
351	451
351	623
351	803
352	548
352	599
352	644
352	754
352	987
353	406
353	492
353	645
353	724
353	865
354	392
354	401
354	431
354	433
354	768
354	815
354	862
355	464
355	876
356	398
356	515
356	617
357	510
357	735
357	973
358	549
358	699
359	514
359	542
359	618
360	569
360	630
360	848
360	998
361	476
361	505
361	603
362	493
362	757
362	921
363	402
363	431
363	482
363	792
363	802
364	418
364	637
365	531
366	480
366	486
366	534
366	861
366	976
367	398
367	751
367	894
368	508
368	660
368	765
369	468
369	595
369	604
369	822
369	908
370	408
370	532
370	834
371	583
371	611
371	912
371	934
371	988
372	645
372	836
373	405
373	462
373	475
374	563
374	921
374	979
375	385
375	665
375	807
375	859
375	964
376	587
376	653
377	398
377	607
377	608
377	665
377	754
377	987
378	419
378	614
378	631
378	667
378	910
379	402
379	509
379	875
380	548
380	616
380	768
380	881
380	933
382	706
383	508
383	537
383	573
384	455
384	640
384	653
384	681
385	789
386	931
388	787
389	437
389	526
390	424
390	579
390	647
390	955
391	625
392	461
392	492
392	531
392	649
392	744
393	439
393	682
393	774
394	423
394	429
394	612
394	624
394	798
394	865
395	424
395	570
395	572
395	976
396	596
396	636
396	661
396	901
397	413
397	970
398	487
398	660
398	794
399	531
399	575
400	440
400	642
400	668
400	798
401	402
401	420
401	434
401	455
401	480
401	926
402	658
402	661
402	753
403	422
403	559
404	409
404	648
405	429
405	629
405	737
405	867
406	503
406	868
406	905
406	927
407	484
407	598
407	935
407	972
408	572
408	998
409	465
409	529
409	950
410	521
410	597
410	793
410	796
410	975
411	718
411	855
411	885
412	482
412	739
412	902
413	496
413	521
413	619
414	635
414	667
414	707
415	547
415	975
415	979
415	992
416	523
416	557
416	926
417	801
417	820
417	911
418	833
419	497
419	631
419	668
420	466
420	632
420	655
420	764
421	501
421	709
421	717
422	525
422	585
422	931
423	590
423	874
423	891
424	751
425	714
425	727
426	687
426	839
427	562
427	573
427	737
428	622
428	767
428	934
429	645
429	937
430	523
430	789
430	855
430	926
430	996
431	478
431	514
431	773
432	464
432	561
432	687
432	726
432	951
433	714
434	462
434	556
435	559
435	728
435	904
436	813
436	843
437	488
438	572
438	573
438	863
439	966
440	779
441	640
441	662
441	682
441	778
441	832
442	524
442	532
442	603
442	628
443	549
443	616
443	820
444	447
444	588
444	772
446	448
446	828
448	720
448	777
449	816
450	481
450	736
451	468
451	550
451	743
451	783
452	481
452	495
453	500
453	996
454	483
454	541
454	612
455	494
455	565
455	756
455	864
456	594
456	736
456	842
456	957
457	491
457	788
457	922
458	834
459	882
459	914
460	464
460	498
460	535
461	592
461	600
461	712
461	851
462	586
463	558
463	692
465	592
465	594
465	721
466	499
467	723
467	895
468	645
468	648
469	578
469	735
470	786
471	557
471	669
471	698
472	510
472	763
473	592
473	847
474	692
474	731
474	866
474	969
475	652
475	733
475	806
476	485
476	978
478	523
478	682
479	695
479	721
479	956
479	982
481	852
482	696
482	842
482	973
483	702
483	849
484	758
484	801
485	487
486	513
486	560
486	838
487	736
487	845
487	881
489	929
490	639
490	685
490	951
491	600
491	601
491	918
491	983
492	705
493	893
494	804
495	830
496	800
496	886
496	970
497	505
497	652
497	697
498	544
498	563
498	830
498	980
499	605
500	534
500	559
500	610
501	676
501	797
501	851
501	924
501	997
502	545
502	619
502	654
503	665
503	740
504	833
506	755
506	849
507	571
507	923
508	652
509	699
509	878
509	920
510	903
511	527
511	823
512	780
512	805
512	854
513	825
514	855
514	949
515	700
516	579
517	564
517	706
517	994
518	587
518	631
518	986
519	861
519	886
520	605
520	729
520	857
521	711
522	905
523	841
524	682
524	727
524	744
524	902
525	783
525	986
528	616
528	841
528	877
529	573
529	648
530	844
531	575
531	991
533	719
534	796
534	863
534	872
535	983
536	742
537	900
537	918
538	604
538	824
538	966
539	572
539	574
539	775
540	543
540	821
540	900
540	998
541	808
541	875
541	971
543	700
543	759
545	575
545	668
546	611
546	965
547	684
547	705
548	876
548	924
550	584
550	719
550	745
550	904
551	909
552	884
552	971
553	766
554	840
556	965
557	662
558	892
559	791
561	565
561	688
561	738
562	566
562	869
563	904
563	968
563	975
564	888
565	626
566	589
566	767
567	680
567	899
568	825
570	708
570	825
570	998
571	871
572	613
573	598
574	615
575	588
576	845
578	886
580	751
580	960
581	670
581	806
582	780
582	904
583	713
583	751
583	782
584	797
587	638
588	688
588	724
589	698
589	705
589	765
591	943
591	969
592	783
593	814
595	602
595	817
595	849
596	706
596	975
598	925
599	789
599	936
600	898
601	649
601	957
602	613
602	886
604	982
605	631
607	643
608	963
608	969
610	687
610	814
613	730
614	728
615	695
615	929
616	630
617	630
617	827
620	738
621	923
622	915
623	702
623	859
624	685
624	836
624	973
627	716
627	845
628	784
629	730
629	861
632	683
633	750
633	821
633	879
634	961
635	641
638	712
640	650
640	766
642	653
642	760
642	949
643	656
643	710
646	959
647	654
650	676
650	701
651	904
651	918
651	986
652	936
652	976
653	654
653	740
654	711
656	689
656	846
657	833
658	761
658	799
658	818
658	982
659	834
660	790
660	1000
661	670
661	980
662	954
663	665
663	693
663	703
664	672
664	726
664	795
664	841
666	897
668	934
669	872
670	767
670	811
671	808
671	889
671	927
672	880
673	678
673	875
675	852
676	952
677	839
677	967
679	809
679	880
679	967
681	684
681	920
681	993
684	991
685	760
685	977
686	841
686	944
687	915
688	724
688	784
689	928
691	813
691	971
694	856
694	866
694	947
697	805
700	997
703	822
704	987
705	960
708	906
708	924
714	915
714	916
715	788
716	769
716	876
717	794
718	907
718	946
718	981
719	993
720	920
722	801
723	884
724	763
725	840
730	898
731	895
732	830
732	974
733	873
734	850
740	770
741	750
741	797
745	808
746	979
748	983
750	858
752	879
752	937
752	984
755	903
759	870
759	966
762	801
762	953
766	897
771	970
772	862
772	867
774	823
774	974
776	864
776	980
777	833
779	995
784	835
792	820
793	829
793	898
794	939
795	992
799	816
799	999
802	843
803	995
806	849
806	921
807	981
810	811
810	928
812	992
814	993
815	884
816	941
818	976
819	974
821	942
824	856
827	862
827	887
829	899
831	946
832	948
833	883
836	856
849	938
850	877
853	890
853	916
857	887
857	985
858	893
866	919
875	889
878	903
880	948
883	911
896	911
898	965
913	990
918	941
918	944
930	968
932	949
937	945
942	954
942	961
954	957
960	980
961	969
966	982
968	988
