1	12
1	14
1	15
1	22
1	29
1	40
1	44
1	47
1	53
1	59
1	68
1	91
1	113
1	121
1	145
1	185
1	187
1	197
1	209
1	237
1	238
1	248
1	277
1	298
1	302
1	310
1	317
1	324
1	348
1	349
1	360
1	371
1	402
1	415
1	451
1	458
1	475
1	564
1	609
1	677
1	733
1	747
1	777
1	784
1	786
1	800
1	906
1	917
1	920
1	937
2	16
2	18
2	23
2	26
2	27
2	36
2	37
2	41
2	45
2	48
2	87
2	89
2	99
2	101
2	104
2	120
2	125
2	166
2	174
2	180
2	194
2	204
2	215
2	220
2	225
2	228
2	235
2	240
2	255
2	258
2	268
2	296
2	300
2	386
2	428
2	481
2	501
2	517
2	520
2	530
2	597
2	679
2	770
2	889
2	901
2	903
2	904
2	906
3	6
3	18
3	24
3	28
3	34
3	35
3	36
3	37
3	38
3	48
3	78
3	110
3	114
3	116
3	135
3	140
3	149
3	156
3	157
3	186
3	237
3	266
3	283
3	295
3	304
3	307
3	309
3	365
3	368
3	374
3	377
3	430
3	470
3	506
3	516
3	531
3	556
3	614
3	628
3	631
3	642
3	664
3	718
3	734
3	778
3	983
3	993
4	11
4	17
4	26
4	34
4	35
4	45
4	53
4	62
4	72
4	92
4	97
4	99
4	103
4	123
4	139
4	153
4	161
4	193
4	194
4	205
4	219
4	288
4	292
4	312
4	316
4	343
4	347
4	359
4	377
4	418
4	446
4	459
4	481
4	482
4	513
4	516
4	537
4	571
4	572
4	608
4	663
4	742
4	775
4	782
4	975
4	980
5	35
5	41
5	44
5	47
5	49
5	51
5	70
5	74
5	86
5	98
5	110
5	112
5	113
5	138
5	177
5	192
5	215
5	228
5	235
5	247
5	252
5	255
5	284
5	354
5	405
5	414
5	416
5	473
5	514
5	530
5	581
5	633
5	650
5	699
5	715
5	719
5	740
5	796
5	808
5	817
5	820
5	896
5	949
5	950
5	955
6	8
6	16
6	24
6	37
6	48
6	50
6	61
6	72
6	89
6	98
6	110
6	112
6	115
6	116
6	135
6	169
6	171
6	182
6	214
6	232
6	261
6	265
6	272
6	293
6	320
6	395
6	435
6	454
6	456
6	497
6	502
6	511
6	556
6	559
6	631
6	640
6	688
6	735
6	790
6	876
6	898
6	922
6	943
6	982
7	8
7	16
7	18
7	19
7	25
7	31
7	37
7	46
7	68
7	85
7	110
7	111
7	118
7	120
7	124
7	128
7	140
7	154
7	164
7	206
7	225
7	228
7	260
7	291
7	341
7	362
7	371
7	376
7	390
7	391
7	414
7	470
7	515
7	526
7	533
7	592
7	633
7	636
7	685
7	686
7	717
7	894
7	913
7	914
7	999
8	13
8	18
8	60
8	74
8	78
8	85
8	88
8	120
8	124
8	128
8	164
8	190
8	196
8	265
8	291
8	296
8	300
8	302
8	305
8	308
8	313
8	330
8	359
8	391
8	450
8	459
8	467
8	526
8	546
8	552
8	582
8	586
8	622
8	694
8	706
8	727
8	852
8	867
8	890
8	892
8	900
8	914
9	12
9	23
9	34
9	39
9	46
9	58
9	67
9	69
9	97
9	116
9	127
9	148
9	162
9	171
9	179
9	181
9	198
9	212
9	214
9	243
9	259
9	261
9	279
9	301
9	302
9	324
9	367
9	373
9	382
9	409
9	423
9	464
9	471
9	498
9	509
9	714
9	907
9	923
9	953
9	961
9	981
9	990
9	992
10	16
10	18
10	20
10	21
10	31
10	42
10	52
10	54
10	60
10	69
10	72
10	110
10	129
10	146
10	159
10	204
10	210
10	211
10	224
10	228
10	233
10	236
10	272
10	275
10	285
10	304
10	309
10	359
10	364
10	483
10	536
10	561
10	566
10	643
10	666
10	682
10	703
10	711
10	716
10	813
10	863
10	877
11	16
11	20
11	22
11	49
11	54
11	57
11	66
11	67
11	76
11	80
11	90
11	116
11	161
11	167
11	175
11	184
11	189
11	205
11	236
11	241
11	298
11	323
11	338
11	428
11	535
11	542
11	547
11	591
11	601
11	713
11	733
11	756
11	762
11	780
11	826
11	847
11	852
11	876
11	902
11	934
12	14
12	20
12	24
12	39
12	50
12	63
12	65
12	73
12	77
12	79
12	81
12	82
12	83
12	111
12	145
12	162
12	244
12	247
12	275
12	293
12	310
12	411
12	412
12	433
12	440
12	444
12	446
12	496
12	498
12	614
12	634
12	659
12	734
12	747
12	791
12	802
12	828
12	924
13	25
13	40
13	52
13	64
13	78
13	81
13	93
13	98
13	106
13	109
13	165
13	184
13	204
13	226
13	233
13	237
13	243
13	303
13	338
13	341
13	356
13	388
13	403
13	431
13	436
13	441
13	444
13	463
13	472
13	524
13	551
13	597
13	635
13	712
13	748
13	754
13	761
13	825
13	1000
14	39
14	55
14	72
14	80
14	82
14	92
14	98
14	107
14	108
14	113
14	136
14	137
14	146
14	170
14	171
14	209
14	212
14	227
14	246
14	268
14	363
14	429
14	512
14	622
14	684
14	731
14	747
14	750
14	764
14	769
14	781
14	812
14	866
14	887
14	937
14	941
14	981
14	990
15	24
15	29
15	47
15	52
15	53
15	59
15	68
15	70
15	96
15	109
15	116
15	129
15	130
15	144
15	178
15	201
15	298
15	319
15	334
15	346
15	350
15	360
15	402
15	429
15	436
15	458
15	548
15	556
15	568
15	606
15	656
15	672
15	682
15	689
15	698
15	799
15	866
15	917
15	989
16	19
16	21
16	29
16	31
16	42
16	46
16	52
16	54
16	60
16	67
16	69
16	152
16	153
16	199
16	204
16	272
16	305
16	370
16	383
16	448
16	449
16	483
16	493
16	566
16	575
16	600
16	643
16	648
16	666
16	700
16	737
16	843
16	956
16	972
17	23
17	27
17	33
17	35
17	36
17	42
17	53
17	56
17	66
17	71
17	75
17	76
17	77
17	90
17	100
17	108
17	114
17	121
17	131
17	133
17	173
17	176
17	192
17	208
17	224
17	229
17	245
17	275
17	432
17	488
17	519
17	621
17	647
17	701
17	743
17	776
17	893
17	964
18	30
18	40
18	59
18	92
18	132
18	154
18	184
18	190
18	291
18	300
18	303
18	306
18	315
18	340
18	368
18	372
18	390
18	394
18	427
18	465
18	484
18	490
18	500
18	520
18	533
18	605
18	612
18	641
18	677
18	683
18	829
18	900
18	984
19	20
19	30
19	33
19	36
19	38
19	44
19	48
19	73
19	74
19	77
19	94
19	121
19	123
19	126
19	128
19	130
19	170
19	262
19	299
19	343
19	363
19	432
19	451
19	461
19	525
19	597
19	626
19	720
19	767
19	768
19	805
19	850
19	903
19	934
19	935
19	996
20	22
20	28
20	45
20	55
20	57
20	62
20	64
20	73
20	80
20	84
20	90
20	110
20	115
20	175
20	183
20	274
20	312
20	314
20	317
20	323
20	325
20	398
20	428
20	448
20	507
20	542
20	543
20	616
20	688
20	774
20	849
20	862
20	919
20	954
21	23
21	31
21	34
21	42
21	52
21	60
21	69
21	74
21	77
21	149
21	152
21	174
21	192
21	199
21	239
21	242
21	243
21	305
21	353
21	385
21	397
21	419
21	431
21	477
21	487
21	510
21	603
21	643
21	665
21	700
21	703
21	706
21	745
21	848
21	915
21	999
22	29
22	31
22	55
22	57
22	71
22	76
22	80
22	84
22	88
22	98
22	117
22	152
22	156
22	213
22	324
22	350
22	369
22	376
22	377
22	428
22	443
22	449
22	477
22	518
22	595
22	622
22	687
22	713
22	747
22	825
22	857
22	909
22	933
22	954
22	973
23	25
23	27
23	30
23	33
23	39
23	42
23	44
23	56
23	58
23	59
23	62
23	77
23	80
23	100
23	121
23	165
23	187
23	233
23	280
23	352
23	374
23	420
23	454
23	463
23	491
23	548
23	616
23	801
23	827
23	873
23	899
23	928
23	972
23	987
24	26
24	36
24	37
24	48
24	50
24	61
24	73
24	105
24	106
24	135
24	155
24	156
24	160
24	186
24	226
24	250
24	266
24	420
24	425
24	445
24	456
24	477
24	488
24	508
24	592
24	602
24	632
24	744
24	749
24	853
24	876
24	939
24	942
25	41
25	43
25	65
25	90
25	102
25	103
25	117
25	138
25	139
25	159
25	181
25	202
25	222
25	246
25	269
25	303
25	322
25	326
25	346
25	353
25	433
25	462
25	494
25	536
25	585
25	617
25	697
25	707
25	716
25	746
25	765
25	819
25	877
25	985
26	32
26	34
26	35
26	62
26	68
26	72
26	79
26	92
26	99
26	120
26	123
26	139
26	244
26	253
26	257
26	288
26	316
26	321
26	335
26	338
26	350
26	406
26	422
26	426
26	453
26	467
26	561
26	571
26	673
26	692
26	749
26	858
26	900
26	991
27	28
27	29
27	30
27	38
27	42
27	44
27	56
27	58
27	70
27	78
27	84
27	87
27	120
27	125
27	127
27	133
27	134
27	218
27	219
27	245
27	277
27	280
27	284
27	374
27	504
27	559
27	582
27	589
27	620
27	648
27	681
27	748
27	789
27	870
28	32
28	68
28	105
28	115
28	134
28	163
28	211
28	219
28	229
28	232
28	242
28	249
28	283
28	342
28	347
28	404
28	504
28	506
28	512
28	578
28	587
28	613
28	666
28	744
28	842
28	859
28	891
28	914
28	918
28	927
28	938
28	968
28	969
28	998
29	41
29	47
29	53
29	68
29	91
29	96
29	100
29	119
29	151
29	197
29	209
29	215
29	255
29	271
29	278
29	294
29	309
29	334
29	511
29	538
29	555
29	577
29	582
29	629
29	645
29	646
29	657
29	689
29	692
29	838
29	908
30	31
30	33
30	35
30	36
30	74
30	75
30	80
30	83
30	187
30	218
30	234
30	238
30	252
30	278
30	284
30	285
30	295
30	329
30	352
30	373
30	375
30	384
30	471
30	565
30	682
30	757
30	765
30	767
30	893
30	926
30	945
30	949
31	42
31	54
31	60
31	63
31	69
31	81
31	167
31	199
31	204
31	216
31	235
31	239
31	248
31	276
31	285
31	287
31	291
31	353
31	383
31	397
31	419
31	465
31	510
31	561
31	701
31	723
31	753
31	792
31	922
31	989
32	79
32	150
32	163
32	167
32	176
32	178
32	189
32	211
32	213
32	232
32	242
32	253
32	282
32	309
32	342
32	343
32	355
32	373
32	381
32	385
32	387
32	399
32	427
32	485
32	495
32	606
32	644
32	702
32	705
32	760
32	844
32	911
32	961
32	969
33	36
33	39
33	42
33	44
33	56
33	63
33	99
33	126
33	127
33	133
33	207
33	218
33	227
33	245
33	248
33	299
33	335
33	336
33	342
33	387
33	388
33	467
33	519
33	649
33	665
33	709
33	715
33	816
33	818
33	933
33	972
34	35
34	72
34	79
34	80
34	85
34	99
34	123
34	153
34	205
34	235
34	253
34	256
34	270
34	294
34	312
34	321
34	335
34	350
34	362
34	393
34	418
34	461
34	474
34	537
34	609
34	646
34	931
34	951
34	988
35	62
35	72
35	92
35	99
35	123
35	153
35	155
35	161
35	223
35	257
35	307
35	312
35	321
35	323
35	336
35	388
35	467
35	565
35	574
35	605
35	754
35	782
35	803
35	819
35	834
35	858
36	38
36	61
36	75
36	77
36	93
36	100
36	134
36	144
36	187
36	192
36	203
36	264
36	278
36	301
36	393
36	461
36	468
36	487
36	527
36	621
36	625
36	662
36	680
36	996
37	72
37	105
37	106
37	107
37	116
37	160
37	169
37	171
37	181
37	196
37	267
37	319
37	321
37	344
37	355
37	416
37	434
37	490
37	513
37	610
37	634
37	670
37	695
37	807
37	892
37	966
38	44
38	47
38	57
38	68
38	77
38	94
38	119
38	133
38	152
38	179
38	187
38	289
38	393
38	408
38	432
38	514
38	558
38	580
38	587
38	648
38	677
38	679
38	720
38	841
38	901
38	912
39	52
39	73
39	76
39	108
39	120
39	200
39	217
39	246
39	259
39	293
39	332
39	437
39	447
39	457
39	496
39	584
39	649
39	704
39	719
39	731
39	753
39	805
39	856
39	938
39	990
40	51
40	53
40	59
40	70
40	96
40	138
40	189
40	197
40	217
40	219
40	276
40	335
40	337
40	402
40	415
40	522
40	540
40	692
40	693
40	719
40	721
40	758
40	800
40	815
40	839
40	968
40	985
41	45
41	52
41	58
41	101
41	104
41	132
41	138
41	159
41	165
41	173
41	176
41	251
41	412
41	467
41	507
41	572
41	658
41	764
41	770
41	795
41	808
41	817
41	831
41	890
41	946
42	43
42	52
42	54
42	61
42	69
42	167
42	239
42	285
42	365
42	366
42	380
42	383
42	430
42	536
42	643
42	701
42	771
42	780
42	808
42	853
42	883
43	64
43	65
43	80
43	98
43	103
43	114
43	137
43	146
43	183
43	236
43	269
43	311
43	322
43	336
43	402
43	430
43	441
43	452
43	494
43	551
43	560
43	732
43	788
43	811
43	847
43	875
43	978
44	71
44	91
44	96
44	127
44	155
44	191
44	218
44	234
44	245
44	280
44	294
44	300
44	439
44	451
44	456
44	489
44	527
44	531
44	653
44	789
44	872
44	888
45	49
45	86
45	89
45	119
45	131
45	171
45	215
45	355
45	370
45	390
45	423
45	530
45	538
45	547
45	549
45	553
45	583
45	607
45	679
45	811
45	868
45	882
45	913
45	965
45	986
46	48
46	49
46	66
46	82
46	113
46	125
46	145
46	148
46	149
46	174
46	212
46	244
46	315
46	324
46	354
46	367
46	424
46	426
46	447
46	544
46	557
46	573
46	883
46	885
46	925
46	974
47	53
47	55
47	65
47	68
47	70
47	83
47	91
47	96
47	105
47	110
47	151
47	209
47	248
47	294
47	393
47	556
47	564
47	638
47	662
47	685
47	686
47	723
47	952
48	61
48	71
48	106
48	110
48	115
48	122
48	149
48	158
48	163
48	206
48	266
48	271
48	287
48	365
48	376
48	379
48	628
48	631
48	661
48	671
48	721
48	940
49	51
49	69
49	73
49	74
49	84
49	89
49	102
49	104
49	144
49	194
49	212
49	243
49	281
49	342
49	349
49	352
49	370
49	464
49	495
49	501
49	554
49	901
49	918
50	110
50	125
50	155
50	160
50	166
50	218
50	229
50	239
50	266
50	327
50	344
50	409
50	423
50	435
50	503
50	610
50	618
50	670
50	699
50	832
50	888
50	918
50	939
50	958
51	107
51	119
51	132
51	203
51	225
51	258
51	264
51	276
51	281
51	303
51	375
51	434
51	455
51	456
51	489
51	553
51	581
51	698
51	699
51	817
51	882
51	904
51	940
51	948
52	54
52	60
52	69
52	93
52	173
52	285
52	310
52	378
52	384
52	448
52	536
52	622
52	642
52	666
52	745
52	770
52	833
52	848
52	881
53	68
53	70
53	89
53	90
53	104
53	141
53	178
53	201
53	220
53	260
53	334
53	415
53	501
53	625
53	653
53	694
53	696
53	865
53	866
53	893
54	93
54	99
54	137
54	152
54	204
54	210
54	276
54	304
54	332
54	448
54	507
54	538
54	561
54	745
54	772
54	800
54	881
54	925
54	931
54	967
55	57
55	67
55	71
55	90
55	106
55	126
55	143
55	198
55	201
55	330
55	358
55	398
55	413
55	439
55	449
55	514
55	647
55	753
55	771
55	799
55	810
55	858
56	58
56	80
56	82
56	139
56	170
56	194
56	201
56	238
56	284
56	289
56	384
56	419
56	426
56	478
56	503
56	527
56	645
56	695
56	710
56	873
56	902
56	995
57	70
57	76
57	90
57	109
57	143
57	164
57	188
57	274
57	455
57	518
57	537
57	573
57	626
57	637
57	697
57	738
57	741
57	751
57	766
57	873
57	935
58	77
58	86
58	124
58	126
58	158
58	172
58	179
58	235
58	278
58	286
58	329
58	428
58	491
58	569
58	647
58	676
58	708
58	755
58	757
58	929
58	960
59	91
59	96
59	142
59	144
59	151
59	188
59	209
59	230
59	294
59	360
59	363
59	392
59	458
59	494
59	528
59	655
59	662
59	692
59	832
59	974
60	63
60	69
60	97
60	152
60	199
60	221
60	239
60	248
60	305
60	358
60	378
60	503
60	505
60	751
60	787
60	831
60	836
60	853
60	947
61	95
61	106
61	107
61	135
61	168
61	169
61	295
61	311
61	313
61	416
61	642
61	695
61	709
61	763
61	797
61	814
61	828
61	870
61	898
61	984
62	65
62	75
62	89
62	92
62	96
62	99
62	123
62	161
62	253
62	256
62	257
62	329
62	330
62	534
62	624
62	629
62	673
62	714
62	819
62	992
63	74
63	101
63	131
63	138
63	158
63	194
63	195
63	202
63	235
63	243
63	336
63	411
63	503
63	514
63	543
63	562
63	614
63	643
63	658
63	686
63	949
64	65
64	70
64	78
64	98
64	100
64	103
64	136
64	139
64	142
64	154
64	216
64	222
64	223
64	270
64	318
64	369
64	453
64	637
64	650
64	717
64	728
64	910
65	73
65	193
65	222
65	269
65	297
65	337
65	341
65	406
65	407
65	483
65	579
65	585
65	617
65	647
65	717
65	728
65	872
65	892
65	979
66	90
66	115
66	133
66	148
66	162
66	208
66	210
66	213
66	233
66	273
66	315
66	400
66	474
66	515
66	521
66	557
66	593
66	851
66	909
66	956
66	975
67	76
67	83
67	96
67	117
67	143
67	166
67	184
67	224
67	243
67	314
67	325
67	400
67	439
67	443
67	493
67	756
67	793
67	802
67	899
67	957
68	70
68	96
68	144
68	217
68	222
68	227
68	334
68	415
68	421
68	578
68	640
68	863
68	878
68	942
69	83
69	167
69	199
69	279
69	288
69	304
69	357
69	378
69	422
69	668
69	723
69	848
69	857
69	998
70	79
70	91
70	118
70	144
70	169
70	248
70	271
70	277
70	391
70	410
70	541
70	758
70	956
70	989
71	76
71	80
71	101
71	127
71	139
71	236
71	354
71	413
71	439
71	471
71	479
71	507
71	570
71	835
71	852
71	902
71	930
71	968
72	92
72	153
72	205
72	321
72	328
72	335
72	363
72	418
72	440
72	673
72	680
72	725
72	769
72	844
72	846
73	137
73	145
73	166
73	172
73	182
73	241
73	315
73	317
73	325
73	332
73	360
73	363
73	487
73	704
73	720
74	86
74	132
74	155
74	176
74	180
74	225
74	235
74	243
74	255
74	307
74	331
74	418
74	583
74	617
74	808
75	81
75	94
75	221
75	251
75	318
75	329
75	348
75	374
75	481
75	491
75	528
75	633
75	740
75	765
75	779
75	822
75	884
75	888
76	83
76	117
76	173
76	264
76	285
76	357
76	385
76	586
76	814
76	854
76	864
76	921
76	922
76	957
76	961
77	122
77	132
77	170
77	241
77	286
77	289
77	344
77	558
77	635
77	648
77	683
77	705
77	783
78	83
78	127
78	181
78	226
78	263
78	269
78	273
78	323
78	401
78	406
78	412
78	424
78	524
78	618
78	809
78	931
79	253
79	290
79	292
79	377
79	382
79	410
79	412
79	418
79	481
79	537
79	565
79	609
79	627
79	796
79	819
79	824
80	88
80	95
80	114
80	138
80	143
80	224
80	274
80	314
80	320
80	345
80	443
81	105
81	106
81	143
81	157
81	210
81	214
81	221
81	282
81	367
81	382
81	395
81	431
81	603
81	612
81	648
81	766
81	862
82	93
82	111
82	199
82	241
82	244
82	293
82	304
82	379
82	400
82	524
82	585
82	620
82	738
82	758
82	770
82	846
82	974
83	102
83	220
83	333
83	389
83	390
83	401
83	417
83	502
83	560
83	868
83	872
83	875
83	976
83	996
84	97
84	166
84	183
84	188
84	207
84	210
84	211
84	256
84	323
84	439
84	535
84	542
84	659
84	849
84	919
84	933
84	957
85	117
85	128
85	140
85	164
85	181
85	196
85	206
85	215
85	228
85	241
85	265
85	333
85	362
85	507
85	534
85	538
85	900
85	970
86	87
86	107
86	119
86	131
86	136
86	178
86	234
86	265
86	596
86	694
86	722
86	736
86	795
86	820
86	944
86	954
86	977
87	89
87	118
87	119
87	124
87	130
87	131
87	194
87	213
87	243
87	386
87	439
87	543
87	583
87	593
87	740
87	861
87	926
88	90
88	114
88	128
88	175
88	184
88	216
88	354
88	383
88	433
88	462
88	463
88	502
88	577
88	661
88	835
88	847
88	884
89	129
89	132
89	213
89	220
89	226
89	253
89	297
89	370
89	468
89	687
89	691
89	801
89	979
90	100
90	147
90	188
90	307
90	371
90	398
90	604
90	713
90	857
90	951
90	998
91	96
91	152
91	197
91	230
91	308
91	343
91	348
91	381
91	411
91	655
91	786
91	821
91	838
91	879
92	99
92	123
92	153
92	291
92	335
92	338
92	422
92	425
92	447
92	659
92	711
92	841
92	931
93	109
93	112
93	139
93	219
93	261
93	318
93	333
93	424
93	452
93	463
93	524
93	701
93	788
93	892
94	129
94	134
94	172
94	195
94	207
94	256
94	285
94	301
94	312
94	339
94	432
94	504
94	611
94	692
94	727
94	735
95	106
95	115
95	116
95	168
95	175
95	319
95	327
95	451
95	470
95	543
95	628
95	660
95	775
95	779
95	912
95	927
95	967
96	130
96	151
96	201
96	337
96	512
96	578
96	620
96	730
96	985
97	108
97	115
97	129
97	145
97	174
97	247
97	259
97	272
97	400
97	401
97	563
97	590
97	649
97	722
97	800
98	103
98	140
98	202
98	326
98	387
98	399
98	452
98	485
98	515
98	667
98	739
98	879
99	193
99	253
99	292
99	312
99	444
99	467
99	607
99	761
99	804
99	842
100	207
100	336
100	373
100	422
100	445
100	634
100	715
100	789
100	822
100	926
100	957
100	983
101	104
101	107
101	131
101	185
101	203
101	334
101	340
101	503
101	691
101	803
101	826
101	841
101	871
101	946
102	147
102	150
102	181
102	246
102	263
102	297
102	341
102	426
102	472
102	496
102	674
102	709
102	748
102	774
102	875
103	109
103	147
103	193
103	316
103	389
103	558
103	596
103	598
103	610
103	651
103	668
103	710
103	754
104	112
104	134
104	264
104	349
104	352
104	427
104	529
104	562
104	572
104	688
104	689
104	764
104	767
105	143
105	149
105	155
105	340
105	344
105	347
105	421
105	434
105	495
105	497
105	704
105	735
105	865
106	128
106	148
106	168
106	311
106	319
106	416
106	454
106	558
106	642
106	857
107	112
107	136
107	138
107	194
107	235
107	349
107	366
107	422
107	472
107	513
107	772
107	861
108	152
108	244
108	245
108	247
108	293
108	484
108	524
108	532
108	554
108	569
108	632
108	665
108	888
108	948
109	146
109	181
109	313
109	353
109	403
109	462
109	541
109	558
109	668
109	724
109	860
109	960
110	122
110	215
110	344
110	639
110	747
110	883
110	898
110	939
111	136
111	145
111	148
111	174
111	183
111	221
111	241
111	261
111	266
111	312
111	354
111	430
111	457
111	675
112	131
112	244
112	268
112	370
112	375
112	455
112	501
112	752
112	759
112	811
112	870
112	896
113	166
113	282
113	317
113	411
113	445
113	455
113	476
113	678
113	750
113	824
113	882
113	883
113	988
114	143
114	227
114	274
114	325
114	333
114	401
114	535
114	542
114	661
114	670
114	697
114	902
115	160
115	168
115	266
115	454
115	556
115	599
115	690
115	761
115	880
115	967
116	122
116	169
116	500
116	508
116	530
116	602
116	609
116	761
116	778
116	870
117	306
117	428
117	449
117	474
117	593
117	595
117	601
117	678
117	751
117	771
117	774
117	854
118	120
118	124
118	154
118	164
118	196
118	393
118	396
118	565
118	586
118	587
118	677
118	811
118	946
119	180
119	199
119	263
119	281
119	339
119	404
119	523
119	614
119	928
119	944
120	161
120	394
120	500
120	522
120	533
120	807
120	811
120	867
120	913
121	127
121	187
121	218
121	233
121	240
121	401
121	450
121	621
121	676
121	709
121	755
121	999
122	151
122	209
122	267
122	295
122	344
122	365
122	465
122	531
122	627
122	634
122	870
122	940
123	131
123	205
123	219
123	326
123	413
123	417
123	477
123	571
123	803
124	190
124	197
124	262
124	265
124	308
124	459
124	479
124	684
124	746
124	970
125	126
125	140
125	143
125	160
125	228
125	250
125	267
125	287
125	329
125	425
125	845
126	127
126	133
126	277
126	284
126	330
126	540
126	613
126	866
126	889
126	930
127	207
127	219
127	276
127	329
127	388
127	528
127	741
128	308
128	340
128	345
128	402
128	547
128	636
128	677
128	832
128	999
129	148
129	246
129	293
129	382
129	455
129	596
129	603
129	623
129	665
129	823
130	178
130	209
130	214
130	266
130	360
130	504
130	539
130	595
130	657
130	897
130	978
131	220
131	327
131	352
131	370
131	383
131	421
131	588
132	242
132	262
132	263
132	607
132	653
132	658
132	703
132	764
132	796
133	185
133	299
133	336
133	508
133	566
133	603
133	837
133	935
133	995
134	170
134	234
134	362
134	388
134	618
134	625
134	710
134	727
134	869
134	949
135	147
135	168
135	182
135	191
135	311
135	327
135	379
135	525
135	528
135	604
135	785
136	192
136	257
136	293
136	362
136	791
136	794
136	823
136	924
136	936
136	948
137	149
137	157
137	161
137	162
137	282
137	296
137	447
137	512
137	681
137	787
137	981
138	225
138	281
138	381
138	473
138	583
138	685
138	689
138	724
139	160
139	222
139	389
139	417
139	521
139	560
139	662
139	724
140	179
140	201
140	442
140	456
140	670
140	697
140	928
140	968
140	983
141	208
141	211
141	254
141	293
141	355
141	385
141	485
141	505
141	663
141	740
141	792
141	896
141	952
142	171
142	223
142	314
142	322
142	368
142	373
142	430
142	469
142	545
142	598
142	886
142	965
143	164
143	183
143	514
143	518
143	604
143	654
144	347
144	389
144	446
144	499
144	737
144	809
144	838
144	885
145	213
145	244
145	263
145	290
145	347
145	519
145	746
145	772
146	233
146	301
146	326
146	346
146	378
146	379
146	431
146	452
146	516
146	986
147	159
147	333
147	340
147	346
147	479
147	518
147	573
147	816
147	941
147	978
148	200
148	314
148	361
148	584
148	620
148	776
148	833
148	910
149	164
149	290
149	397
149	442
149	485
149	508
149	532
149	640
150	194
150	242
150	342
150	349
150	405
150	523
150	545
150	726
150	868
150	871
150	932
150	977
151	178
151	201
151	405
151	548
151	561
151	573
151	629
151	694
151	815
152	167
152	184
152	265
152	510
152	687
152	700
153	155
153	196
153	219
153	288
153	318
153	400
153	921
153	962
154	251
154	295
154	345
154	371
154	428
154	526
154	586
154	793
154	860
154	890
155	168
155	248
155	361
155	435
155	516
155	639
155	922
156	197
156	230
156	241
156	381
156	389
156	646
156	784
156	834
156	906
156	908
157	162
157	487
157	496
157	563
157	621
157	734
157	753
157	802
157	851
157	953
158	170
158	180
158	289
158	392
158	414
158	559
158	645
158	678
158	884
158	945
159	380
159	403
159	502
159	563
159	575
159	605
159	691
159	790
159	971
160	169
160	286
160	658
160	676
160	707
160	731
160	942
161	205
161	207
161	550
161	793
161	905
161	921
161	988
162	221
162	282
162	315
162	363
162	386
162	410
162	417
162	438
163	180
163	190
163	238
163	520
163	567
163	619
163	644
163	702
163	903
163	959
164	172
164	260
164	396
164	517
164	937
164	996
165	179
165	234
165	245
165	275
165	428
165	641
165	664
165	666
165	715
165	909
166	208
166	396
166	476
166	484
166	525
166	591
166	622
167	276
167	372
167	389
167	549
167	775
167	780
167	971
168	179
168	333
168	458
168	474
168	631
168	632
168	973
169	215
169	268
169	287
169	319
169	615
169	628
169	658
170	178
170	282
170	295
170	351
170	470
170	575
170	708
171	186
171	250
171	319
171	376
171	386
171	839
171	962
172	198
172	244
172	246
172	356
172	394
172	455
172	458
172	476
172	707
173	189
173	231
173	330
173	376
173	431
173	592
173	601
173	688
173	997
174	225
174	235
174	440
174	487
174	576
174	590
174	716
174	953
175	252
175	346
175	357
175	466
175	471
175	608
175	609
175	659
175	864
176	228
176	251
176	270
176	296
176	342
176	413
176	804
176	884
177	186
177	213
177	388
177	395
177	550
177	590
177	633
177	652
177	707
177	743
177	928
178	365
178	564
178	714
178	866
178	910
179	278
179	451
179	568
179	635
179	660
179	995
180	183
180	264
180	299
180	552
180	562
180	794
180	944
181	216
181	381
181	690
181	781
181	812
182	287
182	366
182	437
182	440
182	447
182	569
182	576
182	592
182	895
183	190
183	224
183	317
183	330
183	375
183	449
184	317
184	369
184	493
184	661
184	688
184	976
185	232
185	242
185	297
185	357
185	387
185	693
185	737
185	815
185	998
186	198
186	274
186	391
186	460
186	476
186	511
186	711
186	962
187	207
187	380
187	836
187	893
187	987
187	988
188	189
188	225
188	344
188	487
188	540
188	810
188	835
188	977
189	231
189	373
189	413
189	547
189	855
189	874
189	905
190	300
190	359
190	552
190	636
190	683
190	814
190	941
191	203
191	240
191	267
191	426
191	427
191	606
191	705
191	810
191	929
191	966
192	280
192	351
192	488
192	531
192	692
192	725
192	884
193	201
193	202
193	271
193	364
193	651
193	809
193	821
193	971
194	206
194	332
194	748
194	880
195	275
195	280
195	284
195	326
195	332
195	575
195	582
195	616
195	625
195	771
196	231
196	238
196	260
196	683
196	684
196	829
196	985
197	211
197	230
197	271
197	762
197	763
197	784
198	241
198	279
198	301
198	409
198	555
198	569
198	661
198	907
199	272
199	419
199	703
199	789
199	835
200	221
200	266
200	307
200	324
200	490
200	536
200	607
200	620
200	719
200	759
201	334
201	439
201	466
201	897
202	205
202	226
202	319
202	331
202	433
202	522
202	681
202	872
203	257
203	306
203	309
203	381
203	384
203	387
203	606
203	694
204	291
204	304
204	315
204	441
204	706
204	712
205	434
205	624
205	650
205	782
205	820
206	305
206	345
206	391
206	483
206	538
206	546
206	937
207	280
207	365
207	506
207	930
208	229
208	242
208	355
208	805
208	856
208	914
208	931
209	348
209	654
209	830
209	987
210	212
210	261
210	421
210	509
210	854
210	975
211	381
211	387
211	587
211	780
211	966
212	214
212	324
212	478
212	672
212	697
212	919
213	227
213	273
213	678
213	923
214	279
214	526
214	544
214	570
214	655
214	992
215	223
215	268
215	342
215	903
216	222
216	417
216	469
216	674
216	722
216	788
216	900
217	280
217	310
217	355
217	555
217	581
217	648
217	698
217	908
218	238
218	278
218	489
218	571
218	920
219	256
219	321
219	858
220	281
220	310
220	492
220	514
220	627
220	846
221	297
221	302
221	684
221	828
221	938
222	328
222	431
222	444
222	827
222	959
223	237
223	431
223	441
223	560
223	716
223	725
223	746
224	320
224	358
224	398
224	449
224	488
224	604
225	522
225	581
225	627
225	994
226	348
226	364
226	430
226	523
226	705
226	726
227	315
227	361
227	438
227	785
227	862
227	992
228	300
228	366
228	562
228	607
229	254
229	262
229	324
229	495
229	520
229	798
229	945
230	252
230	353
230	411
230	421
230	618
230	630
230	937
231	325
231	357
231	436
231	447
231	484
231	512
231	540
231	857
232	482
232	486
232	627
232	708
232	902
232	950
232	970
233	282
233	424
233	433
233	573
233	910
234	349
234	373
234	579
234	594
234	700
234	837
235	468
235	492
236	252
236	283
236	314
236	394
236	526
236	549
236	799
237	269
237	339
237	435
237	471
237	675
237	710
237	718
238	274
238	384
238	822
238	834
238	873
239	285
239	320
239	405
239	500
239	510
239	637
240	249
240	273
240	378
240	486
240	539
240	705
240	856
240	952
241	395
241	591
241	738
242	268
242	645
242	927
242	950
243	460
243	615
243	691
244	569
244	916
244	980
245	506
245	594
245	708
245	934
246	596
246	673
246	731
246	905
247	392
247	851
247	907
247	979
247	995
247	1000
248	294
248	629
248	657
249	328
249	344
249	488
249	489
249	520
249	567
249	929
249	947
250	283
250	348
250	425
250	532
250	533
250	812
250	859
251	563
251	644
251	679
251	736
251	868
251	994
252	322
252	358
252	471
252	507
252	797
253	402
253	462
253	990
254	598
254	613
254	619
254	663
254	798
254	806
254	978
254	991
255	286
255	306
255	503
255	750
255	752
255	804
256	410
256	460
256	534
256	550
256	552
257	361
257	537
257	630
257	769
257	817
258	268
258	303
258	349
258	407
258	576
258	687
258	808
258	867
259	302
259	612
259	636
259	823
259	824
259	836
259	881
260	267
260	345
260	396
260	414
260	441
260	989
261	356
261	557
261	773
261	871
261	917
262	306
262	427
262	654
262	693
262	764
262	859
263	492
263	607
263	699
263	955
263	997
264	386
264	656
264	668
264	759
264	948
265	319
265	404
265	538
265	582
266	287
266	634
267	456
267	588
267	843
267	915
267	962
268	330
268	656
268	717
269	297
269	302
269	637
269	682
269	736
270	374
270	426
270	567
270	597
270	625
270	729
270	756
271	327
271	334
271	337
271	542
271	895
272	371
272	551
272	723
272	881
272	882
273	328
273	568
273	602
273	662
273	781
273	883
274	290
274	540
274	709
274	793
275	489
275	491
275	727
275	756
275	871
276	278
276	383
276	395
276	397
277	331
277	375
277	537
277	615
277	635
277	641
278	289
278	431
278	845
279	285
279	412
279	608
279	707
279	752
279	823
280	299
280	494
280	945
281	356
281	386
281	523
281	553
281	734
282	452
282	585
282	622
283	307
283	531
283	642
283	674
283	785
283	850
284	554
284	673
284	778
284	999
285	448
286	345
286	461
286	558
286	571
286	653
286	688
287	420
287	511
287	869
287	993
288	292
288	406
288	481
288	534
288	913
288	944
289	351
289	750
289	840
289	980
290	392
290	437
290	585
290	742
290	974
291	318
291	340
291	489
292	301
292	351
292	416
292	574
292	954
293	348
294	499
294	714
294	840
295	420
295	634
295	723
296	386
296	516
296	523
296	627
296	797
297	420
297	637
297	879
298	369
298	421
298	475
298	595
298	694
298	953
299	311
299	601
299	603
299	783
300	340
300	557
300	677
301	482
301	611
301	776
302	530
302	604
302	722
303	322
303	505
303	726
303	892
304	480
304	527
304	772
305	544
305	772
305	831
305	918
306	417
306	737
306	792
306	947
307	423
307	434
307	516
308	313
308	374
308	396
308	936
308	943
309	387
309	491
309	705
309	911
310	350
310	555
310	638
310	683
311	421
311	453
311	541
311	610
312	565
312	887
313	390
313	590
313	686
313	807
313	880
314	417
314	762
314	864
315	448
315	887
316	346
316	405
316	513
316	609
316	630
316	749
317	518
317	768
317	951
318	362
318	419
318	546
318	605
319	486
320	364
320	436
320	608
320	715
320	741
321	337
321	617
321	878
322	412
322	572
322	681
322	830
323	549
323	580
323	600
323	920
324	375
324	794
325	331
325	712
325	935
325	942
326	389
326	525
326	579
326	640
327	641
327	761
327	928
327	942
328	485
328	495
328	539
328	794
328	998
329	788
329	919
329	934
330	797
330	973
331	393
331	408
331	419
331	426
331	729
332	464
332	707
332	719
332	943
333	527
333	717
333	732
334	657
334	924
335	566
335	739
335	894
336	641
336	653
336	776
337	350
337	477
337	639
337	784
338	391
338	403
338	515
338	878
338	960
339	493
339	654
339	663
339	667
339	969
339	970
340	465
340	542
341	437
341	448
341	616
341	825
341	860
342	399
342	514
343	482
343	651
343	676
343	680
343	830
344	712
345	414
345	475
345	559
346	364
346	462
346	769
347	532
347	790
347	899
347	912
348	499
348	638
349	566
349	983
350	360
350	491
350	800
351	619
351	720
351	830
351	907
351	926
352	612
352	660
352	699
352	955
353	407
353	491
353	521
353	621
354	376
354	493
354	580
354	777
355	505
355	506
356	429
356	738
356	828
356	878
357	379
357	768
357	974
358	493
358	675
358	765
358	773
359	584
359	614
359	832
359	890
360	452
360	564
361	408
361	669
361	916
361	969
362	450
362	985
363	505
363	886
364	407
364	545
364	842
365	460
365	845
366	542
366	615
366	752
366	849
367	377
367	497
367	743
367	824
367	845
368	438
368	490
368	533
368	633
368	944
369	494
369	498
369	551
369	965
370	478
370	662
371	459
371	582
371	739
372	414
372	466
372	473
372	495
372	686
372	829
373	664
374	502
374	767
375	492
375	949
376	751
376	855
377	422
377	749
377	898
378	775
378	813
378	838
379	398
379	460
379	943
380	436
380	480
380	598
380	959
380	986
381	760
382	512
382	672
382	816
382	835
383	813
383	950
384	460
384	529
384	987
385	420
385	551
385	663
385	891
386	529
387	925
388	647
388	839
389	463
390	459
390	716
390	880
391	394
391	766
392	443
392	623
392	669
392	730
393	528
393	801
394	465
394	787
394	819
395	412
395	562
395	879
396	479
396	686
396	777
397	511
397	701
397	853
397	858
398	409
398	624
398	973
399	567
399	620
399	632
399	818
399	842
400	474
400	594
400	864
401	444
401	704
401	711
402	557
402	804
403	408
403	416
403	845
403	860
404	492
404	504
404	539
404	950
404	991
405	529
405	660
405	846
406	407
406	423
406	502
406	579
407	781
407	865
407	891
408	599
408	727
408	989
408	996
409	412
409	429
409	481
409	981
410	550
410	674
410	844
410	854
411	585
411	806
411	862
413	540
413	547
413	695
414	465
414	891
415	518
415	555
415	693
415	865
416	778
416	843
417	910
418	611
418	785
418	786
419	600
419	965
420	508
420	963
421	630
422	615
422	624
423	434
423	520
423	687
424	433
424	644
424	698
424	850
425	464
425	516
425	629
425	915
426	529
427	654
427	655
427	927
429	623
429	823
429	861
429	977
430	578
430	579
432	478
432	584
432	762
432	994
433	486
433	668
434	456
434	967
435	453
435	783
435	815
435	862
436	754
436	826
436	961
437	509
437	589
437	710
437	975
438	496
438	696
438	731
438	749
438	948
440	525
440	548
440	672
441	492
441	710
442	501
442	562
442	860
442	918
442	967
443	560
443	758
443	810
444	548
444	728
445	621
445	757
445	890
445	945
446	623
446	730
446	878
446	895
447	806
449	497
450	476
450	552
450	628
450	653
451	546
451	729
452	917
453	546
453	556
453	785
454	478
454	558
454	841
455	584
457	562
457	593
457	651
457	672
457	736
458	521
458	730
459	640
459	768
460	695
461	535
461	625
461	680
462	480
462	675
463	675
463	958
464	806
464	908
464	941
465	859
466	475
466	522
466	635
466	733
467	534
468	536
468	543
468	770
468	829
469	480
469	488
469	528
469	602
469	885
470	610
470	711
470	801
471	849
472	515
472	545
472	746
472	821
473	797
473	904
473	980
473	991
474	612
474	684
475	777
475	865
475	896
476	649
476	893
477	826
477	854
478	539
478	664
479	685
479	798
479	964
480	650
480	748
480	803
481	550
482	519
482	589
482	594
483	533
483	703
483	836
484	570
484	601
484	652
485	572
485	623
486	539
486	737
486	984
487	722
488	798
489	837
490	517
490	545
490	636
492	874
493	671
494	852
494	885
495	520
496	564
496	602
497	597
497	639
497	899
498	590
498	616
498	812
498	897
499	559
499	563
499	626
499	672
500	739
500	743
500	814
501	587
501	660
502	732
503	795
504	616
504	855
505	606
505	914
506	667
506	680
507	661
508	555
508	556
509	636
509	873
509	876
509	925
510	511
510	665
510	773
511	993
512	874
513	571
513	701
513	1000
515	657
515	681
517	534
517	605
517	652
517	766
518	904
519	698
519	827
519	965
521	784
521	885
521	971
522	541
522	897
523	577
523	713
524	528
524	939
525	652
525	759
526	685
526	984
527	588
527	888
529	709
529	805
530	546
530	861
531	540
531	670
532	602
532	718
532	922
533	833
534	767
535	577
535	652
535	867
536	700
537	548
538	832
539	619
541	777
541	911
541	920
543	588
543	745
544	590
544	623
544	813
544	894
545	765
545	816
546	766
547	756
547	887
548	730
549	755
549	768
549	773
550	561
550	894
551	666
551	976
552	605
552	867
553	554
553	663
553	671
553	795
554	581
554	687
554	874
555	612
557	738
557	993
559	583
559	840
560	583
560	982
561	566
563	802
564	827
565	786
567	793
567	970
568	757
568	924
568	936
569	822
570	603
570	868
570	921
572	615
573	744
574	576
574	742
574	782
574	894
575	869
575	895
576	632
576	964
577	659
577	905
578	587
578	891
579	969
580	608
580	855
580	927
581	669
584	938
586	589
586	792
588	713
588	901
589	664
589	683
591	684
591	908
591	983
592	763
592	932
593	702
593	932
594	751
594	789
595	734
595	956
596	794
596	874
597	972
598	774
598	966
599	670
599	790
599	791
599	899
600	604
600	787
600	986
601	741
606	814
608	706
610	783
611	641
611	798
611	962
613	680
613	702
613	829
614	980
617	624
617	716
618	724
618	760
619	699
619	929
624	803
626	638
626	806
626	906
628	810
629	698
630	786
630	997
631	763
631	930
632	925
633	913
635	876
637	875
638	821
638	864
639	758
639	843
640	671
642	911
643	669
644	667
644	869
645	725
645	957
646	795
646	815
646	963
647	889
649	774
649	933
650	816
650	959
651	660
651	690
652	807
654	991
655	721
655	813
656	740
656	903
656	907
657	904
658	971
659	855
664	935
665	886
667	760
667	782
668	742
669	824
669	923
671	729
671	943
673	682
674	825
674	843
675	848
676	805
676	988
678	840
678	1000
679	750
679	796
681	720
682	831
685	799
689	728
689	804
690	809
690	842
690	879
691	718
691	820
693	818
693	952
695	711
696	834
696	839
696	872
696	963
697	997
700	938
702	952
702	968
703	787
704	877
704	982
706	775
706	820
708	779
708	841
712	959
712	982
713	923
714	863
714	963
715	960
717	728
718	986
721	817
721	861
724	822
725	869
726	897
726	978
729	975
732	828
732	977
733	906
733	939
735	778
735	853
736	849
739	807
741	963
742	844
743	936
744	788
744	976
745	912
752	984
753	759
754	825
755	840
755	847
757	779
760	995
762	771
763	802
769	921
773	901
776	1000
779	875
780	877
781	791
783	987
790	886
791	801
792	958
796	936
799	909
809	960
812	953
818	837
818	966
821	898
826	881
827	940
830	964
831	993
833	886
833	941
834	917
836	915
837	915
838	954
839	956
844	973
846	852
847	997
848	889
850	889
850	932
851	859
851	992
856	929
856	947
863	946
863	982
871	882
877	926
880	896
887	976
895	924
905	972
909	919
911	947
912	964
916	923
916	958
916	981
920	955
930	933
932	990
934	994
940	958
946	979
951	955
951	961
979	994
