1	2
1	9
1	15
1	20
1	26
1	31
1	33
1	46
1	65
1	71
1	92
1	143
1	144
1	149
1	162
1	196
1	218
1	226
1	233
1	234
1	248
1	250
1	261
1	263
1	297
1	335
1	351
1	370
1	386
1	514
1	532
1	560
1	637
1	646
1	659
1	723
1	725
1	747
1	765
1	811
1	832
1	836
1	840
1	853
1	867
1	868
1	890
1	902
1	916
1	994
2	4
2	6
2	18
2	33
2	35
2	36
2	50
2	57
2	81
2	93
2	95
2	97
2	103
2	117
2	120
2	127
2	141
2	163
2	171
2	186
2	189
2	211
2	212
2	215
2	239
2	252
2	255
2	337
2	375
2	412
2	437
2	450
2	451
2	488
2	532
2	564
2	583
2	592
2	675
2	701
2	711
2	779
2	807
2	882
2	892
2	957
2	968
3	25
3	30
3	34
3	35
3	37
3	44
3	45
3	60
3	62
3	76
3	79
3	94
3	101
3	118
3	125
3	129
3	133
3	155
3	174
3	206
3	221
3	222
3	256
3	258
3	291
3	323
3	340
3	347
3	352
3	399
3	405
3	432
3	449
3	465
3	510
3	512
3	547
3	590
3	614
3	666
3	688
3	721
3	735
3	753
3	854
3	867
3	901
4	6
4	12
4	18
4	47
4	55
4	57
4	61
4	64
4	83
4	84
4	86
4	113
4	114
4	126
4	127
4	133
4	148
4	234
4	241
4	260
4	264
4	274
4	290
4	295
4	299
4	301
4	321
4	384
4	407
4	428
4	452
4	532
4	545
4	546
4	549
4	683
4	715
4	731
4	797
4	826
4	888
4	932
4	933
4	940
4	966
5	6
5	9
5	25
5	35
5	37
5	51
5	54
5	59
5	65
5	70
5	73
5	88
5	91
5	106
5	115
5	144
5	161
5	165
5	179
5	180
5	239
5	260
5	290
5	319
5	391
5	408
5	459
5	470
5	483
5	488
5	519
5	534
5	558
5	567
5	643
5	692
5	730
5	757
5	793
5	831
5	848
5	886
5	904
5	937
5	971
6	18
6	32
6	35
6	41
6	44
6	49
6	50
6	64
6	77
6	87
6	103
6	104
6	141
6	153
6	159
6	178
6	194
6	195
6	222
6	229
6	236
6	237
6	317
6	474
6	493
6	551
6	589
6	592
6	594
6	619
6	627
6	647
6	658
6	698
6	701
6	711
6	743
6	770
6	784
6	803
6	952
6	964
7	22
7	30
7	41
7	42
7	58
7	62
7	67
7	70
7	80
7	89
7	100
7	105
7	114
7	124
7	130
7	139
7	154
7	165
7	183
7	198
7	200
7	203
7	220
7	225
7	228
7	231
7	251
7	277
7	310
7	332
7	336
7	347
7	355
7	356
7	367
7	427
7	492
7	533
7	535
7	751
7	755
7	771
7	772
7	808
7	945
8	18
8	26
8	28
8	40
8	45
8	52
8	57
8	58
8	79
8	99
8	115
8	118
8	133
8	136
8	140
8	181
8	182
8	192
8	202
8	221
8	268
8	269
8	284
8	347
8	378
8	397
8	419
8	421
8	426
8	486
8	525
8	537
8	555
8	556
8	590
8	614
8	651
8	677
8	724
8	746
8	829
8	839
8	944
8	960
9	15
9	31
9	35
9	51
9	59
9	76
9	80
9	92
9	115
9	137
9	143
9	187
9	199
9	219
9	250
9	257
9	275
9	306
9	312
9	323
9	335
9	354
9	370
9	392
9	399
9	410
9	412
9	476
9	483
9	491
9	568
9	575
9	576
9	597
9	601
9	691
9	725
9	786
9	794
9	929
9	978
10	14
10	29
10	41
10	58
10	61
10	81
10	111
10	119
10	123
10	150
10	167
10	183
10	185
10	224
10	238
10	267
10	274
10	302
10	314
10	322
10	344
10	373
10	388
10	390
10	401
10	424
10	455
10	500
10	520
10	524
10	539
10	557
10	610
10	637
10	652
10	655
10	657
10	693
10	756
10	761
10	796
10	996
11	13
11	20
11	26
11	29
11	31
11	36
11	46
11	55
11	59
11	69
11	82
11	90
11	99
11	117
11	122
11	186
11	218
11	227
11	235
11	253
11	263
11	281
11	294
11	309
11	348
11	420
11	430
11	436
11	453
11	467
11	482
11	528
11	542
11	571
11	725
11	742
11	747
11	817
11	915
11	926
11	1000
12	17
12	18
12	19
12	30
12	32
12	33
12	49
12	50
12	54
12	55
12	69
12	85
12	97
12	116
12	172
12	187
12	245
12	252
12	264
12	266
12	288
12	294
12	299
12	304
12	311
12	368
12	384
12	422
12	473
12	554
12	558
12	608
12	611
12	639
12	653
12	654
12	754
12	828
12	949
13	19
13	29
13	31
13	33
13	37
13	58
13	61
13	90
13	110
13	145
13	220
13	258
13	275
13	341
13	344
13	348
13	350
13	385
13	416
13	425
13	430
13	445
13	469
13	522
13	557
13	582
13	615
13	623
13	656
13	677
13	689
13	775
13	837
13	864
13	917
13	921
13	922
13	928
13	946
14	23
14	29
14	36
14	41
14	43
14	81
14	106
14	114
14	138
14	167
14	175
14	214
14	272
14	273
14	284
14	302
14	334
14	345
14	346
14	388
14	408
14	409
14	455
14	475
14	490
14	509
14	565
14	572
14	574
14	579
14	596
14	655
14	672
14	693
14	727
14	744
14	790
14	878
14	985
15	37
15	40
15	82
15	88
15	91
15	99
15	110
15	130
15	135
15	157
15	166
15	175
15	211
15	232
15	233
15	263
15	275
15	306
15	339
15	374
15	415
15	426
15	432
15	477
15	483
15	537
15	570
15	602
15	719
15	763
15	825
15	847
15	873
15	900
15	937
15	943
15	944
15	983
16	22
16	32
16	38
16	45
16	56
16	67
16	74
16	78
16	89
16	105
16	112
16	114
16	121
16	124
16	183
16	185
16	198
16	200
16	202
16	220
16	225
16	286
16	290
16	310
16	355
16	462
16	485
16	529
16	565
16	593
16	598
16	633
16	688
16	706
16	741
16	814
16	863
16	894
16	993
17	18
17	24
17	32
17	33
17	35
17	38
17	47
17	49
17	83
17	86
17	104
17	117
17	120
17	128
17	139
17	184
17	189
17	212
17	213
17	261
17	288
17	295
17	339
17	381
17	386
17	413
17	461
17	473
17	566
17	590
17	611
17	703
17	706
17	757
17	779
17	783
17	888
17	930
18	21
18	32
18	47
18	54
18	83
18	85
18	86
18	104
18	127
18	148
18	159
18	168
18	208
18	229
18	393
18	409
18	413
18	428
18	461
18	501
18	502
18	567
18	670
18	685
18	700
18	706
18	732
18	766
18	767
18	770
18	792
18	962
19	20
19	26
19	37
19	46
19	60
19	69
19	77
19	82
19	99
19	126
19	143
19	145
19	153
19	173
19	197
19	219
19	223
19	227
19	235
19	335
19	359
19	364
19	413
19	436
19	522
19	553
19	698
19	715
19	716
19	723
19	765
19	788
19	895
19	922
19	958
19	959
20	26
20	35
20	51
20	69
20	82
20	85
20	92
20	99
20	141
20	143
20	145
20	161
20	173
20	218
20	219
20	267
20	289
20	309
20	333
20	341
20	363
20	364
20	436
20	471
20	493
20	597
20	609
20	637
20	695
20	712
20	713
20	837
20	919
20	958
20	959
21	25
21	47
21	66
21	88
21	96
21	117
21	124
21	146
21	157
21	164
21	176
21	182
21	191
21	194
21	211
21	215
21	219
21	223
21	252
21	338
21	372
21	389
21	394
21	407
21	529
21	549
21	591
21	612
21	654
21	691
21	767
21	769
21	798
21	940
21	943
21	950
21	956
22	35
22	41
22	67
22	72
22	78
22	89
22	105
22	114
22	121
22	124
22	139
22	167
22	200
22	207
22	220
22	235
22	247
22	267
22	270
22	277
22	310
22	330
22	353
22	404
22	438
22	562
22	625
22	628
22	678
22	741
22	782
22	784
22	808
22	927
22	956
22	968
23	27
23	39
23	47
23	55
23	88
23	94
23	97
23	104
23	113
23	120
23	131
23	148
23	158
23	211
23	212
23	249
23	250
23	301
23	352
23	377
23	409
23	420
23	439
23	448
23	470
23	472
23	549
23	599
23	604
23	640
23	705
23	732
23	736
23	794
23	820
23	892
23	944
24	33
24	57
24	60
24	77
24	84
24	104
24	128
24	159
24	163
24	167
24	208
24	211
24	241
24	292
24	307
24	355
24	382
24	406
24	451
24	461
24	481
24	549
24	584
24	638
24	646
24	656
24	675
24	711
24	717
24	734
24	786
24	819
24	851
24	872
24	919
24	997
25	30
25	34
25	44
25	53
25	56
25	64
25	101
25	102
25	129
25	133
25	151
25	174
25	175
25	181
25	206
25	210
25	329
25	330
25	363
25	383
25	405
25	419
25	428
25	430
25	460
25	464
25	472
25	515
25	587
25	626
25	696
25	759
25	789
25	906
26	31
26	46
26	69
26	73
26	82
26	92
26	121
26	122
26	124
26	178
26	219
26	222
26	261
26	263
26	289
26	348
26	418
26	474
26	514
26	515
26	604
26	623
26	624
26	637
26	675
26	691
26	834
26	859
26	872
26	895
26	905
26	958
27	38
27	42
27	52
27	55
27	67
27	98
27	108
27	134
27	154
27	170
27	279
27	287
27	349
27	355
27	369
27	391
27	429
27	446
27	448
27	491
27	496
27	598
27	605
27	683
27	685
27	705
27	726
27	758
27	782
27	789
27	801
27	875
27	894
27	908
27	968
27	977
28	30
28	63
28	78
28	110
28	133
28	143
28	152
28	171
28	174
28	176
28	181
28	210
28	252
28	283
28	285
28	293
28	333
28	347
28	363
28	399
28	405
28	419
28	444
28	482
28	505
28	510
28	569
28	631
28	666
28	667
28	712
28	773
28	785
28	884
28	886
28	912
29	31
29	36
29	61
29	80
29	97
29	99
29	107
29	111
29	119
29	138
29	144
29	179
29	185
29	312
29	314
29	343
29	373
29	401
29	416
29	446
29	455
29	499
29	523
29	531
29	533
29	662
29	682
29	737
29	778
29	841
29	878
29	976
30	42
30	53
30	56
30	76
30	80
30	98
30	102
30	105
30	231
30	251
30	298
30	336
30	347
30	378
30	392
30	396
30	405
30	414
30	423
30	431
30	492
30	510
30	531
30	536
30	600
30	666
30	688
30	696
30	705
30	821
30	999
31	37
31	46
31	76
31	85
31	130
31	144
31	149
31	150
31	193
31	219
31	235
31	246
31	349
31	356
31	399
31	418
31	493
31	508
31	523
31	536
31	633
31	641
31	665
31	723
31	776
31	778
31	788
31	810
31	864
31	917
32	35
32	37
32	47
32	50
32	64
32	70
32	84
32	87
32	89
32	97
32	103
32	120
32	128
32	147
32	224
32	286
32	376
32	410
32	465
32	479
32	488
32	503
32	513
32	546
32	564
32	585
32	654
32	687
32	834
32	883
32	932
33	49
33	64
33	83
33	120
33	130
33	141
33	143
33	189
33	193
33	207
33	234
33	237
33	248
33	289
33	317
33	335
33	382
33	457
33	534
33	550
33	634
33	715
33	739
33	780
33	783
33	859
33	918
33	953
33	964
34	44
34	56
34	58
34	62
34	71
34	103
34	165
34	174
34	175
34	188
34	190
34	206
34	243
34	262
34	291
34	293
34	303
34	379
34	387
34	410
34	444
34	495
34	506
34	507
34	520
34	535
34	575
34	603
34	664
34	705
34	737
34	816
35	54
35	59
35	68
35	70
35	83
35	104
35	161
35	163
35	174
35	204
35	213
35	312
35	325
35	406
35	488
35	503
35	554
35	585
35	607
35	608
35	634
35	650
35	793
35	995
36	37
36	76
36	90
36	95
36	99
36	120
36	138
36	156
36	166
36	238
36	248
36	308
36	350
36	460
36	489
36	494
36	499
36	500
36	528
36	552
36	632
36	680
36	727
36	785
36	810
36	926
36	983
37	41
37	61
37	79
37	85
37	91
37	107
37	116
37	119
37	144
37	164
37	167
37	214
37	248
37	257
37	296
37	308
37	382
37	426
37	441
37	524
37	559
37	727
37	938
38	39
38	42
38	44
38	59
38	94
38	108
38	109
38	207
38	212
38	234
38	243
38	272
38	287
38	349
38	352
38	385
38	492
38	511
38	541
38	595
38	704
38	772
38	782
38	830
38	849
38	912
38	987
39	52
39	59
39	96
39	109
39	113
39	115
39	125
39	134
39	250
39	279
39	319
39	349
39	372
39	393
39	417
39	429
39	495
39	595
39	641
39	652
39	656
39	704
39	772
39	823
39	923
39	937
39	938
39	987
40	41
40	43
40	49
40	63
40	110
40	136
40	172
40	185
40	188
40	199
40	246
40	277
40	340
40	486
40	509
40	570
40	649
40	679
40	686
40	702
40	726
40	762
40	780
40	948
40	953
40	967
40	992
40	1000
41	123
41	136
41	138
41	156
41	164
41	273
41	284
41	346
41	388
41	408
41	418
41	420
41	425
41	434
41	466
41	500
41	539
41	674
41	695
41	763
41	822
41	965
42	45
42	52
42	53
42	70
42	80
42	83
42	98
42	101
42	102
42	105
42	165
42	170
42	198
42	214
42	385
42	462
42	504
42	565
42	583
42	641
42	845
42	860
42	876
42	908
42	945
43	45
43	56
43	63
43	182
43	185
43	217
43	235
43	265
43	284
43	334
43	388
43	390
43	397
43	442
43	497
43	555
43	652
43	679
43	687
43	697
43	724
43	862
43	914
43	951
43	965
43	990
43	992
44	56
44	58
44	62
44	68
44	71
44	100
44	125
44	138
44	175
44	262
44	304
44	316
44	383
44	397
44	432
44	447
44	460
44	506
44	575
44	638
44	773
44	848
44	985
44	992
45	53
45	74
45	78
45	89
45	98
45	101
45	105
45	108
45	184
45	198
45	201
45	231
45	267
45	285
45	328
45	329
45	390
45	427
45	482
45	509
45	529
45	586
45	827
45	963
46	77
46	159
46	173
46	211
46	234
46	246
46	281
46	308
46	341
46	436
46	522
46	542
46	550
46	609
46	613
46	787
46	813
46	843
46	895
46	902
46	905
46	922
46	972
46	982
47	66
47	87
47	94
47	121
47	126
47	134
47	148
47	191
47	239
47	315
47	352
47	417
47	452
47	458
47	501
47	532
47	653
47	736
47	760
47	937
47	939
47	993
48	58
48	108
48	125
48	146
48	165
48	176
48	371
48	389
48	393
48	400
48	404
48	409
48	434
48	440
48	453
48	468
48	483
48	526
48	538
48	624
48	668
48	678
48	754
48	819
48	920
48	968
48	982
48	988
49	66
49	77
49	103
49	153
49	158
49	159
49	187
49	195
49	237
49	311
49	321
49	358
49	375
49	422
49	476
49	676
49	703
49	789
49	791
49	813
49	829
49	964
50	64
50	86
50	117
50	148
50	159
50	177
50	187
50	203
50	244
50	312
50	351
50	354
50	386
50	422
50	428
50	546
50	654
50	694
50	819
50	824
50	829
50	883
50	919
51	68
51	70
51	89
51	115
51	126
51	161
51	178
51	180
51	188
51	204
51	221
51	246
51	249
51	275
51	283
51	300
51	303
51	339
51	568
51	608
51	629
51	691
51	797
51	886
52	67
52	94
52	96
52	108
52	132
52	203
52	225
52	279
52	336
52	429
52	433
52	439
52	443
52	454
52	526
52	553
52	598
52	648
52	908
52	966
52	969
52	977
52	982
53	78
53	101
53	102
53	152
53	198
53	228
53	287
53	298
53	329
53	344
53	351
53	353
53	376
53	396
53	431
53	510
53	512
53	636
53	713
53	737
53	761
53	825
53	903
54	88
54	173
54	178
54	211
54	213
54	244
54	255
54	259
54	300
54	325
54	338
54	446
54	502
54	503
54	521
54	567
54	639
54	793
54	800
54	921
54	932
54	957
55	63
55	88
55	96
55	104
55	146
55	163
55	202
55	203
55	252
55	266
55	309
55	468
55	490
55	616
55	684
55	694
55	730
55	933
55	957
55	961
55	991
56	68
56	124
56	125
56	131
56	151
56	155
56	174
56	175
56	206
56	280
56	291
56	300
56	339
56	360
56	415
56	432
56	571
56	910
56	925
56	963
57	95
57	134
57	164
57	211
57	264
57	266
57	274
57	290
57	417
57	437
57	456
57	458
57	481
57	530
57	577
57	640
57	642
57	650
57	681
57	840
57	850
57	899
58	62
58	78
58	155
58	190
58	220
58	231
58	251
58	298
58	330
58	332
58	336
58	472
58	625
58	716
58	752
58	805
58	835
58	871
58	887
59	65
59	115
59	131
59	186
59	207
59	249
59	250
59	282
59	346
59	349
59	369
59	392
59	409
59	641
59	699
59	823
59	830
59	845
59	978
60	79
60	106
60	110
60	129
60	130
60	133
60	210
60	216
60	285
60	331
60	333
60	348
60	421
60	432
60	460
60	506
60	587
60	651
60	708
60	753
60	865
60	880
61	76
61	81
61	82
61	119
61	179
61	193
61	248
61	281
61	297
61	320
61	336
61	418
61	420
61	430
61	475
61	515
61	536
61	606
61	669
61	775
62	68
62	71
62	100
62	129
62	157
62	160
62	174
62	175
62	206
62	387
62	472
62	507
62	511
62	588
62	621
62	724
62	732
62	755
62	891
62	923
63	75
63	79
63	93
63	106
63	110
63	129
63	135
63	153
63	157
63	210
63	269
63	278
63	291
63	330
63	447
63	449
63	537
63	623
63	652
63	795
63	941
64	83
64	117
64	120
64	141
64	286
64	312
64	362
64	378
64	466
64	488
64	501
64	514
64	521
64	554
64	645
64	739
64	924
64	947
64	952
65	71
65	92
65	155
65	161
65	229
65	246
65	260
65	294
65	306
65	368
65	373
65	463
65	485
65	540
65	597
65	606
65	621
65	659
65	689
65	744
65	780
65	833
66	116
66	117
66	148
66	163
66	209
66	215
66	230
66	321
66	338
66	372
66	380
66	465
66	527
66	577
66	602
66	607
66	608
66	619
66	699
66	911
66	991
67	89
67	98
67	112
67	134
67	139
67	177
67	201
67	306
67	367
67	414
67	528
67	562
67	563
67	599
67	690
67	761
67	857
67	894
67	955
68	81
68	93
68	100
68	104
68	162
68	214
68	296
68	298
68	318
68	323
68	325
68	331
68	387
68	527
68	547
68	582
68	838
68	984
69	77
69	82
69	173
69	219
69	227
69	281
69	297
69	309
69	389
69	448
69	462
69	467
69	522
69	718
69	723
69	774
69	859
69	946
70	76
70	93
70	115
70	187
70	288
70	320
70	377
70	398
70	477
70	494
70	552
70	584
70	689
70	744
70	822
70	896
70	931
71	91
71	142
71	190
71	199
71	206
71	259
71	333
71	354
71	460
71	478
71	527
71	550
71	581
71	631
71	719
71	873
71	885
71	963
72	85
72	96
72	111
72	112
72	124
72	146
72	191
72	199
72	315
72	353
72	393
72	394
72	407
72	454
72	465
72	538
72	630
72	642
72	648
72	668
72	740
72	936
73	77
73	93
73	107
73	140
73	149
73	335
73	361
73	368
73	380
73	445
73	485
73	559
73	563
73	578
73	589
73	597
73	602
73	700
73	815
73	975
74	86
74	105
74	112
74	114
74	219
74	234
74	270
74	332
74	384
74	440
74	443
74	484
74	573
74	593
74	645
74	713
74	790
74	801
74	875
74	920
75	93
75	100
75	107
75	136
75	142
75	145
75	157
75	178
75	180
75	268
75	304
75	310
75	356
75	552
75	612
75	626
75	649
75	672
75	708
75	862
75	896
76	85
76	100
76	142
76	155
76	232
76	356
76	361
76	426
76	508
76	527
76	540
76	663
76	748
76	788
76	873
77	99
77	234
77	288
77	289
77	297
77	341
77	370
77	473
77	501
77	578
77	698
77	731
77	807
77	826
78	114
78	121
78	152
78	189
78	200
78	201
78	220
78	267
78	330
78	333
78	363
78	438
78	449
78	477
78	793
79	110
79	118
79	130
79	133
79	135
79	206
79	287
79	301
79	326
79	447
79	464
79	506
79	570
79	614
79	746
79	802
80	81
80	95
80	123
80	149
80	348
80	416
80	424
80	447
80	471
80	480
80	489
80	520
80	605
80	731
80	787
80	837
81	94
81	138
81	224
81	272
81	282
81	327
81	399
81	411
81	424
81	508
81	574
81	579
81	615
81	632
81	740
82	90
82	122
82	173
82	181
82	193
82	268
82	281
82	305
82	359
82	373
82	430
82	536
82	902
82	959
83	120
83	159
83	194
83	229
83	312
83	366
83	386
83	463
83	668
83	811
83	826
83	888
83	949
83	952
84	88
84	120
84	244
84	245
84	254
84	266
84	278
84	299
84	321
84	428
84	569
84	822
84	829
84	840
84	952
84	965
84	988
84	995
85	87
85	92
85	97
85	260
85	261
85	275
85	324
85	341
85	411
85	622
85	643
85	674
85	680
85	762
86	104
86	108
86	126
86	156
86	184
86	245
86	250
86	253
86	266
86	292
86	371
86	561
86	616
86	699
86	820
86	939
87	128
87	148
87	163
87	170
87	215
87	226
87	241
87	526
87	538
87	702
87	798
87	814
87	932
87	935
87	942
87	961
88	98
88	116
88	168
88	194
88	208
88	321
88	465
88	650
88	705
88	740
88	764
88	824
88	933
89	105
89	121
89	200
89	277
89	310
89	422
89	438
89	573
89	628
89	671
89	788
89	955
89	956
90	99
90	149
90	179
90	205
90	231
90	305
90	348
90	364
90	523
90	610
90	662
90	729
90	864
90	883
90	976
90	996
91	107
91	132
91	151
91	200
91	226
91	331
91	483
91	495
91	550
91	552
91	558
91	581
91	748
91	800
91	861
91	995
92	129
92	186
92	197
92	226
92	331
92	623
92	624
92	739
92	765
92	786
92	812
92	832
92	834
92	919
93	110
93	175
93	192
93	233
93	248
93	278
93	415
93	475
93	559
93	562
93	568
93	990
93	998
94	131
94	132
94	212
94	292
94	385
94	467
94	538
94	541
94	551
94	594
94	875
94	879
94	974
95	103
95	123
95	150
95	156
95	166
95	305
95	344
95	352
95	416
95	500
95	587
95	689
95	778
95	926
95	928
96	131
96	176
96	177
96	202
96	239
96	276
96	362
96	365
96	424
96	545
96	548
96	704
96	830
96	912
97	132
97	134
97	148
97	163
97	202
97	301
97	311
97	345
97	362
97	456
97	757
97	844
97	957
98	169
98	244
98	355
98	367
98	512
98	573
98	593
98	721
98	758
98	782
98	864
98	869
98	876
99	143
99	359
99	386
99	454
99	622
99	646
99	665
99	837
99	928
99	950
100	107
100	136
100	155
100	174
100	188
100	283
100	339
100	435
100	506
100	728
100	828
100	909
101	106
101	256
101	330
101	363
101	396
101	431
101	517
101	588
101	661
101	735
101	771
101	773
101	843
102	110
102	161
102	183
102	287
102	291
102	378
102	431
102	482
102	633
102	773
102	812
102	817
102	903
102	991
103	117
103	127
103	204
103	337
103	381
103	422
103	423
103	428
103	532
103	566
103	706
103	797
104	132
104	154
104	171
104	195
104	204
104	585
104	675
104	745
104	897
105	114
105	139
105	183
105	184
105	383
105	414
105	667
105	728
105	901
105	977
106	118
106	136
106	140
106	160
106	181
106	258
106	269
106	402
106	443
106	708
106	712
106	910
106	963
107	113
107	230
107	361
107	435
107	491
107	558
107	581
107	786
107	792
107	868
107	896
107	988
108	112
108	121
108	170
108	177
108	231
108	247
108	248
108	259
108	524
108	738
108	925
108	989
109	135
109	228
109	240
109	253
109	282
109	327
109	331
109	476
109	602
109	621
109	683
109	711
109	815
109	830
109	984
110	218
110	269
110	596
110	651
110	733
110	762
110	898
110	906
111	150
111	156
111	238
111	327
111	345
111	388
111	416
111	453
111	524
111	557
111	572
111	632
111	731
111	855
112	123
112	245
112	279
112	335
112	389
112	431
112	479
112	624
112	671
112	927
112	974
112	989
113	131
113	147
113	200
113	262
113	280
113	282
113	403
113	476
113	504
113	657
113	925
113	926
113	985
114	165
114	171
114	251
114	310
114	366
114	438
114	579
114	628
114	658
115	121
115	249
115	398
115	457
115	487
115	543
115	563
115	710
115	730
115	881
116	125
116	126
116	146
116	163
116	170
116	209
116	241
116	301
116	321
116	548
116	684
116	764
116	996
117	213
117	254
117	264
117	274
117	362
117	496
117	717
117	811
117	914
118	129
118	133
118	135
118	192
118	233
118	255
118	269
118	326
118	419
118	486
118	625
118	781
119	302
119	308
119	314
119	322
119	425
119	430
119	439
119	509
119	657
119	712
119	775
119	890
120	153
120	501
120	517
120	542
120	754
120	776
120	866
121	154
121	183
121	191
121	203
121	394
121	407
121	750
121	966
122	143
122	150
122	173
122	179
122	191
122	234
122	251
122	305
122	425
122	478
122	530
122	586
122	839
123	242
123	265
123	396
123	497
123	524
123	544
123	556
123	574
123	653
123	695
123	729
124	239
124	276
124	325
124	330
124	417
124	479
124	583
124	738
125	147
125	151
125	262
125	446
125	447
125	603
125	644
125	862
125	884
126	131
126	250
126	318
126	369
126	456
126	759
126	881
126	888
126	954
127	158
127	164
127	194
127	204
127	304
127	485
127	584
127	706
127	811
127	834
127	989
128	184
128	204
128	246
128	290
128	342
128	381
128	417
128	503
128	555
128	619
128	898
129	174
129	217
129	298
129	547
129	668
129	871
129	923
129	980
130	140
130	157
130	192
130	242
130	285
130	365
130	464
130	809
130	998
131	207
131	253
131	279
131	282
131	309
131	545
131	857
131	911
132	252
132	264
132	409
132	481
132	496
132	616
132	714
132	829
132	877
132	932
133	175
133	205
133	437
133	666
133	734
133	944
133	980
134	147
134	225
134	249
134	353
134	429
134	529
134	635
134	650
134	821
135	205
135	283
135	346
135	419
135	464
135	513
135	535
135	568
135	573
135	825
136	138
136	273
136	374
136	463
136	469
136	657
136	660
136	667
136	806
137	138
137	151
137	182
137	205
137	271
137	318
137	387
137	403
137	494
137	601
137	614
137	626
137	704
137	710
138	164
138	272
138	682
138	693
138	776
138	795
138	889
139	171
139	201
139	220
139	313
139	396
139	399
139	585
139	651
139	690
139	749
140	160
140	162
140	182
140	205
140	221
140	804
140	873
140	893
140	931
140	970
141	186
141	194
141	242
141	261
141	281
141	304
141	305
141	317
141	381
142	259
142	260
142	313
142	374
142	391
142	578
142	629
142	689
142	700
142	748
142	802
143	186
143	218
143	361
143	522
143	718
143	778
144	164
144	320
144	433
144	508
144	520
144	540
144	568
144	730
144	967
145	227
145	253
145	276
145	309
145	364
145	493
145	530
145	725
145	859
145	917
146	196
146	224
146	307
146	439
146	653
146	681
146	717
146	844
146	889
147	241
147	279
147	545
147	584
147	595
147	618
147	630
147	640
147	699
147	792
148	159
148	168
148	237
148	380
148	499
148	777
149	213
149	370
149	411
149	441
149	475
149	480
149	500
149	617
149	976
150	195
150	293
150	305
150	469
150	509
150	572
150	674
150	729
150	738
151	206
151	306
151	333
151	415
151	495
151	629
151	692
151	877
151	983
152	171
152	269
152	363
152	402
152	425
152	482
152	631
152	696
152	713
152	842
152	973
153	311
153	337
153	362
153	487
153	502
153	592
153	594
153	866
153	997
154	201
154	293
154	504
154	562
154	583
154	593
154	616
154	750
154	892
154	993
155	325
155	393
155	476
155	686
155	870
155	890
155	941
155	990
156	238
156	265
156	302
156	328
156	388
156	395
156	478
156	727
157	168
157	327
157	346
157	426
157	733
157	880
157	915
158	222
158	239
158	307
158	337
158	504
158	564
158	642
158	813
158	897
158	950
159	229
159	311
159	337
159	548
159	863
160	188
160	216
160	221
160	419
160	507
160	512
160	519
160	575
160	781
160	838
161	204
161	207
161	374
161	463
161	849
161	861
161	978
162	173
162	219
162	297
162	342
162	445
162	493
162	522
162	786
162	812
162	893
163	202
163	254
163	607
163	639
163	869
164	166
164	265
164	433
164	455
164	680
164	745
165	355
165	371
165	391
165	400
165	446
165	541
165	612
166	224
166	226
166	294
166	344
166	368
166	453
166	715
166	890
166	922
167	214
167	390
167	420
167	430
167	539
167	606
167	655
167	708
168	243
168	292
168	549
168	813
168	899
168	912
168	934
168	956
168	989
169	172
169	180
169	199
169	221
169	248
169	320
169	398
169	452
169	552
169	800
169	848
169	886
170	215
170	276
170	446
170	482
170	529
170	645
170	671
170	993
171	177
171	285
171	347
171	391
171	423
171	945
171	973
172	226
172	331
172	408
172	534
172	580
172	643
172	664
172	672
172	951
172	990
173	186
173	227
173	309
173	338
173	755
174	190
174	360
174	561
174	874
175	271
175	324
175	383
175	419
176	223
176	276
176	303
176	389
176	668
176	681
176	769
176	808
177	412
177	479
177	634
177	640
177	722
177	954
177	999
178	233
178	237
178	502
178	548
178	643
178	676
178	754
179	193
179	373
179	411
179	478
179	714
179	791
179	878
180	392
180	457
180	519
180	691
180	730
180	741
180	868
180	971
181	295
181	513
181	531
181	575
181	626
181	660
181	953
182	272
182	273
182	340
182	458
182	555
182	594
182	796
183	195
183	201
183	228
183	231
183	258
183	854
184	237
184	364
184	377
184	450
184	521
184	607
184	676
185	278
185	361
185	408
185	649
185	682
185	692
185	873
186	309
186	618
186	646
186	826
186	959
187	356
187	488
187	567
187	743
187	834
187	882
187	910
188	190
188	206
188	492
188	921
188	931
188	944
188	978
189	202
189	264
189	292
189	317
189	639
189	670
189	767
189	940
190	261
190	262
190	339
190	360
190	373
190	486
190	712
191	313
191	600
191	722
191	790
191	801
191	865
191	993
192	210
192	217
192	324
192	326
192	432
192	449
192	614
192	891
193	305
193	372
193	478
193	499
193	674
193	680
193	996
194	196
194	251
194	720
194	883
194	962
194	969
195	413
195	418
195	459
195	560
195	594
195	608
195	924
196	229
196	290
196	342
196	532
196	670
196	725
196	778
196	843
196	995
197	230
197	263
197	289
197	351
197	408
197	441
197	509
197	518
197	610
197	665
198	249
198	330
198	347
198	402
198	562
198	810
198	842
199	205
199	434
199	442
199	497
199	589
199	691
199	827
200	270
200	277
200	565
200	573
200	678
201	310
201	462
201	630
201	713
201	737
201	989
202	212
202	244
202	255
202	301
202	553
203	400
203	541
203	591
203	598
203	604
203	909
203	936
204	377
204	462
204	496
204	614
204	793
205	346
205	378
205	498
205	670
205	686
205	709
206	608
206	771
207	459
207	629
207	759
207	828
207	830
208	212
208	338
208	393
208	394
208	456
208	604
208	824
208	950
209	266
209	310
209	313
209	317
209	380
209	412
209	653
209	686
209	767
210	245
210	397
210	587
210	681
210	891
210	951
211	288
211	551
211	616
212	269
212	707
212	720
212	940
213	286
213	300
213	325
213	410
213	503
213	619
214	319
214	361
214	383
214	861
214	878
214	938
215	270
215	376
215	648
215	675
215	740
215	879
216	236
216	273
216	505
216	507
216	518
216	697
216	702
216	942
216	953
217	221
217	284
217	378
217	397
217	537
217	779
217	898
217	980
218	227
218	263
218	427
218	610
218	714
218	902
219	669
219	905
220	357
220	377
220	750
220	972
221	242
221	283
221	525
221	946
222	233
222	244
222	263
222	694
222	803
222	872
222	893
223	241
223	371
223	397
223	437
223	545
223	790
223	836
223	961
224	302
224	345
224	424
224	533
224	544
224	615
225	239
225	385
225	394
225	472
225	586
225	601
225	671
226	298
226	375
226	601
226	662
226	938
227	359
227	457
227	542
227	946
227	952
228	277
228	347
228	396
228	428
228	547
228	667
228	863
229	451
229	611
229	703
229	739
229	822
230	233
230	260
230	325
230	354
230	370
230	519
230	904
230	979
231	247
231	353
231	869
231	941
232	257
232	283
232	354
232	435
232	470
232	511
232	748
232	805
232	881
233	467
233	582
233	644
233	955
234	295
234	436
234	694
235	335
235	386
235	623
235	669
235	810
235	893
236	284
236	486
236	603
236	763
236	804
236	840
236	847
236	922
236	960
237	317
237	375
237	401
237	560
237	670
238	544
238	664
238	695
238	717
238	785
238	941
238	986
239	292
239	358
239	484
239	724
240	273
240	282
240	323
240	374
240	602
240	805
240	831
240	857
240	885
240	951
241	264
241	268
241	353
241	389
241	642
242	327
242	390
242	524
242	537
242	787
242	903
242	976
243	253
243	349
243	429
243	460
243	481
243	707
243	785
243	809
244	286
244	358
244	456
244	502
244	577
245	452
245	673
245	789
245	852
245	936
246	324
246	435
246	714
246	849
247	369
247	479
247	484
247	645
247	790
247	816
247	972
248	502
248	560
249	253
249	602
249	644
249	704
250	296
250	707
250	947
251	298
251	363
251	423
251	761
252	448
252	764
252	836
252	957
253	282
253	752
253	900
254	295
254	398
254	473
254	553
254	850
254	916
254	924
255	280
255	294
255	295
255	564
255	584
255	803
256	402
256	423
256	658
256	844
256	854
256	860
256	959
256	973
257	261
257	494
257	559
257	578
257	660
257	679
257	872
258	277
258	367
258	414
258	673
258	765
258	809
259	461
259	581
259	752
259	806
259	815
259	960
260	403
260	487
260	493
260	620
261	294
261	436
261	692
262	360
262	698
262	728
262	752
262	923
263	412
263	523
263	662
264	299
264	326
264	496
265	308
265	328
265	579
265	586
265	695
265	870
266	650
266	736
266	760
266	852
267	332
267	625
267	685
267	814
267	865
268	587
268	631
268	693
268	697
268	709
268	948
269	365
269	518
269	570
270	313
270	332
270	337
270	361
270	372
270	384
271	272
271	273
271	298
271	309
271	326
271	556
271	733
271	967
272	322
272	346
272	646
272	697
273	334
273	366
273	652
274	286
274	304
274	384
274	684
274	842
274	974
275	324
275	356
275	627
275	749
275	870
276	437
276	452
276	604
276	612
276	986
277	396
277	486
277	705
278	326
278	434
278	442
278	498
278	580
278	871
279	387
279	437
279	443
279	593
280	403
280	444
280	683
280	710
280	768
280	861
280	990
281	335
281	474
281	893
281	970
282	533
282	599
282	985
283	405
283	530
283	708
283	802
284	390
284	580
284	592
284	856
285	346
285	402
285	658
285	735
285	871
286	408
286	514
286	807
286	930
287	391
287	444
287	561
287	758
287	801
288	410
288	438
288	450
288	487
288	973
289	323
289	416
289	528
289	609
290	299
290	468
290	684
291	398
291	534
291	621
291	728
292	360
292	548
292	549
293	360
293	379
293	432
293	758
293	939
294	541
294	747
294	958
295	437
295	451
295	585
296	300
296	306
296	435
296	515
296	597
296	665
297	375
297	543
297	700
297	895
298	512
299	461
299	589
299	777
299	877
300	319
300	367
300	709
300	719
301	536
301	591
301	640
302	343
302	654
302	682
302	689
303	356
303	470
303	519
303	660
303	800
303	885
304	546
304	627
304	754
305	669
305	776
306	324
306	354
306	672
307	351
307	380
307	458
307	807
307	851
307	997
308	540
308	543
308	806
308	994
310	667
311	551
311	566
311	727
311	897
312	461
312	567
312	669
313	367
313	400
313	439
313	876
314	434
314	476
314	547
314	578
314	769
314	862
315	357
315	369
315	465
315	769
315	911
315	913
315	954
316	472
316	495
316	661
316	696
316	816
316	838
316	842
316	848
317	379
317	553
317	995
318	410
318	508
318	643
318	672
318	710
318	883
319	574
319	620
319	677
319	688
319	704
320	340
320	563
320	846
320	884
320	978
321	766
321	824
321	909
322	334
322	350
322	489
322	795
322	796
322	987
323	463
323	511
323	723
323	861
324	374
324	762
324	916
325	463
325	513
326	746
326	918
326	965
327	395
327	516
327	651
327	929
328	344
328	365
328	497
328	622
328	656
328	756
329	431
329	510
329	571
329	588
329	596
329	973
330	490
331	491
331	709
331	857
332	336
332	404
332	500
332	673
333	718
333	755
333	867
334	338
334	580
334	756
334	795
334	929
335	381
336	357
336	635
336	979
337	441
337	589
337	866
338	372
338	538
338	594
339	356
339	372
339	588
340	344
340	492
340	556
340	615
340	938
341	445
341	528
341	623
341	843
342	439
342	459
342	566
342	676
342	743
342	889
343	344
343	401
343	425
343	434
343	442
343	763
343	908
344	853
345	555
345	672
345	741
345	866
345	992
346	516
347	874
348	364
348	609
348	768
349	492
349	799
349	925
350	441
350	469
350	499
350	557
350	591
350	731
351	674
351	700
351	701
351	797
352	683
352	707
352	879
352	987
353	394
353	583
353	927
354	433
354	457
354	603
355	523
355	821
357	454
357	547
357	658
357	867
357	901
358	451
358	618
358	684
358	720
358	939
359	497
359	530
359	928
359	994
360	561
360	911
361	983
362	487
362	526
362	921
363	970
364	509
364	837
365	580
365	638
365	666
365	747
366	398
366	605
366	733
366	776
366	1000
367	438
367	869
368	508
368	550
368	605
368	718
369	403
369	734
369	849
370	470
370	515
370	807
371	685
371	716
371	774
371	971
372	641
373	420
373	680
374	649
374	899
375	386
375	648
375	818
376	389
376	450
376	701
376	721
376	831
377	647
377	710
377	770
378	590
378	773
379	398
379	535
379	567
379	696
379	799
380	777
380	911
380	934
381	803
381	882
381	997
382	663
382	698
382	833
382	836
382	949
383	548
383	559
383	753
384	481
384	526
384	860
385	451
385	772
385	833
386	815
387	540
387	576
387	649
388	659
388	855
389	966
390	554
390	632
391	709
391	738
392	527
392	543
392	768
392	914
393	720
393	739
394	404
394	468
395	528
395	539
395	557
395	595
395	615
395	625
396	631
397	805
397	905
398	506
399	590
399	910
400	445
400	630
400	738
400	774
401	420
401	598
401	610
401	655
402	538
402	571
402	842
403	550
403	643
403	794
404	423
404	438
404	441
404	875
405	462
405	469
405	636
406	414
406	517
406	548
406	606
406	852
406	877
407	440
407	448
407	526
407	967
408	613
409	484
409	716
410	521
410	649
411	499
411	543
411	572
411	997
412	465
412	467
412	914
413	560
413	627
413	757
413	930
414	636
414	690
414	924
415	518
415	540
415	561
415	796
416	663
416	729
417	690
417	732
417	936
418	469
418	618
418	787
419	537
420	656
421	507
421	537
421	600
421	663
421	781
421	913
422	564
422	744
422	820
423	444
423	980
424	442
424	453
424	620
425	682
425	715
426	654
426	846
426	981
427	471
427	573
427	771
427	858
427	927
428	917
429	479
429	485
429	681
430	656
431	531
431	999
432	560
433	470
433	500
433	629
433	962
434	505
434	533
435	669
435	745
435	759
436	887
436	919
437	647
438	688
439	844
440	468
440	680
440	961
440	966
441	818
442	796
442	874
443	604
443	760
443	977
444	447
444	984
445	542
445	956
446	879
447	999
448	451
448	505
449	457
449	785
449	915
450	592
450	824
450	851
452	856
452	954
453	471
453	996
454	722
454	908
454	943
455	480
455	617
455	619
456	801
456	828
457	491
458	521
458	783
458	988
459	577
459	647
459	719
460	651
461	833
462	821
463	576
464	477
464	525
464	970
466	499
466	572
466	578
466	662
466	756
467	698
467	811
468	736
468	977
469	480
470	820
471	514
471	523
471	714
472	761
473	474
473	703
473	706
474	534
474	582
474	585
475	650
475	663
475	976
476	545
477	735
477	748
477	749
478	539
478	617
479	551
480	605
480	859
480	896
481	553
481	934
482	771
483	556
483	846
484	616
484	635
484	821
485	707
485	820
486	569
487	543
487	768
488	819
489	531
489	674
489	974
489	992
490	599
490	630
490	668
490	924
491	665
491	810
492	561
493	514
494	601
494	708
494	752
495	884
495	887
496	851
496	888
497	787
497	906
498	518
498	640
498	652
498	880
498	929
501	676
501	694
502	856
503	736
503	950
504	760
504	794
504	808
505	626
505	746
505	918
506	961
507	621
507	852
508	572
510	516
510	809
511	617
511	870
511	985
512	559
512	799
513	525
513	854
513	898
514	791
515	622
515	692
516	544
516	610
516	929
516	953
517	560
517	637
517	703
517	791
518	535
518	898
519	904
519	975
520	524
520	528
520	569
521	592
521	876
522	904
523	841
525	694
525	816
525	849
526	538
527	611
527	853
529	800
529	942
530	618
530	841
531	588
531	804
532	589
533	552
533	558
534	552
534	719
535	644
535	998
536	775
536	878
539	693
539	756
540	886
541	798
541	968
542	788
542	928
543	580
544	702
544	855
544	948
545	699
546	609
546	791
546	832
547	569
549	662
550	907
551	647
551	766
553	828
554	825
554	852
554	947
555	702
555	795
556	606
556	984
557	605
557	770
558	817
558	853
559	945
561	817
562	858
562	869
563	628
563	644
564	882
565	636
565	733
566	678
566	783
568	677
569	854
570	827
570	841
571	588
571	784
574	835
574	885
575	735
576	611
576	850
576	887
577	746
577	920
579	632
579	657
581	722
581	980
582	677
582	902
583	982
584	850
586	633
586	751
587	687
590	835
591	675
591	899
593	909
595	699
595	808
596	891
596	894
596	960
597	983
598	673
599	635
599	720
600	679
600	816
600	847
601	686
603	825
603	826
606	695
607	845
607	935
609	665
611	866
612	823
612	892
613	714
613	839
613	896
613	979
615	655
617	620
617	845
618	765
619	900
620	868
620	948
621	862
622	676
622	851
624	645
624	653
625	910
626	766
627	659
627	969
628	798
628	972
629	931
630	943
631	804
632	847
633	716
633	935
634	770
634	877
634	901
635	792
635	882
636	661
636	750
637	964
638	679
638	965
638	1000
639	777
639	991
641	721
642	648
642	774
644	998
645	740
646	930
647	848
648	876
655	947
657	697
658	999
659	711
659	969
660	890
660	975
661	867
661	891
661	934
663	715
664	745
664	758
664	979
666	986
667	871
670	743
671	972
671	994
673	753
673	909
677	880
678	722
678	774
679	709
681	943
682	742
683	857
684	707
685	751
685	939
686	918
687	702
687	960
687	1000
688	860
690	865
690	935
692	904
693	855
696	818
697	814
700	749
701	783
701	864
703	803
710	711
712	724
713	835
716	912
717	899
717	974
718	812
721	798
726	839
726	918
726	986
728	884
729	930
732	856
734	823
734	962
737	838
741	863
742	762
742	841
742	926
743	969
744	916
745	921
747	946
749	827
750	955
751	865
751	885
753	915
755	784
757	779
759	768
760	934
763	897
764	777
764	958
766	794
767	905
769	942
772	781
775	927
779	819
780	812
780	981
781	847
782	945
784	894
789	875
792	920
797	840
799	858
799	903
802	860
802	951
804	920
805	806
806	868
809	949
813	832
814	836
815	845
817	931
818	881
818	916
822	975
823	949
827	971
831	839
831	998
832	936
833	858
835	874
838	963
843	981
844	913
846	954
846	979
850	856
853	900
855	870
858	874
863	942
872	994
879	887
880	982
881	940
889	935
889	962
892	895
897	913
900	937
901	970
903	955
906	915
906	948
907	964
907	967
907	971
907	981
913	987
914	988
917	981
923	984
925	933
933	975
941	986
947	991
