1	3
1	15
1	32
1	44
1	47
1	65
1	74
1	82
1	97
1	112
1	140
1	141
1	146
1	153
1	167
1	176
1	201
1	202
1	204
1	220
1	221
1	230
1	235
1	271
1	274
1	341
1	392
1	401
1	407
1	415
1	526
1	541
1	563
1	567
1	592
1	623
1	630
1	667
1	739
1	811
1	817
1	819
1	837
1	848
1	856
1	893
1	910
1	914
1	922
1	999
2	7
2	9
2	13
2	15
2	18
2	21
2	26
2	27
2	31
2	39
2	47
2	67
2	76
2	78
2	83
2	87
2	89
2	116
2	134
2	140
2	147
2	164
2	171
2	175
2	179
2	190
2	191
2	231
2	329
2	360
2	373
2	423
2	448
2	471
2	548
2	575
2	609
2	690
2	700
2	732
2	754
2	755
2	814
2	864
2	909
2	950
2	967
2	974
3	10
3	11
3	15
3	19
3	55
3	58
3	62
3	65
3	66
3	73
3	76
3	81
3	86
3	95
3	128
3	139
3	141
3	150
3	187
3	209
3	215
3	273
3	280
3	296
3	299
3	306
3	309
3	310
3	318
3	344
3	389
3	403
3	436
3	481
3	482
3	539
3	649
3	653
3	671
3	707
3	752
3	802
3	843
3	862
3	903
3	934
4	14
4	16
4	19
4	23
4	27
4	36
4	41
4	43
4	44
4	78
4	98
4	105
4	118
4	123
4	140
4	161
4	182
4	190
4	206
4	216
4	221
4	267
4	276
4	290
4	347
4	391
4	411
4	425
4	428
4	452
4	468
4	512
4	516
4	599
4	636
4	640
4	691
4	715
4	767
4	784
4	813
4	886
4	888
4	919
4	955
4	982
5	10
5	13
5	27
5	40
5	52
5	54
5	55
5	57
5	63
5	68
5	72
5	77
5	125
5	126
5	146
5	170
5	176
5	182
5	204
5	210
5	238
5	243
5	258
5	289
5	334
5	344
5	348
5	379
5	407
5	413
5	418
5	436
5	453
5	468
5	540
5	547
5	641
5	677
5	698
5	866
5	869
5	894
5	928
5	948
5	983
6	18
6	27
6	28
6	39
6	43
6	47
6	70
6	74
6	78
6	88
6	115
6	136
6	148
6	188
6	195
6	218
6	251
6	257
6	260
6	293
6	307
6	331
6	387
6	446
6	456
6	457
6	469
6	496
6	498
6	503
6	558
6	586
6	588
6	640
6	699
6	793
6	809
6	827
6	853
6	870
6	896
6	897
6	902
6	918
6	956
7	9
7	18
7	22
7	30
7	46
7	59
7	78
7	127
7	147
7	152
7	171
7	175
7	179
7	190
7	196
7	205
7	213
7	215
7	233
7	244
7	249
7	262
7	272
7	275
7	282
7	296
7	325
7	333
7	339
7	380
7	399
7	434
7	435
7	483
7	536
7	636
7	666
7	668
7	692
7	714
7	909
7	938
7	999
7	1000
8	14
8	16
8	23
8	24
8	32
8	34
8	35
8	44
8	47
8	61
8	70
8	73
8	75
8	78
8	85
8	137
8	166
8	195
8	201
8	213
8	218
8	219
8	226
8	233
8	272
8	276
8	290
8	302
8	313
8	316
8	324
8	383
8	415
8	425
8	430
8	462
8	464
8	580
8	613
8	628
8	656
8	692
8	765
8	858
9	11
9	12
9	23
9	47
9	55
9	78
9	94
9	106
9	127
9	171
9	181
9	183
9	190
9	201
9	230
9	233
9	238
9	249
9	262
9	309
9	315
9	345
9	371
9	431
9	439
9	460
9	526
9	536
9	568
9	583
9	603
9	607
9	609
9	645
9	682
9	692
9	693
9	742
9	762
9	896
9	981
10	11
10	13
10	22
10	25
10	27
10	29
10	32
10	62
10	73
10	81
10	102
10	113
10	119
10	125
10	132
10	137
10	159
10	176
10	200
10	228
10	243
10	244
10	289
10	299
10	331
10	356
10	367
10	378
10	399
10	406
10	418
10	527
10	538
10	551
10	578
10	611
10	694
10	749
10	812
10	948
11	21
11	40
11	70
11	72
11	80
11	81
11	84
11	90
11	96
11	122
11	159
11	194
11	250
11	267
11	327
11	379
11	404
11	405
11	422
11	433
11	489
11	493
11	495
11	502
11	514
11	516
11	562
11	590
11	610
11	614
11	639
11	671
11	679
11	810
11	855
11	927
11	951
11	983
12	14
12	16
12	18
12	28
12	34
12	36
12	43
12	44
12	61
12	74
12	82
12	106
12	120
12	151
12	192
12	245
12	314
12	337
12	423
12	463
12	484
12	486
12	492
12	498
12	503
12	506
12	597
12	619
12	655
12	699
12	712
12	713
12	758
12	788
12	792
12	821
12	852
12	891
12	912
13	49
13	52
13	79
13	85
13	88
13	102
13	108
13	113
13	117
13	119
13	126
13	139
13	143
13	144
13	172
13	184
13	187
13	197
13	231
13	241
13	295
13	300
13	317
13	318
13	409
13	440
13	530
13	583
13	603
13	658
13	704
13	727
13	730
13	773
13	776
13	951
13	981
14	23
14	27
14	33
14	34
14	50
14	51
14	68
14	92
14	98
14	118
14	124
14	153
14	173
14	174
14	178
14	201
14	214
14	232
14	236
14	296
14	298
14	302
14	316
14	324
14	328
14	390
14	430
14	513
14	551
14	557
14	605
14	634
14	673
14	678
14	746
14	788
14	818
15	18
15	27
15	33
15	50
15	60
15	76
15	95
15	112
15	114
15	124
15	141
15	146
15	147
15	188
15	193
15	213
15	230
15	269
15	285
15	308
15	311
15	314
15	329
15	335
15	345
15	347
15	405
15	449
15	490
15	537
15	689
15	737
15	817
15	841
15	843
15	939
15	973
16	22
16	27
16	29
16	31
16	32
16	34
16	35
16	36
16	45
16	54
16	98
16	106
16	111
16	118
16	166
16	195
16	213
16	258
16	379
16	436
16	483
16	516
16	543
16	579
16	613
16	615
16	672
16	680
16	684
16	774
16	801
16	829
16	884
16	897
16	939
16	982
17	18
17	28
17	32
17	34
17	38
17	43
17	61
17	75
17	77
17	82
17	91
17	98
17	141
17	168
17	189
17	198
17	251
17	258
17	283
17	297
17	298
17	326
17	332
17	385
17	407
17	434
17	478
17	480
17	484
17	496
17	517
17	595
17	606
17	665
17	723
17	747
17	768
17	852
17	935
18	32
18	34
18	35
18	43
18	47
18	75
18	88
18	97
18	106
18	183
18	192
18	227
18	239
18	255
18	263
18	283
18	307
18	331
18	361
18	369
18	396
18	480
18	484
18	513
18	517
18	624
18	673
18	699
18	713
18	848
18	962
18	974
19	36
19	44
19	49
19	51
19	61
19	80
19	98
19	118
19	148
19	218
19	248
19	267
19	278
19	324
19	331
19	408
19	447
19	468
19	493
19	494
19	527
19	533
19	557
19	569
19	620
19	673
19	738
19	751
19	829
19	860
19	887
19	891
19	906
19	993
19	996
19	998
20	31
20	35
20	37
20	44
20	53
20	56
20	57
20	77
20	79
20	86
20	102
20	131
20	141
20	163
20	169
20	189
20	192
20	202
20	264
20	283
20	297
20	311
20	346
20	509
20	523
20	618
20	632
20	649
20	679
20	685
20	696
20	718
20	732
20	734
20	828
20	863
20	902
20	965
21	22
21	24
21	42
21	45
21	50
21	53
21	54
21	73
21	79
21	89
21	102
21	105
21	109
21	221
21	243
21	264
21	338
21	354
21	362
21	365
21	371
21	372
21	405
21	460
21	465
21	510
21	518
21	523
21	528
21	572
21	678
21	775
21	845
21	909
21	938
21	985
22	26
22	46
22	53
22	63
22	69
22	79
22	83
22	88
22	89
22	90
22	108
22	109
22	157
22	158
22	163
22	171
22	185
22	222
22	238
22	268
22	353
22	354
22	415
22	461
22	499
22	563
22	590
22	594
22	717
22	732
22	807
22	817
22	836
22	927
23	25
23	35
23	36
23	44
23	48
23	75
23	80
23	116
23	134
23	187
23	206
23	227
23	236
23	280
23	295
23	316
23	342
23	347
23	382
23	403
23	412
23	416
23	483
23	498
23	510
23	551
23	613
23	628
23	774
23	791
23	825
23	847
23	849
23	943
24	25
24	26
24	46
24	48
24	57
24	59
24	62
24	63
24	83
24	89
24	92
24	100
24	165
24	179
24	208
24	284
24	333
24	377
24	465
24	499
24	510
24	532
24	558
24	570
24	572
24	573
24	605
24	691
24	717
24	739
24	776
24	808
24	846
24	850
24	854
25	26
25	48
25	50
25	57
25	63
25	79
25	89
25	115
25	117
25	119
25	120
25	134
25	177
25	224
25	229
25	233
25	268
25	301
25	328
25	376
25	461
25	515
25	532
25	545
25	546
25	559
25	590
25	609
25	666
25	668
25	671
25	678
25	702
25	902
26	29
26	45
26	46
26	48
26	64
26	69
26	71
26	83
26	94
26	120
26	121
26	152
26	179
26	181
26	185
26	199
26	229
26	253
26	304
26	309
26	321
26	354
26	424
26	479
26	506
26	590
26	678
26	714
26	744
26	770
26	780
26	813
26	822
27	35
27	36
27	50
27	51
27	60
27	74
27	129
27	135
27	148
27	166
27	178
27	182
27	271
27	272
27	409
27	413
27	437
27	444
27	446
27	470
27	511
27	525
27	551
27	567
27	742
27	861
27	872
27	905
27	950
28	38
28	41
28	64
28	70
28	85
28	99
28	101
28	108
28	119
28	126
28	165
28	207
28	209
28	234
28	256
28	270
28	325
28	341
28	375
28	400
28	410
28	420
28	440
28	454
28	501
28	571
28	610
28	662
28	664
28	695
28	710
28	741
28	838
28	894
29	38
29	41
29	42
29	82
29	94
29	132
29	133
29	144
29	145
29	161
29	220
29	224
29	322
29	323
29	383
29	429
29	432
29	438
29	487
29	545
29	555
29	616
29	618
29	696
29	749
29	800
29	818
29	841
29	873
29	901
29	937
29	968
29	984
30	33
30	39
30	81
30	104
30	127
30	134
30	146
30	155
30	169
30	180
30	181
30	183
30	190
30	203
30	204
30	210
30	211
30	226
30	247
30	296
30	320
30	321
30	359
30	431
30	531
30	627
30	637
30	695
30	716
30	829
30	831
30	841
30	852
30	913
30	952
31	32
31	34
31	45
31	53
31	56
31	64
31	86
31	117
31	164
31	172
31	221
31	238
31	253
31	360
31	445
31	454
31	490
31	528
31	622
31	642
31	652
31	686
31	688
31	703
31	763
31	783
31	801
31	808
31	850
31	938
31	940
31	946
31	977
32	35
32	39
32	46
32	80
32	168
32	174
32	206
32	239
32	251
32	257
32	287
32	295
32	298
32	307
32	339
32	414
32	430
32	434
32	463
32	524
32	558
32	574
32	647
32	687
32	847
32	849
32	854
32	959
32	1000
33	39
33	50
33	51
33	68
33	74
33	75
33	88
33	129
33	139
33	142
33	146
33	147
33	163
33	246
33	261
33	269
33	279
33	287
33	389
33	392
33	416
33	453
33	462
33	541
33	585
33	607
33	699
33	731
33	739
33	774
33	806
33	820
34	35
34	36
34	44
34	58
34	84
34	100
34	101
34	107
34	145
34	166
34	291
34	302
34	337
34	352
34	356
34	380
34	408
34	411
34	446
34	447
34	547
34	679
34	761
34	789
34	838
34	865
34	969
35	40
35	44
35	50
35	57
35	60
35	95
35	104
35	110
35	123
35	125
35	131
35	184
35	352
35	403
35	406
35	425
35	540
35	549
35	554
35	698
35	740
35	833
35	883
35	932
35	943
36	49
36	61
36	87
36	98
36	166
36	173
36	187
36	195
36	213
36	218
36	219
36	223
36	293
36	305
36	506
36	530
36	563
36	593
36	634
36	701
36	755
36	813
36	878
36	883
37	40
37	45
37	56
37	61
37	100
37	103
37	140
37	184
37	220
37	222
37	252
37	264
37	277
37	297
37	305
37	318
37	398
37	449
37	515
37	525
37	560
37	563
37	600
37	642
37	645
37	678
37	805
37	826
37	948
37	995
38	41
38	42
38	46
38	94
38	101
38	138
38	145
38	161
38	189
38	207
38	212
38	218
38	232
38	271
38	300
38	305
38	350
38	353
38	363
38	385
38	571
38	585
38	652
38	753
38	818
38	893
38	930
39	47
39	59
39	67
39	78
39	88
39	100
39	133
39	147
39	215
39	226
39	249
39	268
39	279
39	282
39	305
39	329
39	341
39	384
39	450
39	481
39	542
39	620
39	707
39	856
39	882
40	49
40	50
40	58
40	60
40	66
40	72
40	91
40	130
40	137
40	150
40	180
40	182
40	183
40	284
40	300
40	304
40	305
40	310
40	418
40	547
40	708
40	832
40	936
40	951
40	957
40	987
41	118
41	133
41	160
41	167
41	186
41	192
41	194
41	222
41	301
41	323
41	335
41	364
41	405
41	421
41	508
41	541
41	545
41	592
41	595
41	633
41	661
41	708
41	818
41	889
41	958
42	50
42	138
42	157
42	158
42	160
42	167
42	176
42	242
42	261
42	312
42	318
42	356
42	363
42	373
42	450
42	486
42	519
42	537
42	596
42	603
42	622
42	664
42	773
42	780
42	917
42	927
43	45
43	47
43	91
43	130
43	183
43	260
43	295
43	296
43	329
43	385
43	440
43	443
43	522
43	531
43	573
43	586
43	606
43	613
43	709
43	753
43	761
43	853
43	912
43	952
44	64
44	68
44	69
44	98
44	131
44	141
44	212
44	218
44	324
44	413
44	422
44	446
44	464
44	497
44	567
44	676
44	746
44	891
44	919
44	932
45	65
45	69
45	75
45	83
45	86
45	107
45	109
45	126
45	158
45	163
45	167
45	186
45	222
45	266
45	269
45	300
45	372
45	466
45	581
45	584
45	587
45	685
45	783
46	48
46	55
46	62
46	63
46	89
46	105
46	120
46	134
46	147
46	152
46	158
46	229
46	322
46	344
46	345
46	366
46	372
46	412
46	448
46	526
46	757
46	770
46	862
47	75
47	91
47	105
47	116
47	127
47	139
47	190
47	196
47	230
47	302
47	307
47	346
47	394
47	423
47	496
47	520
47	713
47	837
47	853
47	912
48	59
48	61
48	63
48	69
48	73
48	75
48	79
48	127
48	154
48	158
48	181
48	185
48	197
48	204
48	229
48	465
48	499
48	523
48	568
48	587
48	683
48	792
48	867
49	55
49	58
49	62
49	105
49	108
49	144
49	150
49	156
49	166
49	236
49	243
49	255
49	273
49	342
49	349
49	398
49	487
49	508
49	562
49	652
49	671
49	874
49	992
50	68
50	71
50	76
50	77
50	124
50	157
50	178
50	217
50	292
50	316
50	453
50	715
50	733
50	737
50	746
50	840
50	897
50	955
51	80
51	103
51	115
51	118
51	130
51	134
51	167
51	186
51	187
51	258
51	275
51	282
51	342
51	355
51	730
51	747
51	769
51	814
51	840
51	896
51	944
51	967
51	999
52	92
52	94
52	98
52	165
52	199
52	312
52	323
52	334
52	373
52	409
52	434
52	451
52	491
52	628
52	634
52	648
52	702
52	719
52	724
52	727
52	782
52	814
52	870
52	942
52	964
53	56
53	83
53	96
53	103
53	111
53	136
53	145
53	151
53	188
53	216
53	264
53	266
53	362
53	382
53	431
53	454
53	522
53	554
53	595
53	601
53	759
53	826
53	859
54	73
54	87
54	90
54	97
54	104
54	182
54	213
54	325
54	340
54	380
54	407
54	437
54	475
54	492
54	540
54	587
54	597
54	619
54	716
54	866
54	869
54	931
54	939
55	58
55	73
55	102
55	108
55	121
55	128
55	194
55	209
55	214
55	292
55	493
55	494
55	498
55	539
55	685
55	791
55	870
55	894
55	937
55	953
55	981
56	77
56	83
56	86
56	99
56	103
56	157
56	215
56	254
56	266
56	322
56	343
56	360
56	372
56	387
56	466
56	499
56	510
56	520
56	546
56	834
56	863
56	986
57	59
57	68
57	116
57	152
57	155
57	175
57	232
57	286
57	320
57	394
57	399
57	442
57	461
57	465
57	532
57	659
57	663
57	762
57	816
57	822
57	939
58	62
58	73
58	90
58	108
58	177
58	189
58	240
58	303
58	325
58	332
58	350
58	368
58	393
58	398
58	530
58	542
58	593
58	599
58	627
58	839
58	970
59	71
59	73
59	78
59	88
59	107
59	155
59	188
59	191
59	201
59	203
59	233
59	245
59	262
59	480
59	509
59	544
59	686
59	702
59	856
59	959
60	62
60	150
60	165
60	228
60	248
60	324
60	334
60	340
60	400
60	468
60	597
60	653
60	662
60	676
60	721
60	763
60	787
60	816
60	879
60	948
60	966
61	75
61	94
61	98
61	115
61	222
61	272
61	280
61	283
61	302
61	309
61	324
61	560
61	635
61	663
61	717
61	746
61	754
61	764
62	69
62	73
62	95
62	112
62	121
62	123
62	137
62	172
62	267
62	332
62	335
62	397
62	611
62	635
62	687
62	733
62	741
62	992
63	79
63	88
63	109
63	145
63	158
63	197
63	273
63	289
63	312
63	333
63	397
63	442
63	499
63	514
63	583
63	607
63	666
63	722
63	764
64	86
64	96
64	112
64	129
64	194
64	212
64	227
64	246
64	271
64	280
64	292
64	307
64	332
64	357
64	375
64	470
64	687
64	728
64	748
64	839
64	957
65	70
65	87
65	154
65	225
65	248
65	253
65	301
65	360
65	402
65	434
65	460
65	533
65	553
65	571
65	643
65	657
65	691
65	827
65	845
65	908
65	910
65	940
66	92
66	113
66	121
66	148
66	177
66	199
66	234
66	259
66	366
66	371
66	406
66	407
66	426
66	432
66	539
66	578
66	651
66	706
66	794
66	798
66	836
66	873
67	76
67	81
67	97
67	112
67	133
67	141
67	149
67	151
67	154
67	193
67	197
67	201
67	241
67	359
67	419
67	461
67	490
67	580
67	623
67	704
67	739
67	995
68	75
68	87
68	110
68	131
68	185
68	236
68	242
68	342
68	459
68	621
68	692
68	705
68	723
68	840
68	888
68	964
68	990
69	77
69	103
69	109
69	115
69	229
69	233
69	308
69	344
69	354
69	363
69	424
69	534
69	591
69	685
69	734
69	985
69	991
70	85
70	87
70	133
70	163
70	225
70	244
70	265
70	438
70	501
70	504
70	513
70	533
70	553
70	555
70	590
70	600
70	759
70	879
71	96
71	124
71	131
71	165
71	200
71	214
71	227
71	246
71	285
71	309
71	321
71	403
71	477
71	705
71	765
71	799
71	831
71	843
71	940
71	985
72	95
72	113
72	117
72	137
72	157
72	168
72	180
72	228
72	248
72	257
72	349
72	390
72	540
72	626
72	627
72	643
72	791
72	819
72	936
72	971
73	125
73	304
73	310
73	325
73	409
73	474
73	575
73	602
73	749
73	810
73	812
73	1000
74	107
74	115
74	130
74	170
74	176
74	193
74	201
74	275
74	334
74	411
74	565
74	635
74	748
74	852
74	900
74	908
74	925
75	125
75	250
75	257
75	296
75	351
75	492
75	565
75	568
75	676
75	788
75	865
75	947
76	121
76	134
76	140
76	149
76	218
76	270
76	441
76	471
76	476
76	488
76	514
76	541
76	617
76	630
76	635
76	844
76	997
77	88
77	109
77	117
77	252
77	319
77	343
77	372
77	445
77	455
77	484
77	625
77	826
77	873
77	942
77	952
78	103
78	130
78	140
78	142
78	153
78	175
78	237
78	244
78	262
78	298
78	609
78	630
78	637
79	89
79	103
79	148
79	195
79	243
79	287
79	320
79	321
79	344
79	473
79	668
79	683
79	745
79	907
80	98
80	166
80	178
80	209
80	240
80	334
80	339
80	437
80	505
80	516
80	557
80	657
80	772
80	825
80	864
80	881
81	113
81	137
81	209
81	247
81	282
81	359
81	404
81	487
81	539
81	562
81	602
81	738
81	898
81	911
81	954
81	998
82	115
82	116
82	155
82	193
82	216
82	219
82	220
82	235
82	280
82	298
82	432
82	450
82	459
82	632
82	656
82	767
82	961
83	85
83	103
83	117
83	151
83	345
83	346
83	391
83	609
83	654
83	717
83	718
83	735
83	809
83	818
84	114
84	155
84	160
84	172
84	207
84	245
84	315
84	353
84	376
84	412
84	501
84	579
84	664
84	672
84	761
84	771
84	794
84	849
84	895
85	87
85	114
85	143
85	294
85	318
85	427
85	500
85	545
85	575
85	598
85	682
85	765
85	796
85	797
85	807
85	835
86	118
86	124
86	145
86	153
86	183
86	219
86	242
86	277
86	288
86	365
86	438
86	456
86	584
86	846
86	940
87	136
87	165
87	229
87	270
87	302
87	348
87	363
87	422
87	468
87	647
87	830
87	886
87	960
88	130
88	134
88	208
88	215
88	216
88	369
88	526
88	582
88	592
88	621
88	636
89	103
89	171
89	223
89	226
89	286
89	421
89	442
89	443
89	461
89	533
89	661
89	686
89	732
90	97
90	125
90	173
90	180
90	248
90	273
90	299
90	374
90	561
90	568
90	610
90	669
90	709
90	710
90	721
90	898
91	106
91	127
91	239
91	331
91	358
91	385
91	456
91	479
91	486
91	547
91	569
91	647
91	648
91	685
91	769
91	778
92	122
92	156
92	223
92	353
92	386
92	422
92	492
92	543
92	565
92	596
92	598
92	656
92	670
92	682
92	897
92	954
93	94
93	96
93	155
93	160
93	197
93	198
93	271
93	330
93	353
93	426
93	457
93	486
93	488
93	585
93	790
93	823
93	878
93	987
93	996
94	133
94	136
94	387
94	504
94	508
94	555
94	657
94	758
94	815
94	916
94	917
94	931
95	123
95	135
95	231
95	241
95	265
95	272
95	303
95	306
95	403
95	556
95	738
95	824
95	904
95	924
96	128
96	164
96	168
96	171
96	194
96	246
96	315
96	332
96	531
96	634
96	733
96	804
96	806
96	926
97	100
97	112
97	115
97	141
97	178
97	192
97	223
97	270
97	471
97	473
97	559
97	624
97	752
97	861
98	205
98	253
98	324
98	548
98	638
98	686
98	751
98	800
98	977
99	113
99	133
99	136
99	142
99	197
99	220
99	239
99	259
99	346
99	348
99	402
99	477
99	801
99	886
99	898
99	915
99	922
100	131
100	169
100	297
100	319
100	502
100	525
100	608
100	645
100	815
100	837
100	916
100	965
100	968
101	119
101	142
101	227
101	249
101	348
101	375
101	388
101	422
101	443
101	444
101	545
101	643
101	778
101	969
101	988
102	113
102	123
102	125
102	150
102	235
102	254
102	278
102	391
102	414
102	606
102	685
102	706
102	791
103	117
103	130
103	231
103	246
103	328
103	454
103	714
103	820
103	860
104	135
104	248
104	265
104	308
104	379
104	391
104	392
104	433
104	441
104	452
104	577
104	649
104	669
104	923
104	934
105	109
105	116
105	123
105	191
105	320
105	337
105	461
105	584
105	654
105	732
105	865
105	927
105	955
106	193
106	259
106	267
106	283
106	307
106	369
106	424
106	480
106	531
106	586
106	619
106	669
106	922
107	138
107	141
107	149
107	153
107	200
107	264
107	270
107	285
107	372
107	489
107	687
107	716
107	748
107	795
108	132
108	157
108	178
108	207
108	308
108	350
108	365
108	396
108	689
108	750
108	806
108	858
109	125
109	191
109	221
109	340
109	387
109	515
109	596
109	631
109	757
109	896
110	115
110	166
110	210
110	361
110	384
110	494
110	520
110	549
110	797
110	867
110	883
110	891
110	929
110	971
110	983
111	114
111	152
111	162
111	199
111	223
111	224
111	312
111	376
111	419
111	431
111	446
111	842
111	868
111	878
111	958
112	158
112	169
112	223
112	227
112	261
112	274
112	297
112	354
112	521
112	674
112	714
113	136
113	159
113	250
113	273
113	333
113	369
113	437
113	528
113	828
113	900
114	151
114	198
114	317
114	351
114	428
114	474
114	475
114	497
114	597
114	793
114	882
114	889
114	966
115	155
115	188
115	237
115	309
115	478
115	570
115	670
115	860
116	205
116	239
116	314
116	426
116	499
116	514
116	582
116	702
116	836
116	907
116	962
117	121
117	304
117	370
117	586
117	590
117	637
117	662
117	783
117	850
117	865
118	217
118	250
118	267
118	406
118	444
118	589
118	655
118	664
118	744
119	136
119	137
119	221
119	367
119	482
119	648
119	753
119	756
119	886
119	971
119	984
120	343
120	573
120	623
120	666
120	674
120	690
120	735
120	754
120	822
120	858
120	975
120	991
121	123
121	202
121	223
121	266
121	308
121	436
121	544
121	738
121	945
121	970
122	139
122	177
122	209
122	269
122	313
122	331
122	351
122	407
122	410
122	577
122	610
122	629
122	716
122	1000
123	273
123	276
123	278
123	281
123	311
123	430
123	544
123	556
123	919
124	129
124	173
124	178
124	256
124	307
124	321
124	464
124	503
124	591
124	795
125	129
125	322
125	395
125	561
125	726
125	766
125	869
126	145
126	163
126	217
126	266
126	292
126	491
126	503
126	522
126	701
126	708
126	734
127	239
127	287
127	336
127	441
127	512
127	608
127	676
127	690
127	849
128	164
128	182
128	280
128	327
128	384
128	386
128	391
128	478
128	524
128	611
128	672
128	681
129	181
129	269
129	336
129	371
129	408
129	423
129	447
129	453
129	663
129	820
130	149
130	275
130	330
130	480
130	507
130	580
130	636
130	699
131	285
131	286
131	389
131	658
131	728
131	796
131	946
131	955
131	984
132	139
132	186
132	208
132	259
132	284
132	349
132	395
132	412
132	538
132	646
132	844
132	952
133	161
133	275
133	365
133	388
133	422
133	555
133	572
133	696
134	203
134	262
134	477
134	570
134	787
134	809
134	819
135	180
135	211
135	274
135	276
135	278
135	481
135	495
135	521
135	574
135	645
135	694
135	914
136	178
136	217
136	270
136	348
136	375
136	482
136	702
136	835
137	231
137	248
137	310
137	367
137	554
137	562
137	639
137	704
138	151
138	157
138	315
138	412
138	529
138	647
138	651
138	719
138	724
138	747
138	926
138	993
139	159
139	198
139	216
139	299
139	626
139	772
139	794
139	822
139	876
140	202
140	204
140	237
140	314
140	435
140	660
140	669
140	979
141	274
141	373
141	622
141	797
141	934
142	149
142	254
142	294
142	386
142	393
142	512
142	576
142	650
142	714
142	930
143	151
143	239
143	319
143	330
143	436
143	492
143	505
143	519
143	552
143	577
143	649
143	885
144	255
144	440
144	566
144	576
144	646
144	705
144	793
144	893
144	914
144	933
144	953
145	349
145	405
145	472
145	531
145	762
145	913
145	997
146	327
146	426
146	484
146	537
146	655
146	754
146	769
146	805
146	827
147	216
147	244
147	354
147	373
147	408
147	639
147	704
147	882
148	185
148	218
148	219
148	257
148	369
148	540
148	552
148	586
148	990
149	262
149	305
149	382
149	460
149	477
149	567
149	797
149	799
149	884
150	204
150	228
150	358
150	391
150	519
150	523
150	720
150	788
150	794
151	162
151	243
151	289
151	291
151	419
151	451
151	491
152	196
152	215
152	237
152	314
152	315
152	397
152	595
152	687
152	994
153	237
153	309
153	312
153	336
153	361
153	457
153	602
153	767
153	808
154	169
154	209
154	271
154	279
154	301
154	350
154	394
154	604
154	644
154	832
154	855
155	175
155	244
155	329
155	441
155	526
155	768
155	978
156	184
156	211
156	304
156	432
156	438
156	466
156	508
156	686
156	727
156	733
156	792
157	162
157	208
157	234
157	323
157	790
157	887
158	241
158	541
158	543
158	614
158	798
158	908
159	233
159	379
159	383
159	404
159	410
159	536
159	540
159	831
159	923
160	198
160	303
160	312
160	409
160	505
160	672
160	834
160	964
160	980
161	192
161	285
161	295
161	355
161	473
161	616
161	802
161	811
161	875
162	226
162	228
162	257
162	315
162	433
162	600
162	629
162	775
162	964
162	989
163	172
163	242
163	425
163	581
163	600
163	667
163	823
164	211
164	214
164	241
164	270
164	278
164	391
164	409
164	623
164	675
165	254
165	348
165	349
165	353
165	665
165	773
165	888
166	272
166	507
166	663
166	841
166	953
167	316
167	380
167	447
167	449
167	604
167	643
167	871
167	984
168	189
168	251
168	298
168	491
168	496
168	606
168	654
168	862
168	925
169	270
169	355
169	476
169	645
169	677
169	834
169	915
169	968
170	208
170	237
170	317
170	440
170	529
170	552
170	583
170	712
170	840
170	903
170	942
171	222
171	268
171	281
171	287
171	542
171	595
171	908
172	177
172	338
172	395
172	432
172	495
172	538
172	706
172	741
173	217
173	276
173	290
173	313
173	451
173	471
173	638
173	654
173	784
174	210
174	220
174	241
174	463
174	483
174	574
174	578
174	594
174	640
174	644
174	851
175	191
175	196
175	327
175	370
175	402
175	507
175	642
175	909
176	289
176	334
176	340
176	401
176	624
176	729
176	871
177	211
177	235
177	256
177	279
177	327
177	341
177	743
178	200
178	220
178	534
178	566
179	268
179	281
179	346
179	350
179	370
179	377
179	841
179	973
180	250
180	281
180	364
180	485
180	493
180	697
180	890
181	185
181	211
181	277
181	404
181	429
181	659
181	817
182	364
182	408
182	431
182	516
182	553
182	587
183	423
183	456
183	488
183	622
183	698
183	945
184	241
184	251
184	327
184	390
184	403
184	455
184	495
184	970
185	456
185	601
185	604
185	678
185	718
185	726
186	202
186	223
186	261
186	274
186	300
186	674
186	709
186	959
187	260
187	324
187	381
187	420
187	513
187	599
187	789
188	320
188	336
188	423
188	514
188	660
188	751
188	866
189	331
189	361
189	434
189	457
189	492
189	742
189	812
190	257
190	282
190	364
190	529
190	803
190	958
191	249
191	319
191	321
191	535
191	541
191	593
191	923
192	300
192	478
192	605
192	724
192	854
192	996
193	217
193	314
193	402
193	495
193	548
193	624
193	792
194	196
194	211
194	217
194	280
194	388
194	392
194	618
195	198
195	381
195	511
195	542
195	557
195	564
195	736
196	205
196	301
196	498
196	595
196	659
196	672
196	777
197	294
197	359
197	515
197	532
197	706
197	823
198	312
198	356
198	577
198	664
198	713
198	921
199	256
199	295
199	357
199	404
199	428
199	629
199	781
199	851
200	215
200	306
200	332
200	470
200	623
200	675
200	728
200	954
201	274
201	377
201	434
201	490
201	908
202	316
202	346
202	359
202	458
202	662
202	757
202	798
203	204
203	214
203	216
203	219
203	244
203	270
203	282
203	762
203	880
204	259
204	279
204	287
204	321
204	955
205	239
205	275
205	321
205	423
205	491
205	547
205	582
205	632
206	267
206	459
206	494
206	511
206	569
206	628
206	756
206	977
207	320
207	350
207	386
207	452
207	703
207	790
207	988
208	320
208	392
208	472
208	475
208	500
208	782
209	214
209	323
209	455
209	517
210	300
210	339
210	411
210	670
210	680
210	851
210	887
211	392
211	403
211	745
211	954
212	270
212	308
212	326
212	327
212	332
212	489
212	660
212	681
213	233
213	337
213	452
213	548
213	756
214	398
214	400
214	845
214	933
214	971
215	240
215	282
215	655
215	742
216	247
216	345
216	429
216	568
217	227
217	585
217	805
217	972
218	689
218	872
218	878
219	446
219	483
219	673
219	725
219	864
220	401
220	731
220	819
220	821
221	252
221	341
221	584
221	901
221	902
222	377
222	472
222	662
222	717
222	926
223	576
223	681
223	797
224	400
224	428
224	504
224	535
224	577
224	789
224	881
224	963
225	263
225	536
225	546
225	581
225	621
225	782
225	910
225	932
225	949
226	235
226	399
226	431
226	448
226	570
226	883
227	452
227	470
227	537
227	934
228	289
228	303
228	313
228	395
228	444
228	521
229	498
229	517
229	666
229	718
229	830
230	301
230	620
230	777
230	785
230	795
230	812
230	870
231	248
231	255
231	428
231	493
231	594
231	934
232	285
232	328
232	389
232	524
232	550
232	565
232	658
232	993
233	240
233	848
233	942
234	256
234	288
234	294
234	375
234	571
234	573
234	720
234	930
235	279
235	414
235	435
235	657
235	681
235	999
236	381
236	446
236	470
236	486
236	617
236	899
236	987
237	293
237	396
237	439
237	509
237	535
238	266
238	421
238	438
238	450
238	522
238	889
238	929
239	262
239	837
239	880
240	369
240	399
240	431
240	443
240	535
240	583
240	922
241	249
241	416
241	634
241	639
242	288
242	360
242	372
242	389
242	469
242	621
242	703
243	284
243	378
243	434
243	706
243	931
244	287
244	330
244	448
244	683
245	265
245	310
245	315
245	392
245	543
245	835
245	903
246	283
246	602
246	637
246	806
246	820
247	268
247	388
247	435
247	512
247	755
247	950
247	972
248	251
248	814
249	258
249	361
249	501
249	630
250	278
250	361
250	383
250	843
250	914
251	294
251	295
251	393
251	758
252	350
252	465
252	518
252	689
252	871
252	929
252	995
253	345
253	385
253	496
253	534
253	772
253	778
254	294
254	310
254	529
254	539
254	560
254	839
255	325
255	433
255	443
255	467
255	515
255	561
256	351
256	648
256	672
256	743
256	847
257	280
257	423
257	731
258	328
258	516
258	559
258	578
258	921
259	556
259	603
259	610
259	983
259	1000
260	367
260	524
260	659
260	676
260	695
260	776
260	967
261	346
261	604
261	630
261	633
261	773
261	854
262	408
262	622
262	683
263	274
263	293
263	582
263	724
263	759
263	764
263	912
263	982
264	290
264	485
264	753
264	927
264	932
265	418
265	522
265	552
265	750
265	835
265	890
266	276
266	277
266	405
266	640
267	599
267	891
267	919
268	637
268	655
268	716
268	829
269	286
269	452
269	589
269	800
269	884
271	336
271	473
271	474
271	677
272	294
272	360
272	513
272	872
273	521
273	527
273	598
273	653
274	338
274	582
274	634
275	347
275	381
275	424
275	500
276	627
276	756
276	924
276	956
277	296
277	326
277	469
277	522
277	586
277	738
278	347
278	410
278	545
278	833
279	338
279	347
279	729
279	766
280	719
280	833
281	319
281	361
281	918
281	931
281	976
281	985
282	336
282	514
282	965
283	331
283	443
283	480
283	980
284	409
284	432
284	606
284	776
284	904
284	911
285	336
285	376
285	461
285	957
286	306
286	511
286	527
286	529
286	689
286	765
287	322
287	748
287	857
288	607
288	625
288	642
288	684
288	691
288	786
288	857
289	650
289	856
289	879
290	399
290	472
290	628
290	736
290	786
291	312
291	355
291	426
291	462
291	500
291	774
291	786
292	360
292	365
292	667
292	697
292	913
293	375
293	419
293	460
293	478
293	915
294	619
294	837
295	358
295	479
296	345
296	803
297	324
297	709
297	714
297	772
298	659
298	769
298	810
299	395
299	497
299	575
299	627
299	978
300	350
300	572
301	476
301	615
301	921
302	599
302	863
302	915
303	373
303	615
303	726
303	892
303	992
304	617
304	727
304	846
304	945
305	416
305	449
305	712
306	316
306	389
306	544
306	736
306	824
307	809
307	962
308	521
308	575
308	781
309	316
309	464
310	353
310	892
310	990
311	343
311	357
311	393
311	546
311	667
311	845
312	482
313	494
313	528
313	655
313	721
313	906
314	449
314	740
314	795
315	890
315	941
316	774
317	555
317	651
317	790
317	903
317	916
317	989
318	696
318	815
318	920
318	975
319	344
319	465
319	821
319	901
320	490
320	538
321	439
322	384
322	387
322	402
322	608
323	421
323	553
323	651
323	967
325	559
325	786
325	957
326	469
326	554
326	713
326	824
326	857
326	949
327	341
327	382
328	344
328	512
328	565
328	579
329	377
329	500
329	667
329	974
330	419
330	438
330	486
330	893
330	918
331	725
332	612
332	648
333	338
333	629
333	654
333	668
333	991
334	517
334	679
334	749
335	365
335	477
335	703
335	780
335	828
335	941
336	635
336	803
337	413
337	505
337	677
337	805
337	960
338	795
338	855
338	900
338	976
339	352
339	608
339	653
339	725
339	944
340	380
340	689
340	734
340	849
340	879
341	500
341	787
341	874
342	363
342	513
342	520
342	560
342	591
343	362
343	410
343	662
343	859
343	924
344	675
344	963
345	367
345	780
346	772
346	777
347	552
347	650
347	799
348	401
348	576
348	651
349	387
349	682
349	895
349	949
350	902
351	376
351	448
351	535
351	773
351	843
352	437
352	641
352	663
352	670
352	756
352	994
353	614
353	842
354	417
354	644
354	910
355	388
355	567
355	757
355	800
356	427
356	451
356	729
356	781
357	366
357	639
357	697
357	904
357	974
358	396
358	536
358	558
358	768
358	961
359	394
359	414
359	608
360	633
361	422
362	809
362	845
362	853
362	899
362	975
363	383
363	458
363	800
364	538
364	684
364	722
364	787
365	405
365	557
366	401
366	417
366	442
366	740
366	830
367	426
367	765
367	984
368	411
368	427
368	514
368	711
368	823
368	962
368	996
369	467
369	548
370	536
370	581
370	622
370	699
370	771
371	397
371	612
371	694
371	805
372	846
373	885
373	987
374	379
374	494
374	588
374	722
374	755
374	866
374	977
375	552
375	647
376	474
376	798
376	966
377	549
377	642
377	777
378	503
378	519
378	698
378	722
378	790
378	914
379	447
379	524
380	418
380	445
380	679
381	613
381	680
381	740
381	880
382	437
382	720
382	726
382	832
383	481
383	631
383	766
384	395
384	733
384	923
384	931
385	719
385	933
385	961
386	427
386	585
386	930
386	980
387	580
387	684
388	537
388	647
388	884
389	658
389	998
390	395
390	398
390	410
390	872
390	885
391	467
392	488
393	477
393	660
393	861
393	978
394	443
394	526
394	571
394	768
395	631
396	420
396	454
396	569
396	578
397	401
397	499
397	570
397	650
398	483
398	752
398	971
399	524
399	624
400	474
400	596
400	806
400	877
401	748
401	785
402	509
402	632
402	807
403	419
404	406
404	440
404	635
405	466
406	649
406	810
406	960
407	474
407	566
408	420
408	676
409	577
410	904
410	960
411	413
411	437
411	481
412	603
412	847
412	941
413	471
413	497
413	951
414	770
414	785
414	898
414	970
415	436
415	565
415	579
415	720
415	730
416	452
416	502
416	712
416	926
417	511
417	513
417	561
417	705
417	777
417	946
418	540
418	928
418	995
419	552
419	873
420	468
420	660
420	735
420	784
421	458
421	929
421	970
421	997
422	760
424	477
424	592
424	888
424	988
425	459
425	548
425	693
425	751
426	473
426	501
427	501
427	505
427	529
427	563
428	836
428	926
428	989
429	463
429	547
429	803
429	876
429	974
430	530
430	737
430	847
430	883
431	882
432	488
432	523
433	507
433	614
433	615
433	694
435	633
435	742
435	918
435	976
436	589
436	656
437	593
438	801
438	815
439	528
439	700
439	770
439	936
440	863
441	544
441	716
441	759
442	510
442	694
442	816
444	550
444	858
444	905
445	458
445	688
445	947
445	979
447	559
447	947
448	669
448	890
449	472
449	618
450	512
450	792
450	875
451	462
451	871
451	884
453	554
453	658
453	674
454	813
454	899
455	467
455	588
455	631
455	704
456	887
456	922
457	768
457	933
457	959
458	605
458	646
458	901
459	550
459	559
459	919
460	674
460	821
462	475
462	511
462	966
463	616
463	650
463	906
464	611
464	728
464	764
465	948
466	703
466	944
466	965
467	527
467	551
467	602
468	591
469	657
469	905
469	921
470	574
470	682
471	630
471	892
472	949
472	997
473	632
473	700
474	987
475	509
475	711
475	996
476	525
476	576
476	614
476	645
478	503
478	907
479	550
479	580
479	848
479	947
480	857
481	825
481	992
482	543
482	562
482	989
483	556
484	525
484	537
485	533
485	628
485	654
485	745
485	836
486	519
487	507
487	875
487	895
487	937
488	696
488	781
489	539
489	711
489	778
489	868
490	589
490	712
491	639
491	804
492	793
493	856
493	894
494	715
495	632
495	904
496	952
496	982
497	574
497	925
497	969
498	947
500	877
501	944
502	515
502	604
502	861
502	910
503	853
504	508
504	643
504	661
504	892
505	612
505	779
506	599
506	695
506	875
506	989
507	715
507	723
508	616
508	975
509	675
509	744
510	625
510	641
511	943
512	531
515	637
516	680
517	758
517	759
518	546
518	673
518	743
518	923
518	963
519	581
519	877
520	550
520	641
520	864
521	838
521	850
522	735
523	583
523	702
524	771
525	657
525	855
526	824
527	862
527	956
528	563
528	745
529	779
530	660
530	695
530	715
531	561
532	693
532	717
532	838
533	674
533	976
534	564
534	667
534	901
534	920
535	842
535	874
536	617
537	957
538	946
538	962
539	942
541	570
542	597
542	653
542	794
543	603
543	913
544	561
544	725
545	827
546	688
546	869
547	549
548	907
549	619
549	648
549	982
550	641
550	681
551	555
551	858
553	670
553	691
553	815
554	932
554	958
555	783
556	562
556	824
556	900
557	594
557	730
558	646
558	713
558	880
559	673
560	621
560	972
560	993
561	828
562	826
564	582
564	605
564	659
564	688
566	618
566	876
566	900
567	580
568	692
569	793
569	915
571	997
572	808
572	899
573	665
573	770
574	640
575	938
576	682
578	593
579	679
579	879
581	785
584	762
584	966
585	745
587	589
587	825
588	616
588	626
588	868
589	591
591	911
592	760
592	999
593	820
594	722
594	960
596	677
596	937
597	761
598	807
598	811
598	935
600	644
600	665
601	701
601	766
601	979
601	986
602	741
604	688
605	623
606	943
607	763
607	878
608	734
609	735
610	969
611	621
611	936
612	617
612	658
612	743
613	829
614	940
615	730
615	896
616	708
617	867
618	709
619	698
620	653
620	755
620	950
624	736
625	821
625	859
625	979
626	627
626	876
626	917
629	720
629	892
631	766
631	862
633	731
633	979
636	937
636	972
638	808
638	873
638	877
638	897
640	747
641	990
642	834
643	875
644	677
644	711
646	743
646	998
649	949
650	967
651	661
652	671
652	953
652	954
656	789
656	969
661	866
661	871
663	851
664	796
665	771
665	886
666	895
668	696
668	992
669	827
670	788
671	707
675	718
675	865
680	882
680	905
681	946
683	929
683	981
684	802
684	961
686	817
687	737
688	854
690	698
690	739
690	899
691	711
692	994
693	885
693	938
693	994
694	750
695	939
697	791
697	804
697	924
700	844
700	876
700	976
701	835
701	859
701	907
703	741
704	707
705	710
705	925
706	737
707	719
707	973
708	801
708	833
709	986
710	723
710	819
710	988
711	775
712	895
715	959
721	851
721	943
723	870
724	916
725	789
726	796
727	776
728	973
729	825
729	831
731	935
736	973
740	977
744	747
744	991
746	752
749	985
750	799
750	935
751	909
752	864
753	778
754	785
757	863
758	848
760	830
760	859
760	903
761	906
763	799
763	807
764	881
767	813
767	838
769	828
771	881
775	782
775	855
779	872
779	881
779	991
780	834
781	782
783	844
784	936
784	993
786	860
787	832
796	941
798	898
802	823
802	830
803	911
804	816
804	833
810	981
811	885
811	958
812	944
814	978
816	861
822	924
826	968
831	928
832	867
839	868
839	945
840	888
842	880
842	978
844	918
846	916
850	906
852	963
857	893
860	867
868	956
869	894
874	953
874	965
877	925
887	905
889	913
889	980
890	951
911	945
912	986
917	968
917	975
920	964
920	986
920	994
921	956
928	950
928	988
930	980
933	961
935	990
941	998
963	995
972	983
