1	2
1	12
1	19
1	22
1	74
1	90
1	96
1	109
1	116
1	128
1	141
1	151
1	152
1	154
1	157
1	168
1	173
1	195
1	196
1	198
1	201
1	281
1	330
1	355
1	365
1	371
1	382
1	384
1	401
1	431
1	437
1	472
1	476
1	486
1	510
1	517
1	588
1	591
1	685
1	722
1	747
1	834
1	861
1	863
1	883
1	902
1	924
1	927
1	932
1	962
2	5
2	11
2	13
2	34
2	39
2	49
2	55
2	57
2	66
2	72
2	78
2	93
2	97
2	116
2	123
2	129
2	152
2	158
2	171
2	178
2	182
2	187
2	191
2	193
2	198
2	207
2	241
2	261
2	287
2	337
2	348
2	379
2	452
2	502
2	583
2	609
2	655
2	656
2	719
2	812
2	821
2	858
2	894
2	902
2	903
2	962
2	975
3	9
3	10
3	13
3	14
3	17
3	22
3	26
3	28
3	29
3	37
3	38
3	45
3	54
3	68
3	70
3	93
3	124
3	189
3	199
3	238
3	244
3	251
3	258
3	262
3	311
3	326
3	385
3	395
3	399
3	419
3	429
3	434
3	445
3	477
3	538
3	575
3	612
3	639
3	653
3	662
3	735
3	740
3	757
3	828
3	867
3	902
3	964
4	6
4	20
4	28
4	29
4	35
4	36
4	44
4	61
4	76
4	77
4	79
4	81
4	86
4	133
4	135
4	138
4	144
4	155
4	167
4	194
4	222
4	236
4	280
4	298
4	314
4	333
4	341
4	344
4	369
4	371
4	394
4	405
4	441
4	443
4	588
4	608
4	616
4	637
4	666
4	727
4	731
4	732
4	739
4	798
4	871
4	889
5	11
5	13
5	15
5	33
5	39
5	48
5	55
5	63
5	82
5	99
5	100
5	109
5	112
5	133
5	149
5	159
5	163
5	188
5	221
5	231
5	239
5	250
5	264
5	279
5	310
5	331
5	336
5	384
5	392
5	438
5	515
5	546
5	582
5	616
5	635
5	654
5	661
5	684
5	757
5	760
5	783
5	895
5	949
5	973
6	9
6	28
6	30
6	35
6	36
6	37
6	47
6	54
6	77
6	80
6	97
6	117
6	118
6	123
6	128
6	132
6	134
6	152
6	155
6	160
6	169
6	201
6	213
6	224
6	228
6	260
6	346
6	358
6	365
6	403
6	463
6	491
6	534
6	541
6	575
6	619
6	672
6	719
6	780
6	809
6	829
6	877
6	892
6	985
7	9
7	10
7	18
7	28
7	29
7	32
7	38
7	39
7	50
7	52
7	57
7	62
7	76
7	94
7	98
7	142
7	151
7	153
7	180
7	200
7	206
7	250
7	287
7	295
7	326
7	327
7	368
7	388
7	467
7	488
7	514
7	553
7	624
7	625
7	643
7	693
7	712
7	762
7	766
7	796
7	800
7	802
7	942
7	955
7	996
8	17
8	18
8	41
8	45
8	46
8	48
8	55
8	67
8	145
8	149
8	157
8	170
8	187
8	211
8	260
8	320
8	325
8	345
8	350
8	359
8	371
8	385
8	387
8	411
8	445
8	474
8	478
8	480
8	491
8	516
8	545
8	566
8	629
8	645
8	803
8	822
8	828
8	832
8	938
8	942
8	950
8	953
8	960
8	988
9	11
9	13
9	25
9	40
9	42
9	52
9	84
9	88
9	89
9	106
9	115
9	127
9	178
9	183
9	189
9	230
9	267
9	276
9	297
9	317
9	323
9	345
9	401
9	427
9	477
9	479
9	503
9	512
9	546
9	561
9	622
9	661
9	790
9	797
9	865
9	866
9	874
9	920
9	948
9	994
10	11
10	14
10	18
10	32
10	33
10	52
10	67
10	71
10	94
10	126
10	132
10	135
10	153
10	165
10	172
10	175
10	184
10	215
10	226
10	235
10	237
10	242
10	280
10	303
10	329
10	353
10	366
10	403
10	433
10	438
10	458
10	575
10	594
10	624
10	629
10	682
10	693
10	755
10	810
10	959
11	12
11	14
11	23
11	27
11	29
11	32
11	41
11	94
11	103
11	121
11	123
11	125
11	154
11	156
11	169
11	223
11	235
11	239
11	281
11	324
11	346
11	349
11	353
11	433
11	496
11	522
11	562
11	575
11	603
11	618
11	621
11	631
11	640
11	658
11	775
11	906
11	985
12	16
12	24
12	29
12	38
12	49
12	70
12	73
12	86
12	93
12	100
12	114
12	119
12	123
12	124
12	154
12	165
12	180
12	201
12	217
12	260
12	290
12	294
12	348
12	350
12	414
12	444
12	471
12	568
12	574
12	580
12	590
12	615
12	747
12	752
12	756
12	804
12	831
12	911
13	22
13	23
13	26
13	27
13	40
13	45
13	49
13	53
13	67
13	106
13	107
13	156
13	174
13	189
13	203
13	209
13	249
13	252
13	254
13	281
13	303
13	336
13	354
13	362
13	411
13	498
13	550
13	599
13	630
13	748
13	787
13	817
13	862
13	899
13	964
13	978
14	19
14	22
14	26
14	32
14	33
14	37
14	58
14	66
14	70
14	79
14	82
14	83
14	113
14	115
14	120
14	131
14	134
14	172
14	189
14	202
14	216
14	280
14	321
14	323
14	362
14	381
14	389
14	412
14	468
14	479
14	500
14	515
14	615
14	723
14	819
14	841
14	899
15	17
15	28
15	43
15	51
15	56
15	65
15	71
15	86
15	90
15	91
15	120
15	125
15	132
15	155
15	181
15	186
15	238
15	316
15	328
15	331
15	355
15	388
15	390
15	418
15	527
15	538
15	632
15	638
15	652
15	681
15	721
15	761
15	785
15	806
15	856
15	908
15	952
15	955
15	972
16	20
16	30
16	37
16	48
16	50
16	52
16	62
16	65
16	68
16	69
16	79
16	95
16	101
16	109
16	131
16	214
16	268
16	363
16	393
16	395
16	412
16	415
16	416
16	461
16	482
16	494
16	497
16	510
16	514
16	539
16	592
16	705
16	804
16	909
16	913
16	919
16	939
16	1000
17	24
17	25
17	30
17	59
17	73
17	78
17	93
17	117
17	148
17	149
17	170
17	174
17	188
17	211
17	218
17	279
17	287
17	329
17	344
17	428
17	434
17	447
17	475
17	509
17	549
17	553
17	570
17	578
17	673
17	699
17	728
17	729
17	778
17	853
17	866
17	964
18	23
18	33
18	52
18	61
18	71
18	126
18	172
18	178
18	179
18	197
18	200
18	221
18	247
18	250
18	252
18	256
18	289
18	309
18	313
18	334
18	339
18	382
18	432
18	433
18	602
18	618
18	647
18	658
18	660
18	680
18	682
18	764
18	806
18	915
18	959
19	23
19	34
19	44
19	57
19	78
19	95
19	108
19	111
19	123
19	129
19	147
19	198
19	222
19	278
19	290
19	334
19	354
19	412
19	422
19	476
19	529
19	557
19	562
19	569
19	582
19	601
19	606
19	612
19	638
19	668
19	689
19	776
19	879
19	947
19	951
19	959
20	38
20	47
20	50
20	53
20	56
20	65
20	66
20	73
20	81
20	83
20	85
20	102
20	139
20	152
20	155
20	214
20	218
20	228
20	230
20	243
20	293
20	299
20	317
20	370
20	386
20	488
20	521
20	577
20	643
20	671
20	702
20	713
20	807
20	904
20	974
20	978
21	24
21	26
21	39
21	47
21	49
21	52
21	67
21	72
21	87
21	96
21	107
21	122
21	124
21	133
21	144
21	161
21	187
21	210
21	236
21	259
21	260
21	266
21	295
21	322
21	325
21	367
21	418
21	465
21	492
21	552
21	569
21	597
21	635
21	646
21	872
21	905
21	924
21	928
22	23
22	29
22	31
22	52
22	53
22	58
22	59
22	70
22	127
22	137
22	164
22	191
22	236
22	240
22	249
22	251
22	268
22	269
22	335
22	371
22	377
22	395
22	413
22	467
22	604
22	637
22	738
22	749
22	778
22	816
22	881
22	910
22	980
22	998
23	32
23	63
23	68
23	88
23	99
23	100
23	113
23	128
23	135
23	187
23	225
23	242
23	249
23	271
23	284
23	335
23	351
23	354
23	362
23	389
23	416
23	463
23	494
23	546
23	559
23	601
23	618
23	669
23	758
23	855
23	893
23	946
23	949
24	25
24	87
24	93
24	118
24	123
24	128
24	146
24	171
24	173
24	194
24	195
24	198
24	250
24	263
24	310
24	321
24	380
24	387
24	407
24	442
24	490
24	501
24	537
24	542
24	546
24	587
24	677
24	678
24	686
24	697
24	761
24	884
24	937
24	987
25	35
25	49
25	81
25	96
25	119
25	177
25	193
25	195
25	229
25	239
25	243
25	303
25	308
25	338
25	348
25	350
25	435
25	437
25	529
25	533
25	596
25	638
25	678
25	683
25	695
25	800
25	804
25	820
25	872
25	901
25	929
25	935
25	962
25	970
26	31
26	68
26	70
26	84
26	97
26	102
26	106
26	107
26	123
26	130
26	147
26	155
26	178
26	184
26	240
26	248
26	266
26	276
26	319
26	336
26	429
26	439
26	472
26	498
26	522
26	535
26	536
26	675
26	758
26	790
26	812
26	832
26	974
27	30
27	33
27	47
27	55
27	56
27	64
27	67
27	79
27	92
27	122
27	135
27	198
27	209
27	219
27	224
27	236
27	259
27	262
27	265
27	270
27	344
27	370
27	371
27	404
27	405
27	422
27	423
27	492
27	518
27	606
27	613
27	617
27	731
27	770
27	794
28	30
28	39
28	42
28	45
28	48
28	61
28	92
28	139
28	143
28	204
28	211
28	229
28	307
28	322
28	323
28	347
28	361
28	404
28	418
28	443
28	450
28	492
28	527
28	565
28	572
28	576
28	586
28	749
28	793
28	801
28	896
28	930
29	35
29	60
29	65
29	81
29	102
29	110
29	121
29	151
29	154
29	201
29	234
29	265
29	291
29	300
29	308
29	320
29	383
29	387
29	449
29	524
29	589
29	649
29	653
29	680
29	701
29	760
29	792
29	871
29	903
29	908
30	39
30	42
30	45
30	51
30	87
30	131
30	163
30	257
30	258
30	259
30	295
30	299
30	302
30	373
30	407
30	437
30	569
30	576
30	601
30	606
30	664
30	680
30	690
30	695
30	772
30	863
30	887
30	912
30	917
30	940
30	981
31	38
31	48
31	56
31	66
31	101
31	146
31	160
31	167
31	183
31	194
31	293
31	307
31	317
31	337
31	344
31	350
31	373
31	414
31	432
31	454
31	466
31	480
31	496
31	500
31	511
31	513
31	582
31	593
31	649
31	724
31	762
31	768
31	824
31	833
32	34
32	35
32	36
32	41
32	45
32	52
32	64
32	68
32	107
32	120
32	126
32	170
32	190
32	200
32	206
32	219
32	247
32	285
32	302
32	339
32	430
32	433
32	537
32	540
32	553
32	647
32	692
32	866
32	875
32	953
32	957
33	40
33	43
33	46
33	56
33	67
33	73
33	75
33	80
33	97
33	109
33	135
33	146
33	150
33	162
33	205
33	269
33	286
33	310
33	404
33	406
33	408
33	420
33	499
33	559
33	623
33	684
33	710
33	771
33	869
33	985
34	44
34	57
34	62
34	63
34	72
34	95
34	98
34	105
34	116
34	129
34	179
34	185
34	191
34	291
34	313
34	333
34	339
34	370
34	397
34	406
34	424
34	467
34	520
34	537
34	552
34	660
34	741
34	855
34	891
34	944
34	956
35	36
35	55
35	61
35	64
35	67
35	96
35	100
35	119
35	136
35	252
35	272
35	276
35	312
35	338
35	426
35	450
35	454
35	490
35	517
35	714
35	715
35	730
35	731
35	874
35	879
35	937
35	950
35	985
36	42
36	75
36	111
36	139
36	158
36	164
36	184
36	283
36	304
36	309
36	333
36	344
36	404
36	406
36	412
36	440
36	450
36	462
36	521
36	702
36	817
36	848
36	852
36	931
36	952
36	971
36	997
37	47
37	48
37	51
37	53
37	61
37	66
37	72
37	81
37	92
37	107
37	134
37	155
37	219
37	236
37	240
37	257
37	298
37	341
37	375
37	476
37	565
37	572
37	646
37	675
37	719
37	748
37	979
38	60
38	69
38	71
38	86
38	97
38	103
38	124
38	136
38	165
38	197
38	199
38	223
38	421
38	428
38	444
38	458
38	495
38	525
38	643
38	662
38	692
38	706
38	857
38	873
38	963
39	59
39	76
39	78
39	86
39	89
39	106
39	108
39	116
39	118
39	129
39	160
39	177
39	193
39	237
39	242
39	290
39	330
39	369
39	509
39	519
39	653
39	700
39	839
39	944
40	50
40	62
40	63
40	87
40	113
40	147
40	154
40	203
40	254
40	260
40	319
40	340
40	464
40	514
40	525
40	536
40	543
40	708
40	739
40	758
40	838
40	844
40	867
40	882
40	906
40	923
40	987
41	74
41	75
41	77
41	112
41	132
41	143
41	149
41	151
41	192
41	205
41	228
41	263
41	307
41	328
41	593
41	609
41	614
41	730
41	737
41	756
41	782
41	801
41	903
41	912
41	922
41	960
42	43
42	45
42	53
42	55
42	82
42	91
42	94
42	113
42	116
42	181
42	202
42	203
42	207
42	219
42	242
42	365
42	377
42	389
42	555
42	585
42	673
42	698
42	750
42	899
42	997
43	56
43	64
43	80
43	92
43	120
43	137
43	141
43	211
43	225
43	234
43	253
43	264
43	265
43	267
43	274
43	279
43	315
43	340
43	368
43	529
43	632
43	687
43	767
43	795
43	929
43	966
44	53
44	69
44	70
44	87
44	95
44	129
44	142
44	161
44	180
44	209
44	222
44	235
44	305
44	308
44	317
44	450
44	461
44	533
44	584
44	593
44	620
44	674
44	744
44	830
44	880
44	897
45	65
45	77
45	82
45	107
45	144
45	193
45	196
45	202
45	228
45	300
45	397
45	401
45	528
45	536
45	537
45	555
45	736
45	747
45	900
45	914
45	967
45	1000
46	54
46	61
46	62
46	63
46	68
46	71
46	81
46	91
46	138
46	161
46	240
46	245
46	265
46	296
46	301
46	340
46	344
46	378
46	386
46	473
46	512
46	602
46	664
46	694
46	713
46	760
46	889
47	51
47	93
47	114
47	117
47	121
47	187
47	236
47	258
47	302
47	318
47	434
47	488
47	503
47	566
47	578
47	674
47	714
47	773
47	777
47	789
47	821
47	849
47	969
48	57
48	60
48	65
48	69
48	81
48	83
48	86
48	109
48	110
48	113
48	131
48	171
48	268
48	278
48	396
48	412
48	461
48	540
48	724
48	809
48	956
48	982
49	59
49	60
49	71
49	78
49	97
49	150
49	215
49	257
49	323
49	357
49	393
49	526
49	576
49	686
49	702
49	703
49	766
49	848
49	897
49	918
49	940
49	973
50	53
50	64
50	65
50	83
50	114
50	135
50	141
50	222
50	393
50	412
50	420
50	517
50	551
50	552
50	557
50	572
50	615
50	652
50	706
50	727
50	795
50	810
50	838
51	92
51	95
51	103
51	147
51	149
51	190
51	214
51	221
51	236
51	257
51	325
51	326
51	357
51	387
51	408
51	410
51	530
51	606
51	654
51	751
51	808
51	928
51	977
52	58
52	69
52	118
52	131
52	138
52	216
52	239
52	327
52	368
52	408
52	413
52	510
52	544
52	573
52	592
52	706
52	745
52	848
52	857
53	84
53	105
53	166
53	168
53	182
53	190
53	212
53	216
53	246
53	247
53	334
53	380
53	430
53	488
53	522
53	589
53	605
53	616
53	630
53	948
54	59
54	75
54	84
54	99
54	131
54	192
54	219
54	241
54	265
54	268
54	341
54	366
54	398
54	493
54	501
54	522
54	567
54	661
54	710
54	721
54	847
54	850
54	967
55	72
55	76
55	91
55	208
55	228
55	246
55	318
55	352
55	374
55	460
55	473
55	539
55	540
55	542
55	604
55	606
55	670
55	699
55	786
55	946
56	62
56	101
56	105
56	107
56	114
56	186
56	188
56	210
56	225
56	242
56	293
56	341
56	457
56	588
56	609
56	626
56	639
56	679
56	680
56	811
57	87
57	95
57	101
57	187
57	305
57	348
57	349
57	375
57	376
57	379
57	384
57	456
57	592
57	636
57	674
57	712
57	734
57	736
57	836
57	874
57	932
58	66
58	88
58	181
58	212
58	269
58	275
58	297
58	358
58	421
58	431
58	459
58	473
58	497
58	507
58	550
58	597
58	608
58	615
58	639
58	707
58	835
58	986
58	1000
59	60
59	86
59	87
59	92
59	98
59	123
59	125
59	130
59	142
59	162
59	195
59	229
59	311
59	332
59	434
59	641
59	709
59	726
59	788
59	925
60	78
60	121
60	125
60	140
60	165
60	184
60	212
60	239
60	250
60	283
60	308
60	330
60	352
60	368
60	372
60	449
60	627
60	695
60	786
60	791
61	110
61	143
61	144
61	192
61	307
61	323
61	331
61	366
61	481
61	604
61	714
61	728
61	764
61	782
61	786
61	961
61	969
61	982
61	995
62	91
62	93
62	117
62	143
62	174
62	178
62	286
62	293
62	396
62	438
62	457
62	538
62	539
62	652
62	673
62	727
62	754
62	829
62	862
63	76
63	95
63	99
63	120
63	134
63	137
63	146
63	155
63	176
63	183
63	253
63	260
63	279
63	295
63	441
63	538
63	571
63	805
63	892
63	943
64	84
64	110
64	144
64	206
64	252
64	294
64	319
64	427
64	430
64	452
64	487
64	557
64	575
64	589
64	672
64	694
64	810
64	895
64	956
64	977
65	83
65	85
65	131
65	138
65	143
65	147
65	157
65	193
65	212
65	214
65	217
65	369
65	416
65	498
65	511
65	546
65	559
65	591
66	72
66	109
66	155
66	165
66	214
66	260
66	343
66	358
66	381
66	398
66	420
66	512
66	522
66	534
66	592
66	648
66	652
66	968
67	72
67	114
67	127
67	147
67	289
67	305
67	316
67	341
67	357
67	402
67	410
67	423
67	453
67	468
67	482
67	701
67	772
68	71
68	88
68	96
68	98
68	100
68	119
68	169
68	245
68	272
68	275
68	432
68	474
68	553
68	557
68	743
68	751
68	945
69	80
69	109
69	123
69	143
69	200
69	212
69	269
69	306
69	421
69	473
69	518
69	591
69	668
69	788
69	884
69	910
69	949
69	960
70	88
70	104
70	116
70	127
70	129
70	182
70	258
70	342
70	351
70	380
70	395
70	404
70	508
70	547
70	571
70	705
70	723
71	175
71	197
71	239
71	240
71	296
71	339
71	349
71	413
71	417
71	421
71	503
71	539
71	716
71	781
71	924
71	994
72	79
72	213
72	215
72	243
72	257
72	318
72	324
72	391
72	454
72	460
72	530
72	628
72	636
72	744
72	755
72	764
73	90
73	100
73	122
73	145
73	205
73	352
73	391
73	436
73	490
73	501
73	558
73	584
73	591
73	607
73	633
73	701
73	715
73	925
74	103
74	132
74	148
74	205
74	235
74	274
74	329
74	341
74	343
74	395
74	404
74	411
74	444
74	466
74	484
74	511
74	601
74	648
74	689
74	954
75	114
75	127
75	213
75	231
75	246
75	333
75	386
75	391
75	393
75	421
75	469
75	565
75	574
75	705
75	798
75	833
75	911
75	941
76	112
76	124
76	167
76	239
76	262
76	288
76	299
76	339
76	340
76	349
76	352
76	357
76	446
76	483
76	549
76	607
76	814
77	147
77	196
77	202
77	266
77	277
77	363
77	381
77	441
77	452
77	517
77	524
77	528
77	578
77	636
77	734
77	756
77	758
78	112
78	118
78	129
78	152
78	183
78	190
78	193
78	221
78	237
78	439
78	554
78	574
78	580
78	691
78	937
79	142
79	208
79	251
79	258
79	289
79	298
79	385
79	416
79	561
79	641
79	672
79	732
79	742
79	919
79	976
79	996
80	107
80	143
80	159
80	168
80	213
80	233
80	260
80	310
80	336
80	426
80	599
80	620
80	711
80	757
80	871
80	983
80	999
81	83
81	99
81	133
81	148
81	163
81	188
81	233
81	392
81	542
81	560
81	600
81	679
81	842
81	958
82	104
82	107
82	113
82	116
82	146
82	168
82	194
82	202
82	231
82	394
82	406
82	453
82	552
82	573
82	685
82	750
82	850
83	89
83	110
83	264
83	395
83	417
83	455
83	459
83	494
83	563
83	627
83	770
83	815
83	853
83	854
83	905
84	130
84	166
84	183
84	221
84	230
84	247
84	276
84	280
84	285
84	400
84	541
84	573
84	647
84	648
84	825
84	831
85	91
85	92
85	99
85	102
85	132
85	161
85	164
85	175
85	214
85	319
85	356
85	364
85	405
85	423
85	451
85	487
85	548
85	590
85	974
86	103
86	151
86	176
86	218
86	222
86	234
86	461
86	497
86	499
86	509
86	558
86	625
86	658
86	729
87	96
87	108
87	242
87	292
87	300
87	305
87	337
87	351
87	382
87	496
87	744
87	797
87	944
88	114
88	120
88	133
88	207
88	248
88	249
88	315
88	351
88	487
88	561
88	773
88	776
88	783
88	798
88	927
89	102
89	131
89	151
89	161
89	208
89	217
89	222
89	243
89	269
89	379
89	415
89	551
89	603
89	717
89	855
89	934
89	949
90	101
90	110
90	194
90	249
90	270
90	364
90	367
90	421
90	431
90	447
90	453
90	494
90	695
90	741
90	751
90	795
90	966
91	134
91	167
91	232
91	238
91	269
91	331
91	377
91	434
91	523
91	548
91	725
91	934
91	950
91	951
92	122
92	169
92	204
92	237
92	337
92	506
92	648
92	720
92	836
92	859
92	876
92	925
92	967
93	136
93	139
93	141
93	227
93	248
93	255
93	410
93	464
93	587
93	603
93	611
93	804
94	98
94	114
94	160
94	220
94	334
94	353
94	424
94	544
94	558
94	631
94	658
94	669
94	745
94	783
94	803
95	118
95	127
95	180
95	278
95	342
95	349
95	425
95	509
95	664
95	701
95	921
95	923
96	108
96	118
96	125
96	136
96	200
96	250
96	349
96	387
96	442
96	484
96	650
96	753
96	983
97	98
97	139
97	165
97	179
97	211
97	334
97	370
97	458
97	592
97	627
97	701
97	788
97	827
98	132
98	145
98	172
98	214
98	232
98	239
98	273
98	291
98	304
98	401
98	654
98	796
98	920
99	109
99	169
99	207
99	231
99	274
99	386
99	434
99	545
99	645
99	768
99	812
99	858
99	977
100	144
100	202
100	225
100	283
100	371
100	432
100	441
100	469
100	479
100	631
100	733
100	800
101	153
101	200
101	239
101	265
101	273
101	277
101	347
101	495
101	531
101	668
101	757
101	761
101	984
102	129
102	141
102	168
102	217
102	271
102	312
102	521
102	529
102	556
102	562
102	581
102	807
102	931
103	110
103	175
103	205
103	272
103	274
103	356
103	455
103	509
103	617
103	683
103	759
103	916
103	935
104	188
104	193
104	223
104	248
104	284
104	285
104	348
104	457
104	547
104	554
104	609
104	716
104	724
104	902
104	952
104	975
105	130
105	181
105	209
105	245
105	280
105	294
105	319
105	324
105	376
105	394
105	399
105	427
105	573
105	875
105	916
106	123
106	141
106	166
106	199
106	276
106	291
106	365
106	401
106	429
106	502
106	736
106	771
106	818
106	968
107	116
107	136
107	254
107	312
107	464
107	625
107	648
107	708
107	841
108	164
108	172
108	180
108	185
108	290
108	347
108	397
108	436
108	534
108	670
108	723
108	745
108	904
108	993
109	224
109	316
109	380
109	396
109	417
109	635
109	683
109	910
109	959
110	180
110	345
110	350
110	407
110	476
110	574
110	774
110	854
110	958
110	992
111	128
111	161
111	191
111	218
111	233
111	237
111	241
111	436
111	446
111	515
111	624
111	649
111	668
111	764
111	765
112	139
112	174
112	190
112	308
112	359
112	364
112	492
112	554
112	613
112	637
112	646
112	656
112	696
113	154
113	206
113	224
113	320
113	323
113	365
113	422
113	504
113	512
113	807
113	986
114	117
114	138
114	146
114	272
114	298
114	360
114	532
114	677
114	880
115	116
115	146
115	153
115	323
115	334
115	454
115	524
115	528
115	561
115	603
115	610
115	624
115	861
115	887
115	993
116	144
116	281
116	405
116	489
116	717
116	763
116	844
116	967
117	148
117	165
117	217
117	249
117	320
117	471
117	475
117	480
117	506
117	610
117	629
117	741
118	171
118	225
118	237
118	275
118	663
118	785
118	891
118	894
118	997
119	166
119	256
119	264
119	316
119	338
119	507
119	582
119	601
119	663
119	787
119	801
119	850
120	183
120	238
120	242
120	295
120	355
120	590
120	594
120	685
120	833
120	869
121	165
121	278
121	291
121	361
121	403
121	446
121	470
121	689
121	751
121	820
121	980
121	981
122	215
122	240
122	285
122	287
122	495
122	541
122	545
122	588
122	887
122	914
122	916
122	991
123	157
123	165
123	427
123	481
123	620
123	951
124	167
124	173
124	204
124	241
124	341
124	352
124	517
124	535
124	889
124	975
125	191
125	218
125	277
125	293
125	305
125	359
125	594
125	599
125	634
125	870
126	209
126	217
126	266
126	267
126	273
126	282
126	317
126	432
126	476
126	494
126	505
126	839
127	129
127	132
127	151
127	298
127	550
127	606
127	773
127	800
127	901
128	218
128	278
128	305
128	313
128	428
128	440
128	530
128	560
128	678
128	881
129	187
129	461
129	578
129	586
129	668
129	935
130	144
130	166
130	201
130	234
130	263
130	285
130	311
130	315
130	426
130	449
130	863
131	217
131	459
131	676
131	734
131	854
131	893
131	990
132	167
132	192
132	262
132	290
132	301
132	506
132	839
133	143
133	173
133	184
133	233
133	424
133	429
133	542
133	948
133	954
133	981
134	139
134	144
134	186
134	403
134	463
134	498
134	531
134	622
134	975
134	981
135	281
135	343
135	391
135	402
135	469
135	506
135	530
135	546
135	565
136	162
136	329
136	383
136	426
136	431
136	477
136	826
136	870
136	936
136	996
137	202
137	221
137	243
137	392
137	438
137	450
137	616
137	625
137	633
137	652
137	729
137	921
138	171
138	268
138	366
138	390
138	539
138	596
138	676
138	825
138	846
138	984
139	166
139	215
139	216
139	386
139	528
139	579
139	629
139	642
140	143
140	149
140	163
140	173
140	184
140	186
140	219
140	288
140	413
140	516
140	523
140	762
140	894
141	356
141	369
141	412
141	451
141	457
141	572
141	655
141	823
142	153
142	270
142	304
142	338
142	422
142	574
142	657
142	665
142	681
142	694
143	248
143	436
143	466
143	851
143	901
144	180
144	188
144	234
144	262
144	843
145	182
145	190
145	200
145	364
145	394
145	419
145	698
145	778
145	913
145	952
145	995
146	286
146	381
146	478
146	482
146	595
146	684
146	823
147	209
147	361
147	489
147	574
147	797
147	963
147	978
148	153
148	162
148	188
148	219
148	278
148	397
148	623
148	722
148	854
148	992
149	296
149	338
149	396
149	566
149	623
149	728
149	732
149	817
150	159
150	192
150	206
150	241
150	288
150	420
150	523
150	565
150	623
150	679
150	785
150	930
151	217
151	335
151	478
151	538
151	576
151	930
151	983
152	157
152	167
152	195
152	246
152	335
152	361
152	431
152	703
152	753
153	206
153	278
153	296
153	317
153	553
153	842
153	889
153	986
154	190
154	191
154	291
154	376
154	379
154	590
154	689
154	885
155	738
155	748
155	768
155	781
155	812
155	888
156	205
156	293
156	315
156	496
156	675
156	720
156	766
156	779
156	786
156	818
156	991
157	375
157	435
157	451
157	581
157	890
157	930
157	938
157	942
158	172
158	185
158	198
158	282
158	334
158	375
158	414
158	455
158	547
158	609
158	716
159	168
159	213
159	238
159	315
159	411
159	441
159	473
159	494
159	941
159	971
160	173
160	198
160	306
160	368
160	455
160	466
160	473
160	661
160	724
161	239
161	263
161	316
161	376
161	670
161	692
161	760
162	267
162	273
162	325
162	336
162	426
162	600
162	655
162	656
162	722
163	221
163	385
163	428
163	561
163	650
163	688
163	827
163	870
163	892
164	243
164	269
164	270
164	332
164	345
164	413
164	572
164	622
164	735
165	176
165	260
165	678
165	891
166	297
166	437
166	449
166	526
166	647
166	688
166	698
167	271
167	383
167	511
167	527
167	687
167	788
168	186
168	309
168	345
168	460
168	811
168	836
168	965
169	394
169	406
169	425
169	456
169	472
169	767
169	894
169	922
170	197
170	219
170	263
170	333
170	430
170	540
170	709
170	795
170	826
170	938
171	185
171	415
171	493
171	555
171	597
171	641
171	715
171	861
172	270
172	313
172	327
172	458
172	493
172	693
172	749
173	188
173	372
173	373
173	407
173	425
173	829
173	964
174	260
174	367
174	465
174	594
174	602
174	627
174	743
174	767
174	944
175	236
175	253
175	275
175	309
175	511
175	691
175	773
175	777
175	781
176	245
176	311
176	317
176	484
176	667
176	699
176	772
176	877
176	904
177	197
177	275
177	329
177	440
177	509
177	532
177	657
177	746
177	886
177	962
178	190
178	223
178	270
178	274
178	309
178	368
178	374
179	180
179	218
179	226
179	505
179	510
179	617
179	630
179	738
179	809
180	339
180	526
180	588
180	712
181	333
181	346
181	354
181	439
181	685
181	876
181	901
181	927
182	285
182	300
182	302
182	553
182	604
182	645
182	831
182	879
183	216
183	326
183	372
183	462
183	673
183	690
184	314
184	351
184	520
184	535
184	569
184	913
185	270
185	307
185	368
185	520
185	537
185	621
185	650
185	697
186	222
186	345
186	563
186	677
186	687
186	873
186	987
187	265
187	274
187	398
187	425
187	690
188	390
188	405
188	600
188	778
189	297
189	320
189	348
189	376
189	395
189	474
189	495
189	765
190	428
190	465
190	485
190	539
191	203
191	255
191	265
191	439
191	466
191	490
192	254
192	281
192	310
192	488
192	671
192	819
192	835
193	264
193	440
193	765
193	837
193	989
194	305
194	347
194	590
194	612
194	785
194	791
194	861
195	229
195	235
195	471
195	626
195	634
195	730
195	931
196	519
196	537
196	576
196	587
196	734
196	759
196	927
196	947
196	951
197	326
197	353
197	420
197	423
197	455
197	659
197	852
198	213
198	551
198	611
198	727
198	903
199	282
199	342
199	343
199	457
199	560
199	756
199	880
199	885
199	907
200	215
200	280
200	304
200	675
200	920
201	233
201	252
201	292
201	467
201	518
201	692
201	749
202	266
202	373
202	472
202	651
202	679
203	214
203	218
203	255
203	382
203	418
203	822
203	970
203	971
204	459
204	465
204	582
204	601
204	662
204	715
204	716
204	791
204	917
205	307
205	409
205	448
205	507
205	583
205	608
206	280
206	502
206	651
206	782
206	868
207	268
207	358
207	579
207	603
207	657
207	669
207	921
208	349
208	488
208	518
208	555
208	689
208	706
208	865
208	912
209	445
209	822
209	886
209	941
209	974
210	235
210	288
210	318
210	346
210	379
210	628
210	842
210	871
210	941
211	312
211	452
211	516
211	554
211	556
211	581
212	330
212	396
212	502
212	515
212	551
212	873
213	228
213	359
213	400
213	436
213	785
214	220
214	407
214	939
215	326
215	346
215	438
215	830
215	881
216	493
216	549
216	564
216	695
216	725
216	954
217	284
217	734
217	910
218	747
218	843
218	882
219	320
219	492
219	578
220	225
220	275
220	316
220	423
220	714
220	733
220	933
220	961
220	969
221	241
221	378
221	806
221	811
222	337
222	356
222	397
222	947
223	343
223	407
223	659
223	693
223	777
223	878
223	968
224	256
224	275
224	403
224	449
224	704
224	740
224	979
225	436
225	444
225	646
225	667
225	704
226	309
226	415
226	422
226	660
226	700
226	702
226	802
226	957
226	988
227	238
227	347
227	398
227	621
227	657
227	677
227	875
227	888
227	970
227	984
228	475
228	740
228	780
228	947
228	969
229	350
229	385
229	407
229	504
229	589
229	621
229	769
230	271
230	273
230	358
230	549
230	604
230	637
230	816
230	921
231	373
231	411
231	480
231	499
231	591
231	681
231	930
232	244
232	274
232	297
232	529
232	873
232	875
232	885
232	914
232	989
233	571
233	611
233	625
233	626
233	634
233	997
234	327
234	370
234	398
234	411
234	471
234	610
235	377
235	500
235	543
235	703
235	759
236	283
236	372
236	879
237	330
237	348
237	374
237	674
237	784
238	277
238	416
238	482
238	770
238	972
239	541
240	246
240	289
240	640
240	642
240	758
241	301
241	413
241	654
241	712
241	901
242	244
242	644
242	674
242	962
243	302
243	322
243	480
243	682
243	980
244	307
244	321
244	526
244	534
244	678
244	763
244	821
244	970
245	277
245	554
245	570
245	625
245	856
245	918
246	263
246	402
246	589
246	872
246	939
247	317
247	349
247	732
247	775
247	855
247	878
248	282
248	452
248	596
248	636
248	704
249	418
249	510
249	638
249	982
250	363
250	373
250	438
250	943
251	283
251	291
251	328
251	332
251	385
251	456
251	813
252	296
252	388
252	631
252	772
252	933
253	315
253	324
253	405
253	507
253	650
253	791
253	879
254	535
254	657
254	707
254	813
254	857
254	865
255	304
255	371
255	588
255	608
255	796
255	895
255	940
256	299
256	421
256	454
256	851
256	877
256	945
256	961
257	312
257	357
257	594
257	754
257	986
258	259
258	322
258	446
258	742
258	953
259	297
259	468
259	519
259	579
259	668
259	920
261	271
261	354
261	359
261	431
261	567
261	571
261	604
261	776
261	923
262	524
262	623
262	653
262	695
262	743
263	585
263	664
263	670
263	805
264	301
264	363
264	544
264	550
264	783
265	457
265	476
266	280
266	536
266	537
266	541
266	914
267	404
267	563
267	685
267	719
267	806
267	898
268	380
268	478
268	564
268	633
269	276
269	485
269	514
270	313
270	364
270	634
271	284
271	335
271	398
271	437
271	614
272	314
272	322
272	366
272	417
272	483
272	933
273	510
273	564
273	718
273	846
273	987
274	618
274	655
274	819
275	374
275	790
275	981
276	559
276	567
276	688
276	909
277	388
277	508
277	597
277	664
277	815
278	447
278	804
278	908
279	345
279	462
279	484
279	607
279	717
279	911
280	430
280	844
281	400
281	555
281	595
281	632
282	548
282	649
282	754
282	781
282	792
282	972
283	296
283	374
283	503
283	585
283	985
284	301
284	464
284	483
284	599
284	730
284	898
285	315
285	476
285	495
285	863
286	655
286	665
286	738
286	752
286	817
286	965
286	1000
287	302
287	486
287	515
287	610
287	803
287	932
288	367
288	374
288	408
288	416
288	482
288	548
289	304
289	618
289	691
289	825
289	957
290	292
290	381
290	682
290	913
291	387
291	875
292	388
292	436
292	614
292	766
292	791
292	837
293	390
293	515
293	583
294	432
294	458
294	520
294	878
294	935
294	971
295	593
295	599
295	677
295	691
296	297
296	484
296	683
297	399
297	503
298	327
298	331
298	353
298	380
299	321
299	331
299	532
299	541
299	708
300	313
300	354
300	497
300	928
300	944
301	444
301	448
301	586
301	735
302	314
302	357
302	774
303	325
303	513
303	523
303	792
303	910
303	968
304	540
304	583
304	707
305	341
305	360
306	338
306	404
306	532
306	702
306	748
306	820
306	945
307	489
307	946
308	642
308	859
308	873
308	986
309	383
309	609
309	643
310	343
310	353
310	459
310	755
311	405
311	459
311	474
311	789
311	915
312	401
312	472
312	525
312	679
313	468
313	539
313	909
314	387
314	495
314	557
314	878
314	886
315	323
315	805
316	355
316	640
316	917
317	918
318	399
318	459
318	463
318	639
318	793
319	388
319	469
319	587
319	999
320	461
320	853
320	887
321	410
321	666
321	860
321	904
321	966
322	481
322	508
322	556
322	915
323	403
324	460
324	860
324	884
324	893
324	895
325	327
325	339
325	467
325	912
326	471
326	531
326	659
327	368
327	490
327	499
328	399
328	503
328	507
328	557
328	746
328	960
329	532
329	614
329	672
329	781
330	383
330	532
330	632
330	662
331	386
331	613
331	687
332	391
332	419
332	481
332	549
332	697
332	919
333	489
333	591
333	712
334	435
334	802
335	341
335	396
335	540
335	976
336	669
336	756
336	822
336	865
337	378
337	450
337	584
337	845
338	626
338	680
338	806
339	513
339	850
340	394
340	431
340	501
340	619
340	898
342	438
342	595
342	687
342	704
342	771
342	856
343	558
343	647
343	714
344	583
344	623
344	771
345	543
345	665
346	352
346	708
346	883
346	897
347	392
347	425
347	674
347	746
348	645
348	655
349	455
350	602
350	848
350	980
351	354
351	562
351	653
351	754
352	617
352	694
352	725
353	653
353	699
353	860
354	389
354	919
355	419
355	845
355	881
355	908
356	744
356	837
356	856
356	918
357	506
357	821
358	475
358	492
358	770
359	472
359	742
359	971
360	462
360	470
360	485
360	499
360	934
360	958
361	634
361	649
361	699
361	988
362	486
362	589
362	745
362	909
362	987
363	567
363	700
363	717
363	724
364	379
364	400
364	562
365	384
365	550
365	656
366	688
366	763
366	925
367	590
367	767
367	818
367	905
369	487
369	543
369	672
369	866
370	423
370	706
370	939
371	940
372	451
372	455
372	936
372	992
373	571
373	760
374	422
374	541
375	600
375	726
375	793
375	975
376	628
376	799
376	908
377	686
377	870
377	874
377	898
378	464
378	581
378	789
378	796
378	870
379	449
379	548
380	637
380	728
381	530
381	640
381	707
382	568
382	676
382	788
382	886
383	467
383	705
383	733
384	518
384	717
384	764
384	977
385	464
385	813
386	814
386	963
387	675
388	427
388	432
389	473
389	555
389	615
389	733
390	394
390	506
390	560
390	710
391	802
391	813
391	877
392	408
392	523
392	533
392	721
393	415
393	611
393	671
393	800
394	790
395	663
396	510
396	990
397	437
397	816
397	927
398	602
398	605
399	571
399	596
399	787
400	742
400	846
400	919
400	983
401	448
401	813
402	526
402	671
402	968
402	976
402	995
403	456
403	583
405	577
406	627
406	715
406	829
407	761
408	526
408	843
408	953
409	440
409	712
409	726
409	820
409	826
409	834
409	840
410	516
410	709
410	815
410	936
411	694
411	825
412	626
413	496
413	723
414	425
414	479
414	792
414	845
414	973
415	767
415	828
415	956
416	561
416	950
417	534
417	556
417	570
417	663
418	428
418	860
418	866
419	715
419	741
419	793
419	961
420	456
420	709
420	906
421	808
422	555
422	696
423	445
423	567
424	463
424	640
424	779
424	905
424	934
425	471
425	998
426	491
426	665
426	709
427	443
427	663
427	772
428	737
428	890
429	519
429	619
429	666
429	883
430	799
430	906
430	991
431	576
432	436
433	619
433	721
433	945
433	989
434	453
434	505
435	442
435	769
435	792
435	828
435	937
437	524
437	613
438	972
439	603
439	616
439	696
440	673
440	718
441	622
441	851
442	641
442	749
442	917
442	932
443	657
443	730
443	752
443	842
444	661
444	811
445	505
445	797
445	882
446	518
446	533
446	933
447	469
447	500
447	511
447	827
448	475
448	483
448	921
448	926
449	946
450	961
451	466
451	844
451	938
452	552
452	926
453	525
453	719
453	929
454	646
454	864
456	645
456	956
457	595
458	835
458	943
460	778
460	789
460	963
461	467
462	584
462	827
462	862
463	490
463	570
464	580
465	735
465	869
465	998
466	637
468	739
468	844
468	899
469	511
469	538
470	522
470	568
470	646
470	754
470	976
471	907
472	600
474	489
474	786
474	999
475	547
475	566
477	516
477	526
477	833
477	996
478	573
478	607
478	658
479	878
479	893
479	955
480	893
480	953
481	485
481	642
481	777
482	602
482	656
483	635
483	638
483	821
484	550
484	605
485	682
485	718
485	888
486	517
486	721
486	983
486	1000
487	543
487	561
487	911
488	752
489	552
489	636
490	965
491	502
491	659
491	823
491	960
492	966
493	514
493	527
493	779
494	608
495	809
496	593
496	605
497	498
497	710
497	809
498	503
498	685
499	594
499	863
500	677
500	697
500	933
501	520
501	563
501	779
502	670
502	765
504	535
504	558
504	768
504	888
504	965
505	787
505	836
505	892
506	896
507	701
507	793
508	543
508	684
508	832
508	883
509	533
512	580
512	748
512	819
513	618
513	751
513	780
513	959
514	569
514	690
515	868
516	869
516	925
517	836
518	585
519	676
519	807
519	958
520	554
520	924
521	620
521	853
521	914
521	948
522	544
523	612
523	805
524	947
524	999
525	750
525	818
525	922
527	533
527	725
527	931
528	651
528	687
528	854
529	711
529	937
530	861
530	889
531	697
531	713
531	782
531	917
532	830
533	619
534	824
534	835
535	831
535	852
536	608
536	659
536	882
538	684
540	598
542	698
542	762
542	931
543	876
544	562
544	580
544	688
545	642
545	883
545	890
545	998
546	869
547	673
547	696
547	812
548	573
548	660
549	698
549	737
550	681
551	718
551	736
551	915
552	723
553	716
554	632
556	820
556	835
556	979
557	669
558	596
558	624
559	635
559	739
559	773
560	626
560	865
560	980
562	911
563	810
563	954
564	586
564	650
564	858
565	654
566	746
566	846
567	672
568	652
568	700
568	801
569	972
570	662
570	771
572	592
575	906
577	828
577	838
577	899
577	929
578	703
579	842
579	976
579	977
580	955
581	794
581	923
582	630
584	595
584	660
585	830
585	924
586	738
586	965
587	607
587	720
593	617
595	774
596	745
597	726
597	928
598	675
598	755
598	775
598	814
598	967
599	979
600	872
605	633
605	699
607	671
610	622
610	803
611	742
611	994
612	686
612	720
613	629
613	864
614	826
614	988
615	829
616	690
617	857
619	709
620	690
620	735
621	683
621	693
622	799
624	739
627	718
628	671
628	891
628	991
629	711
630	633
630	794
631	651
631	995
632	856
633	750
634	669
635	808
636	826
638	682
639	825
639	926
640	824
641	670
641	945
642	798
643	665
643	916
644	692
644	763
644	779
644	849
644	963
645	902
647	802
648	777
649	840
650	746
651	700
651	918
654	816
656	894
658	757
659	868
660	881
661	990
662	741
663	814
664	681
665	903
666	702
666	780
666	846
667	679
667	725
667	922
667	997
676	707
676	900
678	847
680	711
681	840
683	710
684	837
686	759
686	988
688	841
689	765
691	859
691	969
692	950
693	952
694	705
696	867
696	992
697	951
698	864
700	794
703	799
703	979
704	796
704	984
705	900
706	876
707	713
708	769
708	784
710	973
711	752
711	955
713	775
713	808
714	907
716	909
717	993
720	753
722	851
722	990
726	810
727	776
728	794
729	782
729	989
731	834
731	923
732	807
733	815
736	784
737	798
737	867
740	784
740	973
743	892
743	992
744	990
747	978
750	831
753	837
753	898
755	814
759	943
761	982
762	862
763	843
766	858
768	823
769	774
769	897
770	936
774	886
775	776
780	849
783	858
784	880
787	851
789	824
790	805
795	938
797	964
799	834
801	859
803	808
811	958
815	884
816	838
817	884
818	941
819	896
822	841
823	855
824	840
827	849
830	991
832	847
832	984
833	995
834	920
838	982
839	868
839	872
840	864
841	935
843	948
845	880
845	922
847	877
847	907
848	891
849	897
850	934
852	913
852	942
853	905
857	890
859	936
860	915
862	993
864	900
867	957
868	871
874	932
876	926
882	994
885	994
885	996
887	916
888	890
895	896
896	907
900	978
904	940
912	929
926	949
928	966
939	970
942	943
946	957
954	993
974	999
989	998
