1	3
1	6
1	9
1	11
1	21
1	29
1	64
1	71
1	104
1	108
1	125
1	129
1	157
1	158
1	171
1	172
1	173
1	176
1	193
1	196
1	201
1	212
1	237
1	256
1	269
1	281
1	311
1	329
1	364
1	434
1	468
1	517
1	527
1	532
1	591
1	643
1	644
1	661
1	694
1	706
1	710
1	739
1	753
1	760
1	776
1	795
1	799
1	840
1	856
1	874
2	7
2	49
2	78
2	81
2	85
2	98
2	108
2	120
2	146
2	219
2	222
2	224
2	234
2	322
2	346
2	358
2	386
2	408
2	421
2	425
2	428
2	464
2	466
2	469
2	478
2	516
2	522
2	559
2	578
2	600
2	616
2	626
2	631
2	632
2	652
2	679
2	687
2	709
2	713
2	733
2	761
2	769
2	830
2	845
2	884
2	931
2	957
2	992
3	14
3	18
3	25
3	35
3	37
3	40
3	43
3	46
3	48
3	71
3	84
3	90
3	94
3	101
3	106
3	211
3	242
3	294
3	336
3	343
3	371
3	372
3	373
3	389
3	395
3	415
3	431
3	441
3	448
3	466
3	469
3	523
3	533
3	535
3	538
3	556
3	623
3	653
3	674
3	691
3	743
3	822
3	862
3	873
3	908
3	971
4	38
4	51
4	52
4	55
4	57
4	83
4	108
4	131
4	162
4	177
4	204
4	225
4	266
4	272
4	301
4	307
4	308
4	321
4	328
4	332
4	412
4	436
4	440
4	442
4	470
4	473
4	479
4	490
4	537
4	560
4	578
4	587
4	599
4	626
4	681
4	689
4	692
4	731
4	741
4	775
4	805
4	834
4	842
4	871
4	899
4	941
5	69
5	92
5	113
5	124
5	127
5	136
5	137
5	139
5	141
5	158
5	167
5	171
5	184
5	212
5	249
5	250
5	255
5	260
5	268
5	269
5	273
5	289
5	303
5	310
5	316
5	357
5	368
5	420
5	423
5	439
5	492
5	518
5	524
5	542
5	615
5	617
5	641
5	718
5	737
5	774
5	934
5	965
5	975
5	987
5	994
6	9
6	21
6	42
6	51
6	64
6	71
6	75
6	76
6	78
6	79
6	85
6	106
6	115
6	142
6	149
6	157
6	171
6	173
6	176
6	182
6	191
6	193
6	196
6	205
6	246
6	311
6	318
6	433
6	451
6	457
6	459
6	498
6	506
6	514
6	527
6	530
6	593
6	673
6	691
6	722
6	888
6	932
6	973
6	976
7	10
7	49
7	60
7	98
7	104
7	120
7	177
7	185
7	187
7	189
7	219
7	220
7	224
7	234
7	243
7	286
7	297
7	322
7	427
7	432
7	437
7	458
7	466
7	476
7	478
7	501
7	503
7	514
7	516
7	522
7	526
7	563
7	601
7	626
7	632
7	707
7	729
7	753
7	763
7	769
7	783
7	788
7	789
7	845
8	14
8	40
8	47
8	61
8	77
8	86
8	91
8	97
8	133
8	137
8	138
8	143
8	161
8	174
8	208
8	222
8	223
8	226
8	230
8	231
8	259
8	271
8	325
8	333
8	339
8	373
8	406
8	444
8	464
8	465
8	471
8	485
8	505
8	512
8	575
8	732
8	800
8	805
8	818
8	916
8	930
8	954
8	983
8	995
9	21
9	30
9	42
9	45
9	64
9	75
9	79
9	80
9	93
9	98
9	110
9	130
9	147
9	190
9	194
9	216
9	236
9	268
9	277
9	317
9	318
9	320
9	327
9	341
9	352
9	353
9	361
9	362
9	418
9	450
9	486
9	597
9	646
9	656
9	785
9	813
9	882
9	910
9	914
9	924
9	978
10	19
10	24
10	33
10	51
10	65
10	95
10	125
10	134
10	143
10	180
10	199
10	200
10	213
10	218
10	270
10	280
10	305
10	312
10	360
10	380
10	404
10	414
10	481
10	493
10	633
10	634
10	640
10	642
10	651
10	664
10	715
10	719
10	734
10	735
10	777
10	803
10	814
10	868
10	917
10	922
10	999
11	32
11	51
11	60
11	66
11	67
11	74
11	89
11	97
11	104
11	112
11	114
11	127
11	165
11	168
11	204
11	215
11	261
11	285
11	302
11	304
11	305
11	314
11	335
11	362
11	408
11	416
11	435
11	482
11	540
11	576
11	603
11	627
11	667
11	678
11	690
11	729
11	757
11	879
11	949
11	958
12	16
12	17
12	24
12	28
12	38
12	57
12	62
12	68
12	73
12	91
12	94
12	111
12	126
12	128
12	142
12	144
12	155
12	160
12	161
12	166
12	170
12	206
12	207
12	231
12	239
12	247
12	251
12	259
12	306
12	499
12	546
12	558
12	575
12	603
12	618
12	654
12	663
12	742
12	833
12	897
13	33
13	41
13	58
13	88
13	96
13	103
13	136
13	159
13	175
13	203
13	217
13	227
13	235
13	251
13	271
13	275
13	278
13	293
13	319
13	356
13	380
13	381
13	405
13	407
13	428
13	453
13	520
13	551
13	577
13	580
13	662
13	703
13	704
13	724
13	766
13	770
13	786
13	811
13	866
13	905
14	17
14	25
14	35
14	37
14	43
14	46
14	48
14	84
14	90
14	94
14	101
14	111
14	118
14	153
14	216
14	245
14	257
14	322
14	337
14	348
14	352
14	354
14	373
14	436
14	441
14	444
14	449
14	469
14	488
14	523
14	533
14	535
14	556
14	638
14	674
14	720
14	862
14	969
15	17
15	56
15	70
15	72
15	81
15	86
15	100
15	119
15	138
15	145
15	151
15	209
15	226
15	228
15	243
15	258
15	267
15	307
15	337
15	378
15	387
15	388
15	452
15	454
15	475
15	552
15	621
15	624
15	705
15	754
15	800
15	841
15	848
15	857
15	893
15	900
15	912
15	937
15	963
15	972
16	24
16	28
16	33
16	47
16	48
16	62
16	73
16	92
16	111
16	128
16	144
16	160
16	166
16	170
16	187
16	207
16	239
16	247
16	273
16	275
16	279
16	313
16	336
16	405
16	455
16	502
16	546
16	558
16	575
16	618
16	654
16	663
16	809
16	810
16	897
16	913
16	985
16	996
17	18
17	24
17	25
17	28
17	38
17	40
17	43
17	46
17	47
17	48
17	62
17	90
17	91
17	95
17	101
17	109
17	126
17	128
17	135
17	160
17	211
17	239
17	313
17	353
17	372
17	379
17	409
17	425
17	490
17	603
17	654
17	691
17	718
17	809
17	894
17	980
18	25
18	37
18	40
18	43
18	46
18	48
18	84
18	90
18	94
18	111
18	124
18	140
18	152
18	156
18	160
18	178
18	239
18	242
18	275
18	372
18	389
18	391
18	425
18	449
18	488
18	511
18	556
18	619
18	706
18	821
18	822
18	833
18	839
18	873
18	875
18	985
19	38
19	51
19	65
19	95
19	123
19	134
19	180
19	186
19	199
19	200
19	204
19	210
19	218
19	263
19	270
19	280
19	302
19	312
19	382
19	436
19	470
19	481
19	489
19	493
19	496
19	574
19	663
19	670
19	681
19	684
19	695
19	735
19	744
19	814
19	900
19	904
19	917
20	21
20	29
20	42
20	59
20	63
20	79
20	93
20	126
20	154
20	169
20	176
20	201
20	277
20	281
20	282
20	290
20	291
20	300
20	324
20	361
20	413
20	432
20	529
20	609
20	649
20	682
20	695
20	699
20	768
20	823
20	827
20	836
20	843
20	881
20	907
20	909
20	927
20	977
21	35
21	41
21	42
21	79
21	96
21	107
21	110
21	114
21	122
21	130
21	148
21	192
21	194
21	201
21	240
21	262
21	290
21	300
21	317
21	318
21	327
21	365
21	481
21	487
21	493
21	529
21	637
21	639
21	672
21	673
21	702
21	804
21	813
21	851
22	27
22	32
22	36
22	40
22	56
22	57
22	63
22	75
22	116
22	122
22	140
22	164
22	195
22	214
22	221
22	244
22	270
22	295
22	298
22	345
22	371
22	392
22	397
22	403
22	445
22	467
22	479
22	495
22	497
22	554
22	565
22	790
22	801
22	809
22	824
22	828
22	906
22	966
23	26
23	31
23	34
23	39
23	43
23	44
23	59
23	66
23	68
23	82
23	98
23	105
23	203
23	210
23	229
23	252
23	277
23	375
23	384
23	391
23	400
23	402
23	422
23	435
23	474
23	515
23	531
23	541
23	554
23	590
23	687
23	752
23	771
23	791
23	829
23	870
23	911
23	968
24	28
24	47
24	62
24	68
24	73
24	78
24	91
24	126
24	144
24	155
24	156
24	160
24	161
24	170
24	247
24	267
24	306
24	336
24	363
24	433
24	471
24	472
24	485
24	488
24	502
24	546
24	574
24	597
24	742
24	810
24	897
24	935
24	985
25	30
25	35
25	37
25	43
25	45
25	46
25	48
25	56
25	84
25	94
25	108
25	118
25	135
25	170
25	239
25	242
25	248
25	257
25	348
25	379
25	395
25	406
25	511
25	535
25	538
25	621
25	706
25	725
25	873
25	889
25	898
25	908
25	980
26	29
26	31
26	34
26	44
26	58
26	66
26	98
26	105
26	163
26	181
26	210
26	229
26	249
26	277
26	284
26	294
26	375
26	384
26	422
26	426
26	474
26	477
26	480
26	530
26	531
26	604
26	629
26	679
26	701
26	726
26	748
26	771
26	867
26	888
26	920
26	936
27	32
27	36
27	40
27	45
27	56
27	57
27	63
27	87
27	99
27	102
27	109
27	116
27	119
27	122
27	140
27	152
27	183
27	232
27	295
27	319
27	354
27	371
27	397
27	457
27	467
27	528
27	625
27	697
27	747
27	751
27	759
27	778
27	811
27	828
27	891
27	990
28	38
28	47
28	62
28	64
28	68
28	73
28	91
28	111
28	126
28	128
28	144
28	148
28	155
28	160
28	166
28	223
28	237
28	245
28	280
28	306
28	363
28	455
28	485
28	499
28	557
28	603
28	628
28	797
28	831
28	859
28	894
28	935
28	996
29	42
29	75
29	79
29	80
29	107
29	116
29	183
29	194
29	212
29	282
29	317
29	321
29	331
29	382
29	394
29	411
29	433
29	468
29	517
29	592
29	643
29	657
29	696
29	739
29	823
29	827
29	836
29	840
29	882
29	893
29	942
29	978
29	986
30	75
30	93
30	111
30	129
30	130
30	132
30	147
30	169
30	173
30	190
30	233
30	236
30	265
30	341
30	344
30	352
30	418
30	461
30	486
30	507
30	525
30	634
30	662
30	700
30	742
30	793
30	797
30	807
30	825
30	838
30	914
30	924
30	939
30	998
31	34
31	39
31	44
31	52
31	58
31	66
31	98
31	105
31	106
31	203
31	210
31	220
31	284
31	294
31	297
31	359
31	364
31	400
31	474
31	477
31	513
31	541
31	604
31	675
31	679
31	683
31	687
31	738
31	752
31	791
31	858
31	860
31	867
31	968
32	36
32	40
32	56
32	57
32	87
32	99
32	109
32	116
32	117
32	119
32	122
32	145
32	153
32	195
32	214
32	295
32	319
32	371
32	388
32	397
32	528
32	550
32	586
32	625
32	676
32	693
32	747
32	780
32	794
32	876
32	940
32	966
32	993
33	41
33	53
33	83
33	96
33	103
33	121
33	136
33	153
33	157
33	159
33	175
33	179
33	198
33	206
33	235
33	276
33	324
33	373
33	428
33	430
33	443
33	453
33	494
33	510
33	547
33	554
33	577
33	598
33	762
33	786
33	811
33	988
34	39
34	44
34	58
34	66
34	73
34	101
34	113
34	203
34	210
34	220
34	229
34	252
34	277
34	400
34	402
34	474
34	504
34	515
34	541
34	604
34	629
34	636
34	675
34	679
34	711
34	829
34	867
34	870
34	892
34	911
34	936
35	37
35	40
35	43
35	46
35	48
35	84
35	118
35	135
35	152
35	165
35	191
35	211
35	248
35	257
35	372
35	389
35	396
35	409
35	448
35	449
35	491
35	511
35	533
35	535
35	623
35	653
35	782
35	898
35	959
36	63
36	87
36	99
36	116
36	140
36	145
36	152
36	164
36	214
36	221
36	228
36	319
36	354
36	371
36	401
36	445
36	481
36	550
36	586
36	596
36	698
36	712
36	745
36	759
36	778
36	837
36	847
36	940
37	43
37	84
37	88
37	101
37	111
37	118
37	131
37	140
37	170
37	191
37	245
37	283
37	409
37	417
37	425
37	441
37	491
37	538
37	622
37	697
37	756
37	821
37	826
37	873
37	886
37	898
38	47
38	62
38	68
38	73
38	74
38	80
38	91
38	126
38	144
38	156
38	161
38	170
38	207
38	247
38	275
38	336
38	363
38	438
38	455
38	522
38	557
38	618
38	810
38	897
38	935
39	44
39	66
39	93
39	105
39	120
39	220
39	294
39	318
39	375
39	384
39	386
39	399
39	422
39	477
39	513
39	604
39	701
39	726
39	738
39	748
39	752
39	829
39	860
39	867
39	891
39	936
39	942
40	45
40	56
40	57
40	59
40	94
40	101
40	109
40	117
40	118
40	164
40	293
40	355
40	375
40	388
40	409
40	425
40	610
40	648
40	727
40	794
40	837
40	878
41	54
41	96
41	136
41	175
41	216
41	217
41	227
41	235
41	251
41	278
41	283
41	324
41	330
41	345
41	381
41	428
41	480
41	510
41	558
41	577
41	598
41	770
41	819
41	820
41	880
41	905
42	64
42	80
42	107
42	110
42	120
42	130
42	190
42	262
42	282
42	289
42	351
42	394
42	432
42	539
42	544
42	644
42	646
42	832
42	886
42	907
42	942
42	945
42	977
42	994
43	48
43	101
43	108
43	112
43	191
43	242
43	257
43	275
43	336
43	359
43	395
43	441
43	448
43	468
43	491
43	668
43	720
43	758
43	844
43	889
43	967
44	58
44	66
44	72
44	75
44	94
44	98
44	105
44	153
44	210
44	284
44	384
44	386
44	422
44	443
44	463
44	480
44	513
44	525
44	531
44	675
44	701
44	769
44	853
44	891
45	56
45	70
45	72
45	81
45	100
45	116
45	133
45	138
45	152
45	214
45	221
45	232
45	243
45	354
45	378
45	500
45	542
45	668
45	692
45	697
45	749
45	754
45	806
45	815
45	906
46	48
46	86
46	90
46	156
46	170
46	180
46	211
46	257
46	348
46	372
46	389
46	394
46	395
46	415
46	448
46	619
46	648
46	693
46	786
46	862
46	866
46	967
46	985
47	61
47	73
47	77
47	91
47	92
47	111
47	137
47	138
47	156
47	223
47	230
47	231
47	256
47	296
47	339
47	350
47	438
47	458
47	575
47	603
47	768
47	913
48	71
48	90
48	101
48	111
48	118
48	152
48	216
48	393
48	444
48	469
48	638
48	698
48	794
48	822
48	826
48	833
48	844
48	875
48	923
49	66
49	78
49	82
49	85
49	98
49	187
49	222
49	234
49	286
49	326
49	427
49	435
49	437
49	476
49	492
49	503
49	631
49	727
49	733
49	761
49	765
49	865
49	921
49	984
49	988
50	54
50	88
50	115
50	148
50	154
50	202
50	234
50	241
50	315
50	340
50	346
50	377
50	426
50	429
50	483
50	500
50	509
50	561
50	573
50	607
50	640
50	671
50	712
50	792
50	846
50	899
50	948
51	55
51	57
51	60
51	65
51	97
51	204
51	272
51	285
51	305
51	382
51	385
51	436
51	456
51	560
51	613
51	624
51	685
51	728
51	787
51	859
51	868
51	999
52	55
52	69
52	79
52	115
52	131
52	147
52	162
52	225
52	272
52	301
52	308
52	321
52	328
52	473
52	490
52	635
52	692
52	705
52	731
52	741
52	842
52	852
52	864
52	890
52	1000
53	58
53	96
53	103
53	136
53	159
53	198
53	217
53	218
53	251
53	324
53	343
53	356
53	381
53	428
53	508
53	510
53	547
53	554
53	580
53	589
53	717
53	725
53	762
53	784
53	889
53	988
54	71
54	85
54	107
54	191
54	202
54	220
54	241
54	315
54	383
54	427
54	437
54	478
54	480
54	483
54	561
54	570
54	600
54	612
54	671
54	750
54	789
54	918
54	921
54	957
55	58
55	91
55	131
55	204
55	266
55	272
55	301
55	308
55	328
55	332
55	412
55	440
55	490
55	560
55	684
55	689
55	705
55	731
55	775
55	845
55	864
55	904
55	925
56	57
56	63
56	99
56	102
56	117
56	119
56	122
56	164
56	214
56	244
56	401
56	482
56	497
56	630
56	756
56	778
56	790
56	815
56	993
57	63
57	99
57	102
57	109
57	117
57	140
57	145
57	164
57	295
57	345
57	401
57	403
57	467
57	471
57	542
57	596
57	676
57	964
58	66
58	105
58	127
58	135
58	153
58	159
58	235
58	278
58	356
58	392
58	400
58	413
58	431
58	443
58	515
58	525
58	704
58	762
58	891
59	79
59	80
59	124
59	158
59	201
59	205
59	320
59	396
59	493
59	585
59	595
59	637
59	644
59	682
59	696
59	711
59	803
59	804
59	847
59	881
59	961
59	978
60	67
60	74
60	89
60	97
60	104
60	112
60	114
60	149
60	165
60	168
60	225
60	261
60	285
60	314
60	362
60	408
60	435
60	540
60	707
60	717
60	850
60	959
61	77
61	86
61	133
61	143
61	161
61	174
61	205
61	226
61	287
61	333
61	339
61	350
61	406
61	424
61	438
61	464
61	465
61	732
61	790
61	802
61	823
61	858
61	995
62	68
62	126
62	156
62	166
62	239
62	245
62	247
62	259
62	313
62	438
62	439
62	461
62	471
62	488
62	557
62	663
62	724
62	821
62	894
63	109
63	116
63	122
63	145
63	164
63	195
63	214
63	319
63	338
63	345
63	371
63	376
63	403
63	495
63	565
63	610
63	629
63	824
63	993
64	80
64	110
64	118
64	201
64	233
64	256
64	331
64	370
64	393
64	413
64	433
64	581
64	607
64	655
64	661
64	795
64	832
64	855
64	932
64	986
65	93
65	95
65	123
65	125
65	134
65	180
65	263
65	280
65	297
65	303
65	404
65	436
65	446
65	489
65	620
65	633
65	664
65	670
65	764
65	777
65	917
65	982
66	105
66	153
66	220
66	229
66	297
66	335
66	400
66	519
66	629
66	701
66	771
66	819
66	853
66	920
66	931
67	74
67	97
67	112
67	114
67	138
67	165
67	168
67	204
67	261
67	282
67	300
67	303
67	304
67	335
67	435
67	627
67	690
67	717
67	719
67	736
67	861
67	958
68	73
68	126
68	128
68	144
68	155
68	166
68	196
68	207
68	275
68	453
68	455
68	467
68	523
68	618
68	929
68	943
68	996
69	92
69	113
69	120
69	124
69	184
69	212
69	250
69	255
69	289
69	316
69	482
69	524
69	611
69	615
69	666
69	680
69	745
69	796
69	887
69	934
69	987
70	72
70	86
70	100
70	117
70	226
70	250
70	267
70	307
70	314
70	452
70	528
70	594
70	605
70	624
70	798
70	841
70	865
70	901
70	937
70	963
70	972
71	79
71	108
71	142
71	163
71	172
71	177
71	197
71	219
71	292
71	329
71	427
71	483
71	636
71	649
71	753
71	845
71	979
71	984
72	81
72	87
72	117
72	119
72	131
72	145
72	209
72	221
72	228
72	264
72	309
72	387
72	398
72	588
72	594
72	755
72	816
72	885
72	901
73	74
73	126
73	128
73	144
73	155
73	160
73	166
73	293
73	306
73	313
73	502
73	558
73	654
73	996
74	89
74	97
74	112
74	114
74	168
74	215
74	328
74	356
74	362
74	652
74	667
74	685
74	690
74	757
74	780
74	850
74	879
75	80
75	105
75	129
75	147
75	183
75	190
75	254
75	344
75	369
75	484
75	486
75	543
75	568
75	571
75	825
75	944
76	142
76	146
76	150
76	163
76	172
76	188
76	193
76	211
76	222
76	323
76	342
76	358
76	419
76	478
76	530
76	600
76	683
76	709
76	783
76	821
76	993
77	137
77	143
77	223
77	259
77	264
77	287
77	325
77	338
77	339
77	444
77	464
77	465
77	512
77	671
77	800
77	802
77	945
77	983
78	82
78	89
78	120
78	149
78	193
78	200
78	238
78	248
78	297
78	323
78	367
78	532
78	567
78	733
78	902
78	928
78	938
79	107
79	169
79	182
79	183
79	396
79	411
79	487
79	600
79	643
79	659
79	844
79	893
79	903
80	107
80	140
80	147
80	186
80	205
80	233
80	240
80	317
80	423
80	468
80	552
80	645
80	657
80	801
81	86
81	87
81	100
81	113
81	151
81	217
81	228
81	307
81	387
81	520
81	542
81	621
81	749
81	857
81	865
81	956
81	963
82	125
82	149
82	150
82	188
82	268
82	286
82	297
82	322
82	364
82	366
82	395
82	410
82	457
82	503
82	626
82	752
82	788
82	984
83	131
83	162
83	204
83	246
83	272
83	294
83	301
83	321
83	436
83	479
83	537
83	599
83	692
83	728
83	808
83	852
83	871
83	904
83	941
84	90
84	94
84	101
84	133
84	257
84	283
84	288
84	337
84	359
84	379
84	441
84	449
84	551
84	817
84	967
85	104
85	177
85	185
85	187
85	220
85	222
85	286
85	312
85	342
85	435
85	437
85	458
85	503
85	563
85	679
85	707
85	992
86	243
86	287
86	307
86	333
86	350
86	454
86	465
86	471
86	528
86	569
86	624
86	798
86	841
86	880
86	995
87	100
87	109
87	122
87	151
87	228
87	243
87	258
87	309
87	316
87	403
87	482
87	497
87	664
87	759
87	915
88	202
88	240
88	315
88	340
88	426
88	429
88	476
88	509
88	519
88	563
88	588
88	612
88	686
88	750
88	869
88	918
88	921
89	104
89	112
89	114
89	215
89	219
89	261
89	274
89	285
89	314
89	540
89	576
89	678
89	719
89	757
89	830
89	879
90	108
90	229
90	283
90	409
90	444
90	449
90	538
90	674
90	758
90	759
90	817
90	826
90	908
91	133
91	137
91	138
91	141
91	144
91	155
91	223
91	231
91	347
91	569
91	582
91	614
92	107
92	181
92	250
92	255
92	269
92	310
92	357
92	393
92	447
92	592
92	665
92	835
92	873
92	944
92	954
92	978
93	106
93	144
93	181
93	212
93	351
93	352
93	394
93	484
93	517
93	568
93	667
93	773
93	914
93	924
94	101
94	239
94	242
94	248
94	337
94	511
94	538
94	758
94	772
94	889
94	969
95	123
95	134
95	180
95	218
95	270
95	280
95	299
95	360
95	382
95	470
95	670
95	684
95	744
95	764
95	809
96	103
96	121
96	136
96	159
96	189
96	245
96	251
96	283
96	330
96	373
96	407
96	555
96	589
96	849
97	104
97	112
97	114
97	168
97	215
97	314
97	367
97	407
97	736
97	787
97	900
97	924
97	949
98	120
98	284
98	514
98	541
98	765
98	883
98	903
98	920
98	931
98	951
98	960
99	102
99	152
99	195
99	258
99	264
99	319
99	401
99	423
99	467
99	495
99	542
99	625
99	827
99	828
100	138
100	151
100	209
100	243
100	258
100	267
100	307
100	334
100	378
100	611
100	620
100	850
100	937
101	111
101	118
101	152
101	216
101	429
101	735
101	895
101	969
102	116
102	122
102	214
102	319
102	345
102	371
102	403
102	434
102	497
102	550
102	570
102	857
102	875
102	951
103	121
103	136
103	145
103	175
103	278
103	293
103	405
103	434
103	489
103	494
103	650
103	653
103	724
103	784
104	114
104	185
104	362
104	402
104	416
104	435
104	499
104	535
104	576
104	616
104	960
105	284
105	294
105	297
105	332
105	384
105	402
105	480
105	525
105	531
105	748
106	107
106	158
106	273
106	327
106	349
106	394
106	411
106	645
106	655
106	659
106	776
106	851
106	944
106	981
107	130
107	254
107	460
107	484
107	529
107	564
107	596
107	607
107	637
107	714
108	275
108	337
108	364
108	448
108	530
108	572
108	593
108	622
108	694
108	723
108	794
109	116
109	117
109	164
109	186
109	338
109	388
109	497
109	772
109	926
109	966
110	115
110	116
110	176
110	282
110	352
110	393
110	459
110	617
110	708
110	710
110	903
110	915
110	945
111	128
111	257
111	336
111	415
111	510
111	557
111	744
112	114
112	261
112	285
112	335
112	408
112	416
112	454
112	576
112	780
112	830
113	127
113	167
113	171
113	184
113	310
113	316
113	357
113	420
113	584
113	611
113	737
113	779
113	887
114	168
114	302
114	381
114	385
114	408
114	598
114	627
114	736
115	188
115	290
115	432
115	462
115	566
115	579
115	602
115	669
115	720
115	804
115	909
115	954
115	955
116	122
116	140
116	298
116	388
116	806
116	885
116	990
117	119
117	122
117	145
117	195
117	209
117	241
117	309
117	328
117	332
117	754
118	135
118	211
118	336
118	343
118	409
118	491
118	533
118	794
119	122
119	145
119	267
119	319
119	330
119	338
119	378
119	467
119	565
119	872
120	210
120	224
120	229
120	402
120	501
120	538
120	541
120	748
120	936
121	179
121	198
121	242
121	274
121	278
121	279
121	330
121	381
121	399
121	443
121	580
121	811
121	988
122	183
122	232
122	298
122	355
122	730
123	180
123	200
123	360
123	382
123	418
123	496
123	584
123	642
123	702
123	777
123	806
123	919
123	982
124	139
124	255
124	410
124	423
124	439
124	518
124	584
124	740
124	782
124	796
124	835
125	192
125	218
125	259
125	263
125	270
125	300
125	382
125	496
125	527
125	688
125	840
126	155
126	212
126	546
126	721
126	894
126	943
127	139
127	167
127	184
127	249
127	292
127	310
127	468
127	584
127	605
127	666
127	782
128	142
128	166
128	247
128	363
128	654
128	681
128	913
128	929
129	130
129	208
129	418
129	432
129	562
129	592
129	594
129	597
129	607
129	785
129	839
129	940
130	147
130	181
130	209
130	212
130	341
130	543
130	548
130	606
130	991
131	162
131	225
131	301
131	440
131	470
131	587
131	692
131	717
131	925
132	181
132	265
132	295
132	344
132	369
132	396
132	422
132	548
132	813
132	839
132	840
132	919
132	927
132	955
133	138
133	143
133	208
133	333
133	339
133	350
133	464
133	499
133	574
133	614
134	180
134	183
134	186
134	204
134	213
134	268
134	382
134	404
134	446
134	634
134	640
135	159
135	198
135	206
135	276
135	279
135	320
135	523
135	580
135	602
135	750
136	153
136	203
136	276
136	283
136	356
136	431
136	547
136	704
137	174
137	223
137	230
137	271
137	325
137	333
137	385
137	438
137	569
137	983
138	143
138	209
138	564
138	658
138	800
138	865
138	930
139	171
139	184
139	223
139	250
139	260
139	368
139	493
139	518
139	617
139	665
139	740
139	751
140	348
140	424
140	720
140	826
140	847
140	961
141	167
141	205
141	250
141	273
141	365
141	411
141	474
141	596
141	657
141	718
141	737
141	807
142	237
142	238
142	364
142	410
142	451
142	843
142	855
142	872
142	962
143	174
143	208
143	223
143	271
143	287
143	464
143	471
143	475
144	213
144	247
144	363
144	471
144	523
145	195
145	217
145	221
145	378
145	445
146	177
146	184
146	322
146	342
146	367
146	386
146	503
146	514
146	788
146	789
146	791
146	938
147	181
147	320
147	329
147	527
147	669
147	746
147	767
147	942
148	154
148	202
148	288
148	346
148	476
148	483
148	544
148	583
148	588
148	944
148	946
149	150
149	196
149	197
149	265
149	329
149	366
149	521
149	572
149	582
149	593
150	193
150	197
150	238
150	410
150	457
150	532
150	579
150	591
150	817
150	935
150	954
151	195
151	264
151	334
151	398
151	475
151	885
151	927
151	937
151	956
151	965
152	164
152	221
152	312
152	648
152	706
152	957
153	175
153	274
153	422
153	513
153	555
153	738
153	820
154	299
154	315
154	340
154	383
154	506
154	588
154	612
154	846
154	899
154	916
154	923
155	161
155	166
155	245
155	564
155	565
155	603
155	943
156	244
156	389
156	469
156	523
156	659
156	698
156	812
157	178
157	292
157	311
157	366
157	466
157	760
157	831
157	854
157	979
157	996
158	177
158	192
158	240
158	269
158	323
158	351
158	539
158	695
158	986
159	175
159	308
159	508
159	510
159	704
159	743
159	875
160	245
160	254
160	313
160	557
160	558
160	574
161	207
161	230
161	264
161	406
161	742
161	784
161	859
162	266
162	308
162	332
162	442
162	483
162	681
162	717
162	881
162	1000
163	252
163	286
163	322
163	421
163	458
163	514
163	522
163	631
163	636
163	992
164	165
164	235
164	298
164	759
164	926
165	261
165	285
165	335
165	417
165	736
165	787
165	861
165	900
166	405
166	488
166	721
166	821
166	855
167	212
167	233
167	255
167	524
167	532
167	608
167	779
167	782
167	887
168	362
168	367
168	539
168	636
168	685
168	780
168	861
169	176
169	347
169	370
169	659
169	662
169	697
169	768
169	825
169	886
169	928
170	211
170	442
170	455
170	585
170	812
170	908
171	310
171	357
171	368
171	393
171	439
171	666
171	740
171	763
172	173
172	197
172	292
172	572
172	623
172	694
172	766
172	799
172	808
172	877
173	193
173	197
173	268
173	292
173	366
173	457
173	462
173	566
173	877
174	208
174	230
174	271
174	287
174	310
174	350
174	505
174	512
174	911
175	238
175	283
175	324
175	353
175	399
175	431
175	730
176	205
176	256
176	300
176	315
176	484
176	498
176	882
177	219
177	463
177	522
177	567
177	752
177	783
178	191
178	193
178	327
178	376
178	723
178	734
178	755
178	976
178	997
178	1000
179	203
179	235
179	251
179	253
179	279
179	373
179	407
179	430
179	743
179	836
180	182
180	270
180	385
180	404
180	436
181	300
181	450
181	503
181	609
181	633
181	947
182	254
182	396
182	536
182	537
182	562
182	608
182	696
182	827
182	947
183	232
183	282
183	349
183	760
183	815
183	926
184	249
184	393
184	680
184	737
184	910
184	962
185	231
185	391
185	563
185	567
185	632
185	636
185	685
185	761
185	975
186	190
186	312
186	347
186	360
186	374
186	595
186	630
186	672
187	219
187	222
187	224
187	444
187	522
187	626
187	952
187	968
188	193
188	256
188	334
188	376
188	553
188	606
188	676
188	781
188	962
189	198
189	235
189	353
189	415
189	508
189	555
189	598
189	693
189	858
189	883
190	341
190	418
190	568
190	571
190	660
190	700
190	825
191	245
191	246
191	248
191	390
191	739
191	889
192	254
192	256
192	347
192	404
192	472
192	484
192	804
192	888
192	974
193	366
193	583
193	638
193	691
194	262
194	350
194	473
194	585
194	639
194	657
194	708
194	907
194	991
195	355
195	688
195	847
195	915
195	989
196	197
196	237
196	238
196	364
196	781
196	856
196	955
196	997
197	207
197	228
197	329
197	365
197	457
197	566
198	253
198	278
198	359
198	551
198	834
198	849
198	943
199	200
199	204
199	213
199	331
199	404
199	489
199	496
199	634
199	690
199	764
200	213
200	263
200	280
200	446
200	764
200	883
200	917
201	374
201	393
201	406
201	695
201	699
201	855
201	874
202	241
202	340
202	346
202	372
202	383
202	429
202	491
202	948
203	206
203	513
203	589
203	614
203	633
203	738
204	549
204	866
204	958
205	265
205	487
205	539
205	827
205	939
205	997
206	227
206	324
206	355
206	399
206	725
206	762
206	883
207	306
207	628
207	831
207	833
207	933
208	223
208	259
208	317
208	339
208	499
208	505
209	334
209	344
209	754
209	956
209	965
210	477
210	587
210	829
210	858
211	242
211	479
211	533
211	556
212	260
212	281
212	958
213	305
213	446
213	651
213	814
213	868
213	999
214	338
214	806
214	860
214	989
215	261
215	304
215	306
215	328
215	652
215	690
215	850
216	324
216	353
216	456
216	704
216	892
216	905
217	274
217	293
217	392
217	510
217	653
217	766
218	270
218	489
218	670
218	681
218	814
218	953
219	252
219	516
219	631
219	632
219	709
220	252
220	325
220	422
220	458
221	398
221	475
221	676
221	754
221	773
222	224
222	437
222	463
222	686
222	849
223	231
223	271
224	234
224	521
224	600
224	631
224	796
224	992
225	246
225	321
225	637
225	728
225	775
225	842
225	864
226	398
226	406
226	590
226	676
226	818
226	912
226	960
227	244
227	380
227	381
227	405
227	480
227	677
227	710
227	770
228	454
228	620
228	668
228	964
228	972
229	284
229	375
229	386
229	525
229	977
230	231
230	339
230	465
230	512
230	641
230	732
231	259
231	325
231	424
231	995
232	289
232	298
232	365
232	397
232	693
232	824
232	847
233	323
233	361
233	536
233	647
233	659
233	746
233	933
234	358
234	437
234	521
234	546
234	559
234	765
235	276
235	399
235	407
235	495
236	265
236	344
236	548
236	571
236	647
236	797
236	825
236	886
236	933
237	358
237	390
237	466
237	530
237	755
237	973
237	979
238	390
238	410
238	419
238	716
238	856
238	902
239	259
239	722
239	817
239	862
240	289
240	347
240	534
240	545
240	689
240	722
240	932
241	288
241	383
241	417
241	509
241	610
241	612
241	946
242	409
242	608
242	693
242	971
243	258
243	309
243	391
243	552
243	749
244	345
244	355
244	401
244	445
244	497
244	610
244	989
245	363
245	488
246	332
246	553
246	689
246	692
246	872
246	895
247	721
247	778
247	980
248	283
248	359
248	370
248	551
248	628
249	250
249	260
249	357
249	594
249	611
249	751
250	605
250	751
250	774
251	353
251	619
251	723
251	770
252	342
252	631
252	726
252	920
252	960
253	356
253	380
253	430
253	453
253	580
253	730
253	784
253	947
254	273
254	433
254	451
254	585
254	711
255	289
255	439
255	492
255	774
255	894
256	262
256	361
256	434
256	659
257	275
257	395
257	601
258	307
258	398
258	552
258	614
258	841
259	502
259	677
260	316
260	482
260	617
260	641
260	647
260	950
261	385
261	563
261	949
262	311
262	699
262	746
262	773
262	908
262	997
263	382
263	642
263	684
263	777
263	787
263	973
264	267
264	287
264	351
264	512
264	761
265	331
265	351
265	432
265	700
265	942
266	323
266	364
266	537
266	625
266	638
266	805
266	855
267	309
267	590
267	620
267	848
268	349
268	623
268	803
268	854
268	877
269	289
269	485
269	536
269	606
269	763
269	887
270	305
270	664
270	684
271	287
271	333
271	406
271	614
272	336
272	479
272	537
272	842
272	864
273	320
273	617
273	774
273	961
273	994
274	276
274	353
274	508
274	589
274	766
274	819
275	697
275	859
276	313
276	443
276	520
276	547
276	766
277	326
277	375
277	501
277	783
277	884
278	639
278	677
278	725
278	762
279	330
279	430
279	456
279	619
279	724
279	730
280	496
280	630
280	640
280	715
281	349
281	519
281	549
281	633
281	673
281	933
281	950
282	300
282	374
282	607
282	909
283	496
283	589
284	484
284	494
284	747
284	853
285	416
285	497
285	540
285	652
286	346
286	652
286	909
286	951
286	968
287	478
287	512
287	809
288	377
288	417
288	519
288	561
288	658
288	918
288	946
289	545
289	680
290	300
290	303
290	455
290	523
290	639
290	950
291	310
291	412
291	413
291	492
291	579
291	656
291	711
291	737
292	504
292	521
292	649
292	799
293	554
293	577
293	819
293	905
294	477
294	513
294	629
295	495
295	528
295	550
295	586
296	347
296	351
296	609
296	680
296	767
296	851
296	907
296	987
297	863
297	883
298	415
298	550
298	828
298	966
299	544
299	573
299	583
299	588
299	712
299	792
299	948
300	597
301	470
301	537
301	642
301	741
302	362
302	416
302	540
302	667
302	678
302	959
303	507
303	549
303	745
303	881
303	974
304	335
304	416
304	568
304	627
304	678
304	958
305	314
305	385
305	853
305	919
306	663
306	810
306	857
307	398
307	841
308	560
308	587
308	599
308	728
309	454
309	540
309	552
309	964
310	439
310	637
311	451
311	703
311	716
311	734
311	902
312	764
312	868
312	917
312	919
313	618
313	802
313	935
314	362
314	416
314	949
315	526
315	561
315	876
315	938
316	518
316	524
316	718
316	998
317	320
317	344
317	352
317	734
318	394
318	396
318	486
318	665
318	710
319	354
320	349
320	843
320	939
321	473
321	586
321	599
321	775
322	616
322	951
322	952
323	343
323	498
323	582
323	832
324	381
324	415
325	424
325	732
325	916
325	930
326	346
326	561
326	567
326	578
326	779
326	899
326	952
327	369
327	370
327	545
327	710
327	902
328	417
328	445
328	613
329	649
329	703
329	755
329	854
330	353
330	430
330	508
330	650
331	361
331	536
331	696
331	838
331	991
332	440
332	635
332	959
333	505
333	628
333	802
334	528
334	621
334	652
334	668
334	972
335	417
335	576
335	850
336	527
337	359
337	389
337	650
337	985
338	387
338	398
338	697
338	940
339	398
339	569
340	420
340	509
340	612
340	615
340	896
341	568
341	571
341	793
341	838
341	897
342	421
342	516
342	686
342	707
342	709
343	555
343	602
343	786
343	812
343	971
344	700
344	793
344	882
345	354
345	355
345	423
346	400
346	601
346	791
347	656
347	699
347	903
348	379
348	425
348	535
348	648
348	994
349	401
349	493
349	673
349	974
350	406
350	802
350	901
351	673
351	785
351	807
352	639
352	669
352	714
353	580
354	467
354	482
354	565
355	495
355	915
356	399
356	494
357	518
357	763
357	785
358	387
358	686
358	872
358	973
359	415
359	547
360	385
360	513
360	900
360	919
361	433
361	486
361	882
363	653
363	982
364	970
365	487
365	504
365	571
365	582
366	716
366	753
366	861
367	476
367	515
367	690
367	709
368	611
368	617
368	665
368	670
368	796
369	447
369	592
369	700
369	708
369	974
370	517
370	543
370	548
370	660
371	815
372	567
372	602
373	545
373	720
374	447
374	472
374	561
374	714
374	975
375	463
375	911
376	425
376	781
376	895
376	898
376	979
377	500
377	506
377	526
377	658
377	713
377	923
378	552
378	622
378	901
379	387
379	551
379	758
379	990
380	431
380	650
380	738
380	811
381	431
383	526
383	601
383	623
383	750
384	465
384	474
384	477
385	642
386	437
386	478
386	715
387	620
387	798
388	389
388	454
388	963
389	491
390	511
390	591
390	645
390	672
390	682
391	402
391	519
391	578
391	727
392	405
392	407
392	456
392	677
392	743
393	439
394	529
394	977
395	415
395	538
396	433
396	562
397	403
397	906
397	990
397	999
399	428
399	650
400	573
400	860
401	586
401	625
402	765
402	930
403	747
403	906
404	446
404	634
405	431
405	870
407	428
407	589
408	719
408	729
408	757
409	469
410	451
410	457
410	579
411	549
411	645
411	714
411	722
412	442
412	587
412	705
412	890
412	925
413	486
413	672
413	708
413	986
414	493
414	797
414	832
414	833
414	874
414	904
414	939
416	528
417	429
417	583
418	484
418	660
418	669
419	494
419	685
419	727
419	834
419	877
419	979
420	492
420	609
420	779
420	782
420	975
421	483
421	501
421	521
421	616
421	626
422	892
423	740
423	989
423	993
424	465
424	564
424	569
424	916
425	441
426	526
426	572
426	658
426	671
426	686
427	435
427	713
427	733
427	920
428	508
429	869
429	918
429	946
430	804
430	875
430	880
431	598
432	710
432	835
433	605
434	778
434	803
434	990
434	997
436	459
437	570
438	564
438	870
438	895
440	689
440	731
440	829
441	956
442	667
442	729
442	757
443	541
443	581
444	930
445	824
445	906
446	748
446	922
447	460
447	714
447	945
447	981
448	706
448	851
449	627
449	756
450	529
450	581
450	700
450	702
450	798
451	661
451	694
452	479
452	590
452	620
452	816
452	965
453	619
453	810
453	878
454	937
455	575
456	677
456	820
456	880
458	789
458	952
459	549
459	772
459	955
459	975
460	584
460	613
460	881
460	961
460	981
461	592
461	662
461	813
461	839
461	998
462	466
462	694
462	838
462	872
462	902
463	562
463	649
463	675
464	983
466	726
468	524
468	910
469	704
470	715
470	774
472	657
472	932
472	933
472	944
473	717
473	871
473	959
474	629
475	542
475	837
475	926
476	533
476	658
477	846
478	713
479	871
480	743
481	651
481	655
481	836
482	608
483	501
485	574
485	929
485	983
486	702
487	555
487	639
487	643
488	529
489	702
489	922
490	587
490	705
490	904
491	756
492	641
492	835
494	525
494	911
495	966
496	735
498	633
498	682
498	785
498	801
499	505
499	536
500	526
500	559
500	792
500	923
501	616
501	678
502	654
502	683
502	742
503	733
504	593
504	703
504	739
504	970
505	675
505	818
506	519
506	686
506	876
506	899
507	608
507	660
507	879
507	977
507	998
508	660
509	728
509	869
509	896
510	858
511	693
511	844
512	716
514	685
514	931
515	713
515	726
515	995
516	769
516	867
516	984
517	597
517	599
517	945
518	604
518	779
519	771
520	547
520	650
520	730
520	820
521	577
521	972
522	727
524	661
524	666
525	554
526	712
527	549
527	961
529	838
530	781
530	843
531	554
531	891
531	970
532	691
532	723
532	970
533	556
534	591
534	595
534	666
534	680
534	695
534	934
535	648
536	644
536	991
537	731
539	665
539	776
539	950
540	667
541	892
542	668
543	581
543	680
543	734
543	818
544	573
544	683
544	788
544	845
545	549
545	597
545	927
546	558
546	913
547	776
548	592
548	660
548	741
550	610
550	687
551	866
551	939
552	912
553	572
553	606
553	696
553	808
553	854
555	677
555	786
556	698
556	896
557	749
557	980
558	878
559	714
559	760
559	896
559	938
560	689
560	936
560	976
561	612
562	585
562	609
562	702
563	869
564	721
565	837
566	723
566	783
566	842
567	791
568	581
569	1000
570	760
570	830
570	884
571	914
572	976
573	869
573	948
574	831
575	618
576	946
577	905
578	918
578	921
579	622
579	703
581	807
582	622
582	973
583	658
583	876
584	655
585	797
586	747
588	923
590	885
590	940
591	593
591	799
593	602
594	637
594	887
595	656
595	688
595	907
596	610
596	682
598	849
599	890
600	707
601	846
601	984
602	921
604	636
605	718
605	986
606	672
606	716
607	767
608	641
609	615
611	751
613	635
613	852
613	941
614	624
615	745
615	796
616	951
619	878
621	624
621	848
622	822
623	928
625	824
627	861
628	706
628	878
630	744
630	922
630	982
632	701
632	928
634	982
635	805
635	828
635	964
638	646
638	799
640	642
640	651
641	987
643	655
643	801
644	665
644	994
645	708
645	967
646	793
646	981
646	998
647	662
647	695
647	974
648	913
649	957
651	664
651	715
653	988
655	745
656	862
656	903
657	843
661	854
661	909
662	807
663	831
664	744
666	863
668	749
669	792
669	924
670	777
671	876
671	896
672	955
673	688
674	816
674	817
674	969
675	701
676	781
678	787
679	929
681	953
682	746
683	863
683	931
684	953
687	712
687	863
688	886
688	893
691	912
694	808
696	823
698	969
698	980
699	711
699	856
703	962
705	871
707	928
708	851
709	884
711	767
712	713
715	803
716	856
719	879
721	929
722	893
724	880
725	849
729	949
732	916
735	999
736	780
739	970
740	835
741	864
746	768
750	792
753	938
755	895
756	844
758	968
761	769
763	910
765	789
767	795
768	888
770	812
771	860
772	839
772	926
773	795
773	947
775	925
776	888
784	870
788	830
790	818
790	915
793	795
798	865
800	934
801	978
805	941
806	816
808	877
812	814
813	987
815	898
816	901
819	853
820	925
822	971
823	954
826	971
832	840
834	852
834	976
836	927
837	989
846	948
848	956
848	992
852	890
857	964
859	943
863	892
866	967
868	953
874	910
874	932
884	957
885	965
890	941
912	963
914	947
922	953
934	950
952	960
962	1000
981	991
