1	2
1	8
1	11
1	15
1	17
1	72
1	75
1	90
1	93
1	97
1	103
1	111
1	112
1	119
1	140
1	141
1	144
1	149
1	153
1	154
1	164
1	183
1	189
1	201
1	202
1	220
1	227
1	235
1	268
1	274
1	278
1	308
1	400
1	402
1	412
1	477
1	541
1	571
1	592
1	638
1	643
1	674
1	684
1	732
1	844
1	856
1	933
1	941
1	957
1	993
2	7
2	10
2	14
2	20
2	31
2	34
2	38
2	44
2	58
2	63
2	76
2	78
2	113
2	115
2	127
2	141
2	142
2	146
2	149
2	155
2	171
2	176
2	196
2	202
2	211
2	228
2	234
2	240
2	243
2	279
2	320
2	341
2	393
2	431
2	435
2	579
2	668
2	700
2	716
2	754
2	795
2	840
2	894
2	930
2	935
2	950
2	978
3	8
3	10
3	11
3	18
3	19
3	22
3	24
3	33
3	34
3	49
3	55
3	58
3	66
3	75
3	79
3	98
3	107
3	137
3	155
3	156
3	171
3	172
3	200
3	211
3	271
3	275
3	276
3	299
3	376
3	390
3	395
3	398
3	436
3	501
3	522
3	527
3	624
3	658
3	661
3	663
3	674
3	733
3	753
3	800
3	937
3	962
3	984
4	10
4	19
4	31
4	32
4	34
4	44
4	51
4	64
4	72
4	86
4	97
4	101
4	106
4	109
4	114
4	126
4	185
4	218
4	221
4	237
4	252
4	265
4	314
4	324
4	339
4	397
4	408
4	421
4	437
4	444
4	511
4	560
4	593
4	599
4	676
4	710
4	714
4	740
4	751
4	768
4	795
4	823
4	849
4	862
4	888
4	963
5	10
5	12
5	34
5	54
5	58
5	60
5	72
5	73
5	77
5	94
5	96
5	98
5	107
5	110
5	112
5	128
5	137
5	159
5	172
5	176
5	228
5	246
5	259
5	271
5	284
5	324
5	400
5	403
5	407
5	421
5	429
5	444
5	446
5	467
5	497
5	534
5	585
5	591
5	646
5	671
5	788
5	833
5	852
5	877
5	928
6	9
6	14
6	24
6	28
6	34
6	37
6	51
6	58
6	84
6	102
6	106
6	126
6	143
6	153
6	189
6	193
6	230
6	250
6	263
6	281
6	284
6	311
6	339
6	431
6	452
6	457
6	480
6	483
6	484
6	517
6	531
6	532
6	535
6	563
6	580
6	595
6	618
6	624
6	646
6	737
6	765
6	848
6	896
6	902
6	925
7	9
7	16
7	25
7	29
7	30
7	39
7	40
7	44
7	55
7	64
7	66
7	88
7	134
7	149
7	153
7	155
7	163
7	175
7	178
7	190
7	198
7	205
7	211
7	226
7	240
7	241
7	249
7	253
7	278
7	281
7	287
7	311
7	364
7	423
7	429
7	443
7	507
7	512
7	514
7	653
7	685
7	743
7	814
7	853
8	15
8	16
8	19
8	23
8	27
8	35
8	61
8	80
8	90
8	98
8	100
8	101
8	121
8	140
8	160
8	162
8	206
8	216
8	219
8	243
8	277
8	289
8	347
8	381
8	420
8	430
8	459
8	473
8	489
8	520
8	560
8	599
8	617
8	696
8	699
8	725
8	764
8	801
8	825
8	923
8	928
8	946
9	39
9	52
9	53
9	59
9	78
9	114
9	118
9	128
9	134
9	150
9	155
9	156
9	176
9	188
9	190
9	203
9	226
9	229
9	233
9	240
9	257
9	268
9	301
9	334
9	435
9	442
9	478
9	528
9	536
9	568
9	576
9	645
9	654
9	714
9	742
9	803
9	816
9	820
9	933
9	951
9	981
10	18
10	21
10	30
10	31
10	40
10	41
10	57
10	87
10	90
10	103
10	106
10	150
10	162
10	165
10	176
10	187
10	205
10	222
10	284
10	299
10	325
10	327
10	335
10	340
10	384
10	385
10	404
10	409
10	418
10	432
10	486
10	495
10	578
10	715
10	831
10	839
10	923
10	937
11	13
11	21
11	44
11	53
11	64
11	72
11	99
11	108
11	110
11	122
11	131
11	140
11	141
11	148
11	164
11	167
11	179
11	180
11	184
11	187
11	193
11	194
11	245
11	287
11	334
11	387
11	389
11	395
11	433
11	465
11	467
11	539
11	588
11	616
11	654
11	676
11	679
11	770
11	868
12	30
12	44
12	47
12	51
12	104
12	148
12	150
12	166
12	173
12	197
12	214
12	238
12	241
12	295
12	304
12	347
12	358
12	411
12	431
12	434
12	443
12	464
12	532
12	536
12	549
12	587
12	624
12	657
12	688
12	692
12	723
12	736
12	769
12	833
12	870
12	874
12	952
12	985
12	998
13	30
13	32
13	39
13	49
13	62
13	69
13	90
13	94
13	104
13	122
13	147
13	150
13	170
13	177
13	197
13	218
13	265
13	293
13	303
13	341
13	349
13	357
13	387
13	395
13	397
13	413
13	491
13	546
13	553
13	556
13	575
13	607
13	665
13	730
13	755
13	775
13	874
13	909
13	924
14	33
14	49
14	50
14	54
14	58
14	78
14	83
14	110
14	116
14	124
14	129
14	138
14	146
14	152
14	159
14	187
14	258
14	302
14	324
14	329
14	351
14	389
14	415
14	444
14	497
14	530
14	545
14	550
14	594
14	619
14	627
14	707
14	790
14	805
14	883
14	906
14	955
14	972
15	17
15	21
15	23
15	25
15	27
15	29
15	50
15	52
15	59
15	67
15	71
15	77
15	88
15	112
15	116
15	146
15	149
15	194
15	204
15	226
15	232
15	275
15	352
15	394
15	408
15	418
15	427
15	451
15	453
15	476
15	514
15	584
15	592
15	606
15	728
15	771
15	784
15	966
16	22
16	33
16	34
16	36
16	51
16	66
16	81
16	86
16	98
16	118
16	131
16	166
16	182
16	189
16	206
16	213
16	230
16	240
16	245
16	285
16	290
16	337
16	340
16	342
16	446
16	469
16	542
16	551
16	569
16	578
16	666
16	692
16	699
16	813
16	863
16	868
16	889
17	28
17	32
17	43
17	57
17	76
17	80
17	87
17	91
17	127
17	168
17	174
17	183
17	189
17	239
17	260
17	283
17	295
17	299
17	304
17	313
17	314
17	358
17	385
17	438
17	479
17	492
17	554
17	583
17	595
17	650
17	705
17	713
17	792
17	807
17	848
17	887
17	987
18	32
18	39
18	47
18	56
18	59
18	96
18	106
18	125
18	142
18	174
18	189
18	196
18	229
18	282
18	295
18	347
18	358
18	385
18	396
18	404
18	433
18	437
18	443
18	456
18	470
18	484
18	501
18	503
18	606
18	621
18	680
18	716
18	759
18	772
18	841
18	852
19	24
19	29
19	36
19	44
19	61
19	83
19	86
19	98
19	157
19	174
19	191
19	201
19	260
19	262
19	272
19	288
19	316
19	375
19	411
19	432
19	530
19	557
19	615
19	618
19	628
19	678
19	680
19	704
19	774
19	831
19	850
19	879
19	885
19	909
19	972
20	31
20	37
20	52
20	60
20	78
20	86
20	89
20	137
20	139
20	163
20	173
20	180
20	225
20	253
20	300
20	348
20	350
20	433
20	441
20	446
20	454
20	457
20	508
20	522
20	549
20	581
20	608
20	680
20	687
20	699
20	713
20	836
20	866
20	938
20	974
20	975
20	995
21	24
21	25
21	26
21	31
21	34
21	43
21	45
21	69
21	76
21	79
21	84
21	89
21	109
21	118
21	119
21	268
21	277
21	310
21	319
21	325
21	327
21	345
21	365
21	460
21	461
21	484
21	518
21	584
21	615
21	630
21	702
21	756
21	776
21	917
21	967
22	24
22	26
22	36
22	46
22	47
22	63
22	83
22	92
22	100
22	104
22	109
22	141
22	145
22	158
22	179
22	197
22	235
22	319
22	320
22	364
22	397
22	417
22	434
22	439
22	458
22	532
22	551
22	556
22	607
22	613
22	666
22	712
22	767
22	802
22	927
22	934
23	32
23	36
23	44
23	51
23	54
23	59
23	73
23	80
23	84
23	86
23	169
23	227
23	242
23	245
23	284
23	290
23	302
23	303
23	305
23	378
23	419
23	446
23	474
23	483
23	516
23	599
23	626
23	656
23	695
23	702
23	752
23	829
23	919
23	931
23	980
23	999
24	46
24	50
24	63
24	69
24	80
24	89
24	99
24	103
24	113
24	147
24	158
24	160
24	191
24	196
24	240
24	265
24	280
24	327
24	342
24	344
24	442
24	501
24	517
24	525
24	609
24	707
24	808
24	850
24	932
24	942
24	986
24	991
25	26
25	33
25	39
25	48
25	49
25	63
25	83
25	144
25	167
25	181
25	191
25	195
25	205
25	241
25	243
25	248
25	281
25	293
25	318
25	319
25	345
25	397
25	420
25	485
25	496
25	515
25	604
25	664
25	668
25	766
25	854
25	881
25	882
25	976
26	31
26	32
26	40
26	45
26	50
26	57
26	69
26	85
26	89
26	103
26	111
26	116
26	117
26	154
26	179
26	226
26	233
26	275
26	311
26	328
26	484
26	485
26	499
26	517
26	525
26	573
26	617
26	675
26	751
26	829
26	836
26	875
26	963
26	999
27	29
27	31
27	34
27	35
27	36
27	37
27	45
27	57
27	101
27	173
27	210
27	212
27	217
27	221
27	252
27	302
27	387
27	410
27	446
27	478
27	493
27	537
27	563
27	568
27	590
27	640
27	701
27	706
27	751
27	756
27	805
27	858
27	888
27	899
27	946
28	31
28	32
28	34
28	38
28	68
28	76
28	85
28	113
28	119
28	126
28	129
28	130
28	162
28	165
28	194
28	251
28	308
28	326
28	327
28	366
28	375
28	377
28	412
28	416
28	440
28	457
28	543
28	552
28	555
28	573
28	719
28	775
28	804
28	830
28	988
29	34
29	37
29	41
29	47
29	58
29	70
29	78
29	94
29	104
29	161
29	235
29	244
29	259
29	276
29	318
29	328
29	402
29	486
29	506
29	554
29	616
29	657
29	691
29	708
29	733
29	763
29	828
29	851
29	878
29	907
29	913
29	954
30	48
30	50
30	84
30	85
30	116
30	117
30	124
30	127
30	147
30	152
30	179
30	204
30	210
30	236
30	244
30	247
30	251
30	282
30	361
30	507
30	524
30	544
30	565
30	582
30	606
30	620
30	681
30	787
30	882
30	938
30	971
30	997
31	45
31	53
31	63
31	69
31	73
31	106
31	109
31	145
31	175
31	252
31	255
31	288
31	292
31	311
31	338
31	343
31	439
31	475
31	507
31	553
31	570
31	581
31	685
31	720
31	755
31	783
31	875
31	899
32	48
32	56
32	65
32	89
32	98
32	112
32	159
32	168
32	170
32	173
32	187
32	199
32	219
32	282
32	296
32	307
32	313
32	498
32	500
32	562
32	668
32	671
32	676
32	758
32	789
32	812
32	861
32	885
32	951
33	42
33	57
33	64
33	68
33	71
33	74
33	76
33	86
33	102
33	115
33	136
33	164
33	167
33	269
33	282
33	286
33	306
33	340
33	409
33	439
33	445
33	468
33	484
33	537
33	630
33	710
33	731
33	818
33	896
33	901
33	965
34	36
34	75
34	89
34	132
34	141
34	143
34	187
34	223
34	245
34	288
34	292
34	435
34	556
34	587
34	597
34	670
34	676
34	747
34	768
34	786
34	879
34	960
34	969
34	976
35	60
35	66
35	69
35	103
35	110
35	118
35	128
35	151
35	152
35	176
35	224
35	248
35	260
35	278
35	326
35	340
35	366
35	425
35	465
35	520
35	566
35	574
35	581
35	594
35	638
35	678
35	729
35	749
35	843
35	887
35	955
36	37
36	44
36	65
36	80
36	86
36	117
36	128
36	148
36	180
36	192
36	258
36	267
36	275
36	357
36	360
36	454
36	463
36	490
36	516
36	574
36	597
36	669
36	747
36	761
36	992
37	49
37	76
37	82
37	83
37	100
37	112
37	138
37	186
37	202
37	221
37	252
37	318
37	360
37	365
37	403
37	410
37	424
37	426
37	558
37	637
37	688
37	696
37	752
37	949
37	958
37	987
38	41
38	42
38	49
38	54
38	64
38	70
38	77
38	80
38	85
38	87
38	88
38	94
38	119
38	130
38	133
38	151
38	214
38	313
38	423
38	445
38	458
38	496
38	555
38	660
38	720
38	757
38	780
38	820
39	42
39	61
39	78
39	93
39	119
39	134
39	152
39	190
39	235
39	239
39	247
39	266
39	320
39	350
39	449
39	459
39	462
39	471
39	533
39	548
39	565
39	567
39	569
39	583
39	620
40	58
40	60
40	62
40	79
40	104
40	123
40	132
40	156
40	160
40	174
40	191
40	218
40	231
40	244
40	274
40	289
40	334
40	449
40	453
40	533
40	589
40	721
40	722
40	832
40	876
40	913
40	951
41	47
41	51
41	55
41	70
41	92
41	123
41	161
41	167
41	216
41	241
41	301
41	316
41	324
41	344
41	368
41	396
41	416
41	420
41	454
41	508
41	709
41	780
41	800
41	839
41	895
41	952
42	50
42	58
42	78
42	84
42	102
42	136
42	160
42	161
42	183
42	268
42	288
42	292
42	299
42	312
42	330
42	339
42	349
42	375
42	504
42	552
42	596
42	661
42	667
42	672
42	877
42	908
43	68
43	83
43	85
43	91
43	129
43	132
43	141
43	143
43	168
43	189
43	195
43	196
43	260
43	272
43	307
43	358
43	379
43	467
43	496
43	521
43	545
43	558
43	586
43	713
43	747
43	905
43	974
44	65
44	98
44	201
44	204
44	219
44	222
44	344
44	363
44	368
44	395
44	483
44	516
44	560
44	605
44	647
44	649
44	655
44	736
44	839
44	919
44	963
45	53
45	54
45	55
45	56
45	57
45	104
45	162
45	184
45	188
45	216
45	221
45	242
45	277
45	280
45	438
45	450
45	461
45	464
45	552
45	557
45	701
45	715
45	826
45	842
45	845
46	48
46	51
46	55
46	56
46	69
46	73
46	105
46	120
46	130
46	133
46	134
46	136
46	233
46	281
46	383
46	500
46	588
46	654
46	668
46	682
46	684
46	770
46	817
46	849
46	953
46	973
46	994
47	142
47	143
47	144
47	161
47	162
47	183
47	187
47	205
47	228
47	235
47	267
47	313
47	389
47	429
47	448
47	538
47	701
47	758
47	768
47	769
47	880
47	959
47	961
48	60
48	62
48	69
48	79
48	116
48	117
48	119
48	149
48	152
48	158
48	194
48	219
48	230
48	285
48	298
48	333
48	515
48	583
48	590
48	593
48	647
48	781
48	897
48	985
49	66
49	71
49	72
49	88
49	91
49	92
49	125
49	157
49	172
49	243
49	250
49	274
49	378
49	390
49	427
49	513
49	521
49	569
49	646
49	880
49	911
50	54
50	67
50	68
50	87
50	108
50	131
50	136
50	178
50	203
50	217
50	285
50	353
50	372
50	432
50	464
50	476
50	559
50	563
50	650
50	741
50	799
51	73
51	74
51	120
51	195
51	326
51	374
51	396
51	466
51	507
51	583
51	609
51	635
51	696
51	736
51	824
51	835
51	857
51	860
51	955
51	959
52	80
52	93
52	111
52	122
52	129
52	132
52	157
52	160
52	163
52	199
52	208
52	221
52	231
52	262
52	428
52	534
52	577
52	614
52	694
52	730
52	754
52	773
52	859
52	900
53	56
53	72
53	106
53	121
53	143
53	144
53	150
53	266
53	319
53	405
53	408
53	509
53	542
53	546
53	625
53	633
53	648
53	693
53	696
53	845
53	915
53	965
53	995
54	57
54	72
54	73
54	85
54	90
54	95
54	125
54	144
54	149
54	164
54	213
54	314
54	367
54	380
54	391
54	540
54	597
54	939
54	944
54	983
55	61
55	81
55	82
55	83
55	132
55	133
55	194
55	203
55	263
55	284
55	458
55	486
55	489
55	615
55	652
55	791
55	815
55	858
55	869
55	892
55	928
56	69
56	120
56	192
56	203
56	222
56	270
56	292
56	362
56	369
56	402
56	469
56	522
56	567
56	601
56	673
56	690
56	703
56	777
56	932
56	965
56	995
57	63
57	78
57	79
57	89
57	106
57	118
57	201
57	249
57	274
57	281
57	297
57	394
57	485
57	509
57	673
57	683
57	777
57	793
57	817
58	64
58	73
58	134
58	158
58	173
58	195
58	278
58	303
58	348
58	361
58	525
58	611
58	666
58	697
58	711
58	732
58	806
58	862
59	63
59	81
59	126
59	146
59	155
59	166
59	230
59	239
59	357
59	396
59	512
59	526
59	617
59	631
59	654
59	739
59	757
59	811
59	904
59	930
59	975
60	69
60	110
60	144
60	244
60	254
60	286
60	310
60	337
60	448
60	524
60	539
60	588
60	597
60	626
60	679
60	698
60	726
60	750
60	841
60	917
61	68
61	70
61	75
61	78
61	88
61	96
61	178
61	184
61	193
61	237
61	289
61	313
61	333
61	369
61	462
61	510
61	725
61	767
61	795
61	914
61	982
62	73
62	81
62	150
62	190
62	194
62	211
62	216
62	231
62	395
62	403
62	422
62	452
62	562
62	626
62	649
62	743
62	755
62	764
62	789
62	805
62	806
62	937
63	84
63	117
63	134
63	187
63	194
63	197
63	315
63	341
63	433
63	518
63	550
63	570
63	623
63	734
63	822
63	844
63	893
63	939
64	72
64	93
64	108
64	121
64	200
64	203
64	214
64	270
64	274
64	287
64	291
64	375
64	462
64	482
64	589
64	623
64	679
64	725
64	799
65	88
65	100
65	130
65	133
65	154
65	163
65	169
65	225
65	244
65	289
65	299
65	336
65	359
65	369
65	374
65	387
65	460
65	690
65	759
65	772
65	785
65	859
66	151
66	156
66	188
66	196
66	212
66	245
66	348
66	409
66	432
66	505
66	529
66	538
66	566
66	580
66	582
66	819
66	881
66	893
66	966
67	74
67	75
67	81
67	107
67	140
67	167
67	199
67	202
67	220
67	237
67	271
67	274
67	346
67	377
67	387
67	393
67	515
67	538
67	668
67	695
67	713
67	962
68	74
68	82
68	91
68	114
68	174
68	184
68	213
68	382
68	405
68	430
68	481
68	511
68	632
68	647
68	878
68	886
68	939
68	990
69	122
69	160
69	219
69	362
69	454
69	520
69	532
69	555
69	708
69	808
69	832
69	918
69	922
70	75
70	92
70	94
70	125
70	127
70	131
70	133
70	233
70	246
70	300
70	322
70	354
70	490
70	537
70	591
70	605
70	722
70	758
70	996
71	81
71	89
71	96
71	107
71	117
71	129
71	131
71	164
71	173
71	192
71	309
71	316
71	332
71	373
71	540
71	580
71	590
71	665
71	705
71	997
72	206
72	227
72	255
72	527
72	561
72	582
72	631
72	649
72	727
72	758
72	770
72	773
72	948
72	975
72	991
73	125
73	164
73	175
73	186
73	247
73	311
73	332
73	423
73	561
73	763
73	860
73	874
73	945
73	983
74	97
74	130
74	131
74	141
74	150
74	239
74	291
74	293
74	314
74	349
74	398
74	441
74	456
74	484
74	516
74	712
74	857
74	922
75	166
75	196
75	251
75	272
75	331
75	491
75	498
75	531
75	662
75	795
75	815
75	825
75	870
75	949
75	972
75	976
76	78
76	79
76	140
76	145
76	147
76	153
76	165
76	234
76	255
76	336
76	496
76	700
76	725
76	784
76	847
76	953
77	103
77	177
77	183
77	211
77	237
77	291
77	319
77	331
77	334
77	343
77	372
77	466
77	472
77	528
77	601
77	685
77	703
77	809
78	116
78	153
78	260
78	329
78	355
78	458
78	564
78	759
78	774
78	873
78	897
79	85
79	171
79	231
79	290
79	314
79	344
79	442
79	459
79	461
79	528
79	572
79	745
79	768
79	816
79	969
80	83
80	105
80	116
80	195
80	307
80	408
80	594
80	638
80	640
80	642
80	672
80	849
80	869
80	943
81	83
81	96
81	120
81	124
81	184
81	201
81	202
81	281
81	306
81	369
81	410
81	619
81	626
81	894
81	917
82	97
82	99
82	107
82	113
82	115
82	130
82	204
82	236
82	257
82	309
82	310
82	358
82	416
82	514
82	836
82	849
82	918
82	978
83	109
83	111
83	200
83	229
83	311
83	329
83	419
83	461
83	510
83	555
83	734
83	923
84	101
84	114
84	151
84	170
84	290
84	292
84	356
84	516
84	620
84	842
84	848
84	877
84	964
84	971
84	987
85	92
85	119
85	182
85	209
85	317
85	366
85	591
85	639
85	665
85	898
85	902
85	922
85	941
85	980
86	126
86	129
86	163
86	240
86	242
86	277
86	388
86	450
86	513
86	534
86	548
86	633
86	688
86	801
87	99
87	101
87	108
87	133
87	192
87	207
87	294
87	388
87	391
87	415
87	452
87	608
87	645
87	667
87	687
87	914
88	107
88	153
88	188
88	203
88	215
88	216
88	230
88	423
88	491
88	541
88	595
88	669
88	769
88	978
89	111
89	139
89	229
89	233
89	253
89	258
89	320
89	333
89	421
89	436
89	622
89	827
90	122
90	137
90	144
90	302
90	327
90	334
90	392
90	443
90	559
90	560
90	571
90	705
90	720
90	908
90	992
91	112
91	117
91	148
91	177
91	189
91	213
91	251
91	293
91	309
91	331
91	419
91	479
91	503
91	671
91	787
91	912
92	106
92	108
92	121
92	132
92	243
92	295
92	307
92	308
92	348
92	355
92	423
92	425
92	535
92	629
92	880
93	160
93	173
93	291
93	294
93	349
93	353
93	356
93	430
93	486
93	661
93	698
93	712
93	888
93	934
93	995
94	150
94	154
94	192
94	232
94	262
94	305
94	332
94	358
94	462
94	553
94	605
94	625
94	659
94	968
95	104
95	121
95	123
95	144
95	161
95	202
95	304
95	437
95	556
95	623
95	707
95	726
95	734
95	738
95	839
95	855
95	871
95	904
96	109
96	123
96	157
96	194
96	273
96	280
96	369
96	384
96	561
96	581
96	681
96	717
96	784
96	799
97	103
97	112
97	154
97	210
97	238
97	279
97	338
97	434
97	436
97	517
97	536
97	622
97	633
97	859
97	961
98	176
98	192
98	239
98	548
98	549
98	550
98	628
98	643
98	689
98	748
98	906
98	925
99	112
99	119
99	175
99	235
99	282
99	309
99	338
99	414
99	473
99	718
99	731
99	750
99	754
99	858
99	884
100	112
100	125
100	169
100	186
100	207
100	210
100	281
100	359
100	476
100	490
100	530
100	553
100	608
100	631
101	124
101	128
101	133
101	170
101	234
101	294
101	388
101	411
101	422
101	429
101	652
101	819
101	891
102	116
102	122
102	135
102	139
102	312
102	398
102	407
102	426
102	527
102	556
102	676
102	677
102	694
102	900
102	914
103	105
103	144
103	296
103	305
103	352
103	454
103	565
103	625
103	678
103	806
103	940
104	139
104	177
104	202
104	248
104	308
104	353
104	374
104	447
104	547
104	626
104	861
105	120
105	154
105	155
105	196
105	197
105	370
105	377
105	613
105	658
105	685
105	719
105	770
105	807
105	916
105	927
106	144
106	197
106	239
106	251
106	493
106	503
106	793
106	870
106	933
106	961
107	131
107	140
107	148
107	212
107	263
107	289
107	424
107	470
107	539
107	690
107	927
107	949
108	257
108	282
108	294
108	367
108	404
108	427
108	492
108	527
108	573
108	682
108	705
108	745
108	781
109	111
109	185
109	328
109	374
109	395
109	399
109	584
109	662
109	814
109	940
109	947
110	219
110	253
110	301
110	306
110	352
110	415
110	448
110	497
110	615
110	675
110	751
110	935
111	204
111	213
111	474
111	500
111	506
111	577
111	579
111	878
111	881
111	912
111	989
112	158
112	199
112	297
112	470
112	478
112	603
112	738
112	843
113	147
113	164
113	184
113	185
113	214
113	364
113	451
113	566
113	664
113	672
113	684
113	704
113	876
114	151
114	157
114	246
114	356
114	361
114	368
114	408
114	412
114	444
114	472
114	535
114	559
114	811
115	130
115	231
115	298
115	309
115	369
115	383
115	400
115	435
115	614
115	675
115	792
115	827
115	844
115	891
116	124
116	201
116	205
116	348
116	374
116	424
116	525
116	585
116	617
117	171
117	253
117	278
117	354
117	362
117	506
117	628
117	704
117	714
117	964
118	146
118	166
118	173
118	206
118	267
118	381
118	501
118	506
118	634
118	662
118	802
119	135
119	165
119	257
119	321
119	495
119	501
119	536
119	596
120	171
120	178
120	180
120	296
120	410
120	430
120	494
120	509
120	583
120	744
120	908
121	139
121	148
121	194
121	273
121	347
121	371
121	436
121	482
121	953
121	958
121	981
122	133
122	209
122	226
122	248
122	256
122	270
122	356
122	533
122	566
122	915
123	276
123	286
123	287
123	302
123	353
123	357
123	377
123	392
123	587
123	608
123	653
123	696
124	131
124	171
124	178
124	232
124	316
124	453
124	603
124	847
124	868
124	997
125	184
125	289
125	301
125	428
125	543
125	680
125	707
125	810
125	956
126	236
126	238
126	269
126	349
126	469
126	618
126	670
126	708
126	742
126	929
127	147
127	170
127	175
127	193
127	237
127	247
127	320
127	448
127	451
127	474
127	682
128	153
128	156
128	205
128	246
128	293
128	366
128	425
128	480
128	639
128	867
129	136
129	236
129	371
129	595
129	687
129	838
129	891
129	911
129	932
130	141
130	149
130	209
130	270
130	473
130	490
130	683
130	843
131	283
131	420
131	436
131	533
131	689
131	731
131	946
132	143
132	180
132	246
132	258
132	343
132	407
132	455
132	929
132	977
133	381
133	504
133	541
133	553
133	596
133	709
133	854
134	188
134	221
134	312
134	343
134	429
134	609
134	771
134	901
134	991
135	223
135	243
135	285
135	304
135	417
135	465
135	481
135	493
135	547
135	790
135	830
135	838
135	942
136	151
136	158
136	178
136	239
136	348
136	373
136	388
136	401
136	651
136	987
137	231
137	254
137	259
137	545
137	563
137	572
137	744
137	888
137	903
137	914
137	924
138	147
138	160
138	185
138	190
138	233
138	315
138	317
138	500
138	519
138	551
138	664
138	716
138	958
139	264
139	284
139	398
139	441
139	452
139	455
139	538
139	729
139	814
139	840
140	198
140	336
140	380
140	390
140	456
140	637
140	804
140	889
141	187
141	207
141	271
141	460
141	563
141	913
142	149
142	200
142	232
142	265
142	270
142	357
142	430
142	435
142	609
142	765
142	846
143	201
143	256
143	323
143	330
143	443
143	588
143	711
143	890
144	157
144	327
144	383
144	610
145	191
145	252
145	336
145	458
145	487
145	529
145	704
145	801
145	817
145	883
145	921
146	154
146	158
146	266
146	294
146	478
146	655
146	662
146	746
146	886
147	188
147	201
147	328
147	352
147	394
147	522
147	866
148	192
148	202
148	468
148	492
148	611
148	628
148	655
148	764
149	275
149	389
149	441
149	452
149	549
149	635
150	276
150	279
150	381
150	400
150	787
150	894
151	167
151	224
151	323
151	373
151	633
151	684
151	724
151	781
152	185
152	244
152	296
152	349
152	428
152	531
152	632
152	697
152	865
153	269
153	333
153	353
153	615
153	793
153	894
153	995
154	160
154	350
154	644
154	729
154	808
154	817
154	828
155	268
155	280
155	382
155	392
155	551
155	614
155	630
155	882
156	208
156	256
156	325
156	332
156	473
156	567
156	722
156	929
157	245
157	259
157	431
157	779
157	845
157	873
157	939
158	279
158	437
158	477
158	652
158	679
158	710
159	238
159	243
159	303
159	433
159	488
159	549
159	615
159	892
159	946
159	998
160	169
160	224
160	375
160	852
161	231
161	346
161	384
161	463
161	487
161	545
161	607
161	616
162	198
162	204
162	317
162	320
162	373
162	651
162	664
162	823
163	225
163	276
163	372
163	575
163	642
163	659
163	693
163	751
164	205
164	224
164	310
164	380
164	513
164	889
165	172
165	181
165	234
165	246
165	325
165	382
165	476
165	753
165	951
166	179
166	208
166	238
166	255
166	414
166	663
166	812
166	899
167	252
167	343
167	455
167	555
167	711
167	821
167	846
168	295
168	308
168	355
168	374
168	481
168	506
168	582
168	721
168	947
168	994
169	201
169	210
169	280
169	283
169	322
169	734
169	746
169	807
169	855
170	238
170	279
170	488
170	529
170	775
170	796
170	799
170	971
171	214
171	269
171	333
171	432
171	504
171	693
171	990
172	221
172	251
172	264
172	425
172	613
172	697
172	823
172	868
172	934
173	228
173	406
173	566
173	906
173	908
174	181
174	219
174	249
174	335
174	411
174	641
174	910
174	943
175	215
175	249
175	262
175	351
175	382
175	399
175	422
175	580
176	334
176	390
176	412
176	698
176	722
176	848
177	207
177	304
177	365
177	591
177	766
177	779
177	798
177	892
178	253
178	470
178	502
178	611
178	895
178	957
179	272
179	277
179	344
179	399
179	563
179	602
179	909
180	250
180	273
180	279
180	403
180	706
180	905
180	953
181	185
181	229
181	350
181	423
181	458
181	722
181	855
181	950
181	975
182	193
182	195
182	233
182	268
182	339
182	468
182	524
182	568
182	698
182	774
183	190
183	249
183	321
183	434
183	479
183	801
183	911
184	220
184	361
184	478
184	862
184	882
185	336
185	416
185	492
185	497
185	532
185	666
186	253
186	254
186	261
186	290
186	504
186	681
186	765
186	785
186	921
187	313
187	366
187	993
187	998
188	379
188	406
188	426
188	620
188	981
188	994
189	259
189	337
189	708
189	750
189	922
190	215
190	234
190	289
190	583
190	665
190	888
191	384
191	490
191	524
191	644
191	716
191	744
191	996
192	228
192	305
192	438
192	632
192	677
193	329
193	401
193	462
193	616
193	651
193	739
193	760
194	284
194	403
194	512
195	267
195	544
195	596
195	786
195	944
195	985
196	215
196	247
196	642
196	848
196	853
197	202
197	456
197	515
197	554
197	898
197	950
198	281
198	312
198	330
198	376
198	484
198	550
198	638
198	709
198	775
199	203
199	317
199	409
199	426
199	444
199	504
199	598
199	796
200	212
200	241
200	375
200	421
200	431
200	439
200	512
200	863
201	530
201	637
201	811
202	235
202	261
202	999
203	309
203	434
203	565
203	706
203	896
204	216
204	303
204	393
204	521
204	735
204	791
205	208
205	215
205	454
205	586
205	909
206	281
206	340
206	342
206	557
206	694
206	702
206	898
207	223
207	348
207	350
207	549
207	576
207	958
207	965
208	214
208	249
208	259
208	338
208	353
208	475
208	575
209	242
209	243
209	279
209	280
209	334
209	368
209	881
209	954
210	305
210	324
210	339
210	580
210	774
210	788
211	250
211	368
211	378
211	544
211	634
211	788
212	243
212	311
212	364
212	505
212	546
212	831
212	957
213	312
213	352
213	387
213	475
213	589
213	657
214	357
214	439
214	686
214	765
214	906
215	270
215	287
215	371
215	677
215	813
215	980
216	240
216	321
216	336
216	531
216	749
217	218
217	236
217	265
217	515
217	681
217	855
217	884
217	936
217	944
218	225
218	272
218	492
218	673
218	715
218	723
218	813
219	290
219	437
219	632
219	799
220	252
220	254
220	270
220	341
220	417
220	455
220	490
220	872
221	343
221	494
221	859
221	874
222	297
222	407
222	445
222	678
222	683
222	744
222	904
222	948
223	342
223	363
223	477
223	578
223	585
223	797
223	832
223	900
224	240
224	315
224	414
224	486
224	501
224	530
224	952
225	237
225	355
225	389
225	473
225	525
225	540
225	645
226	244
226	268
226	338
226	449
226	499
226	619
227	246
227	430
227	453
227	504
227	660
227	667
227	681
227	695
228	325
228	383
228	403
228	749
228	793
228	831
229	237
229	356
229	434
229	440
229	570
229	881
230	261
230	293
230	498
230	513
230	574
230	984
231	272
231	346
231	351
231	934
232	236
232	267
232	328
232	353
232	399
232	448
232	808
233	335
233	523
233	526
233	738
234	273
234	294
234	375
234	440
234	480
234	514
235	276
235	618
235	632
235	898
236	308
236	394
236	724
236	864
236	967
237	366
237	624
237	655
237	812
238	475
238	688
238	701
238	834
238	862
239	254
239	296
239	652
239	962
240	282
240	297
240	510
241	299
241	304
241	383
241	537
241	649
241	810
242	252
242	318
242	365
242	468
242	705
242	884
242	973
243	341
243	521
244	250
244	441
244	755
244	833
245	351
245	356
245	740
245	921
246	280
246	393
246	954
247	393
247	394
247	502
247	783
247	927
248	304
248	388
248	392
248	418
248	743
248	794
249	359
249	386
249	640
249	692
250	474
250	481
250	634
250	716
250	959
251	314
251	657
251	659
251	695
252	306
252	839
253	452
253	544
253	733
254	294
254	412
254	876
254	890
254	986
255	378
255	467
255	471
255	508
255	843
255	948
256	341
256	425
256	447
256	542
256	543
256	561
256	691
257	361
257	453
257	670
257	754
257	777
257	927
258	288
258	379
258	613
258	674
258	730
258	845
259	495
259	505
259	627
259	741
260	317
260	389
260	552
260	579
260	821
261	309
261	346
261	350
261	469
261	778
261	870
261	975
262	296
262	325
262	531
262	604
262	648
262	952
263	295
263	298
263	319
263	401
263	450
263	546
263	840
264	351
264	429
264	465
264	717
264	776
264	821
264	963
264	990
265	347
265	760
265	764
265	825
265	886
266	288
266	372
266	379
266	560
266	759
266	798
266	902
267	412
267	630
267	727
267	960
267	996
268	275
268	344
268	345
269	310
269	347
269	612
269	644
269	689
269	737
270	321
270	809
270	886
271	388
271	657
271	661
271	726
271	830
271	968
272	471
272	574
272	650
272	980
273	337
273	349
273	502
273	884
273	900
273	945
274	276
274	424
274	479
274	480
275	293
275	309
275	541
275	612
276	420
276	523
276	697
277	365
277	396
277	556
277	704
277	979
278	407
278	544
278	658
278	719
278	790
279	323
279	346
279	853
280	544
280	675
280	948
281	972
282	399
282	687
282	742
283	517
283	558
283	625
283	626
283	703
283	925
283	953
284	341
284	342
284	725
285	316
285	482
285	537
285	596
285	748
285	842
286	438
286	515
286	575
286	765
286	808
286	930
286	955
287	557
287	718
287	742
287	814
287	902
288	335
288	618
288	883
288	964
289	325
289	627
290	313
290	331
290	565
291	339
291	505
291	519
291	654
291	943
292	421
292	493
292	642
292	718
293	385
293	569
294	316
294	682
295	417
295	479
295	482
296	371
296	496
296	959
297	354
297	363
297	525
297	562
297	684
298	369
298	511
298	639
298	876
298	944
298	962
299	406
299	410
299	636
300	455
300	571
300	582
300	584
300	600
300	628
300	978
301	435
301	590
301	656
301	800
301	910
302	334
302	480
302	730
302	825
303	410
303	418
303	575
303	856
304	389
304	558
305	323
305	345
305	573
305	745
306	332
306	463
306	599
306	621
306	658
307	331
307	643
307	768
307	822
307	933
308	550
308	577
308	733
309	699
310	440
310	527
310	663
310	960
311	902
311	932
312	474
312	592
312	602
312	864
313	647
313	964
314	399
314	532
314	547
315	577
315	638
315	753
315	823
315	864
315	893
316	420
316	827
316	919
317	381
317	442
317	782
317	922
318	460
318	738
318	779
318	916
318	920
319	365
319	828
319	910
320	448
320	692
320	926
321	431
321	447
321	686
321	841
321	919
322	427
322	488
322	522
322	546
322	592
322	607
322	877
323	451
323	472
323	619
323	732
323	987
324	381
324	392
324	521
324	889
325	358
325	866
326	360
326	372
326	653
326	700
326	731
326	986
327	337
327	592
327	646
328	330
328	394
328	762
328	920
329	357
329	659
329	755
329	854
329	871
330	372
330	511
330	521
330	651
330	926
331	391
331	422
331	571
331	993
332	578
332	602
332	824
332	970
333	464
333	465
333	735
333	746
334	380
335	360
335	387
335	466
335	724
335	857
336	507
336	525
336	586
337	398
337	416
337	597
337	835
338	384
338	544
338	590
338	703
339	407
339	580
339	589
340	352
340	550
340	772
340	781
341	694
341	820
342	459
342	480
342	868
342	1000
343	442
343	610
343	850
344	509
344	635
344	830
345	517
345	690
345	838
345	918
345	971
346	421
346	530
346	774
346	797
347	559
347	621
347	982
348	571
348	622
349	359
349	634
350	399
350	612
350	682
351	379
351	462
351	885
351	890
352	546
352	849
352	931
353	629
353	672
354	399
354	556
354	610
354	728
354	732
354	823
355	763
355	816
355	914
355	976
356	402
356	451
357	469
358	794
359	401
359	686
359	901
359	998
360	445
360	468
360	483
360	719
361	554
361	569
361	860
362	372
362	543
362	600
362	675
362	695
363	508
363	838
363	873
363	920
363	926
364	380
364	391
364	469
364	610
365	534
365	745
366	501
366	514
367	390
367	630
367	639
367	824
367	879
367	933
368	428
368	596
368	660
369	814
370	434
370	441
370	449
370	467
370	548
370	568
370	920
371	428
371	577
371	694
371	736
372	642
373	460
373	495
373	637
373	790
374	468
374	787
375	396
376	459
376	500
376	529
376	552
376	887
376	937
377	407
377	584
377	974
377	983
378	382
378	405
378	561
378	999
379	411
379	931
379	964
380	420
380	542
380	584
381	667
381	993
382	643
382	656
382	858
383	412
383	499
383	519
384	407
384	436
384	636
385	426
385	480
385	564
385	966
386	422
386	493
386	569
386	571
386	748
386	829
386	834
387	783
388	495
388	992
389	489
390	672
390	707
390	717
391	413
391	508
391	700
391	776
392	424
392	873
392	994
393	777
393	798
393	988
394	406
394	759
395	913
395	970
396	792
396	847
397	510
397	528
397	693
397	989
398	627
398	762
398	954
400	475
400	547
400	773
400	782
401	647
401	741
401	834
401	855
402	604
402	645
402	916
402	999
403	473
403	568
404	408
404	511
404	688
404	704
404	928
405	453
405	559
405	662
405	903
405	949
406	494
406	587
406	833
406	869
408	542
408	733
409	440
409	576
409	595
409	904
410	860
410	992
411	578
411	587
411	767
412	523
413	447
413	506
413	540
413	579
413	864
413	947
414	502
414	533
414	652
414	803
414	915
415	434
415	510
415	600
415	729
415	782
416	464
416	926
416	961
417	741
417	883
417	969
417	973
418	427
418	509
418	970
418	977
419	462
419	535
419	651
419	724
419	752
420	986
421	641
421	643
422	545
422	756
422	932
423	609
423	948
424	604
424	745
424	886
425	463
425	579
425	851
426	515
426	651
426	688
427	737
427	966
427	996
428	582
428	761
428	857
429	460
429	620
430	620
430	680
431	852
431	969
432	838
432	925
432	942
433	639
433	656
433	923
435	471
435	807
436	709
436	983
437	494
437	611
437	715
438	605
438	689
438	802
438	916
439	481
439	974
440	512
440	555
441	776
442	675
442	714
443	724
443	941
444	619
444	867
445	460
445	792
445	800
446	605
446	624
447	673
447	708
447	977
448	817
449	834
449	875
449	913
450	459
450	663
450	692
450	739
451	539
451	941
452	980
453	485
454	694
455	562
455	574
456	558
456	827
456	907
457	496
457	621
457	809
457	961
458	871
459	679
461	637
461	735
461	779
463	485
463	508
463	850
464	723
464	991
465	570
465	865
466	554
466	579
466	629
466	744
467	539
467	541
468	470
469	602
470	778
470	924
471	660
471	676
471	862
472	496
472	677
472	875
472	893
473	856
474	824
474	877
475	529
475	708
476	500
476	644
476	815
477	510
477	746
477	819
477	861
478	548
478	666
479	659
479	951
481	482
481	956
482	617
482	710
483	701
483	867
483	904
485	783
485	819
486	701
486	885
487	624
487	815
487	864
487	871
487	947
488	539
488	710
488	942
488	966
489	567
489	628
489	672
489	833
490	700
491	663
491	664
491	772
491	934
492	528
492	891
493	646
493	981
494	553
494	695
494	973
495	623
495	857
497	518
497	783
497	866
498	702
498	792
498	853
498	926
499	523
499	526
499	678
499	763
500	727
502	519
502	837
502	898
503	518
503	519
503	826
503	842
504	958
505	778
505	870
505	931
506	640
507	513
507	789
508	684
509	574
509	794
510	718
511	803
511	967
512	699
512	907
513	689
513	982
514	712
514	837
516	557
516	669
517	586
518	546
518	641
518	918
519	558
519	895
520	612
520	655
520	739
520	965
521	670
522	686
522	909
523	526
523	982
523	994
524	545
524	726
524	788
526	607
526	711
526	945
527	776
527	827
528	648
528	1000
529	547
529	936
530	829
531	570
531	803
532	846
533	604
533	674
534	537
534	607
534	901
535	713
535	770
535	781
536	700
536	785
536	974
537	649
538	577
538	610
538	737
539	603
540	597
540	822
540	989
541	653
541	807
542	928
542	936
543	645
543	728
543	830
545	867
547	653
547	955
548	764
548	791
549	871
550	557
551	786
551	819
551	851
552	581
552	943
553	691
554	658
554	681
555	938
557	609
558	970
559	944
559	969
560	638
560	780
561	749
561	943
562	614
562	736
562	794
564	767
564	818
564	929
564	986
565	576
566	924
567	772
567	800
568	735
570	897
572	801
572	892
572	899
572	957
573	635
573	985
575	728
576	760
576	837
578	619
581	837
585	616
585	737
585	778
586	750
586	829
587	897
588	735
588	811
589	697
589	878
590	623
591	740
591	924
592	803
593	656
593	720
593	727
593	923
594	595
594	796
594	906
598	631
598	698
598	766
598	811
598	835
599	601
599	806
600	645
600	709
600	992
601	734
601	916
601	930
602	851
602	1000
603	813
603	910
603	989
604	760
605	826
606	690
606	748
606	912
608	872
608	956
610	945
611	775
611	910
612	614
612	707
613	771
613	847
614	692
616	661
617	636
618	917
621	806
621	905
622	682
622	691
622	762
623	861
625	706
625	796
627	640
627	795
629	632
629	822
629	942
630	678
631	981
631	990
633	664
633	917
634	649
634	976
635	907
635	952
636	639
636	705
636	939
637	721
640	805
641	726
641	784
641	985
642	940
643	696
644	677
644	793
646	832
647	930
648	843
648	894
648	903
650	791
650	856
650	936
652	804
653	869
654	693
655	813
656	847
657	712
658	897
659	882
660	668
660	809
661	669
662	727
663	895
665	844
665	978
666	850
667	828
667	854
669	918
669	967
670	687
670	840
671	738
671	746
671	920
673	711
673	778
674	691
674	1000
677	762
679	716
680	915
683	828
683	836
683	988
685	723
685	901
686	938
686	962
687	911
689	789
690	873
691	761
693	763
697	890
698	709
699	991
702	717
702	869
703	845
703	912
706	810
706	925
710	820
711	950
712	993
713	988
714	858
714	875
715	872
715	891
717	732
717	880
718	782
719	802
720	761
721	905
721	977
723	766
728	820
729	876
730	872
731	935
739	777
740	787
740	840
741	743
742	851
743	824
747	941
747	959
748	753
749	832
750	984
752	931
752	954
753	797
754	915
756	757
756	977
757	798
757	940
758	884
760	956
761	860
762	968
766	1000
767	907
769	963
769	989
771	790
771	895
773	896
773	945
779	921
780	972
780	997
782	921
784	983
785	846
785	960
786	805
786	988
788	883
789	949
791	956
794	818
796	903
797	856
797	865
798	821
802	996
804	874
804	938
809	822
810	878
810	968
812	815
812	844
816	865
816	973
818	937
818	984
821	950
825	968
826	852
826	892
831	960
834	854
835	984
835	998
836	903
837	863
841	861
841	890
842	885
846	997
853	957
859	863
863	908
865	982
866	936
867	967
872	879
879	979
880	947
887	893
887	919
889	935
896	935
899	979
900	971
905	990
911	979
912	946
929	940
970	979
