1	2
1	8
1	15
1	23
1	24
1	29
1	30
1	36
1	40
1	42
1	44
1	47
1	54
1	59
1	70
1	96
1	144
1	151
1	163
1	209
1	248
1	294
1	350
1	360
1	421
1	446
1	458
1	466
1	539
1	544
1	595
1	638
1	646
1	654
1	657
1	662
1	667
1	689
1	694
1	696
1	786
1	804
1	810
1	838
1	863
1	866
1	878
1	920
1	956
1	989
2	5
2	29
2	33
2	41
2	42
2	49
2	51
2	73
2	75
2	101
2	108
2	119
2	132
2	138
2	168
2	176
2	180
2	235
2	251
2	273
2	342
2	349
2	366
2	386
2	461
2	468
2	523
2	553
2	554
2	627
2	656
2	657
2	658
2	662
2	677
2	679
2	699
2	752
2	795
2	796
2	811
2	817
2	846
2	868
2	977
2	979
2	994
3	6
3	14
3	24
3	26
3	37
3	48
3	49
3	58
3	60
3	95
3	106
3	115
3	116
3	122
3	125
3	135
3	139
3	149
3	155
3	160
3	161
3	169
3	171
3	178
3	179
3	295
3	311
3	319
3	365
3	423
3	435
3	470
3	497
3	517
3	532
3	602
3	639
3	643
3	675
3	735
3	804
3	870
3	899
3	922
3	962
3	983
3	993
4	26
4	34
4	35
4	62
4	72
4	73
4	79
4	82
4	92
4	118
4	121
4	133
4	153
4	161
4	205
4	219
4	243
4	244
4	253
4	288
4	292
4	316
4	321
4	322
4	377
4	418
4	467
4	534
4	537
4	549
4	550
4	565
4	574
4	624
4	673
4	693
4	742
4	749
4	768
4	769
4	774
4	782
4	803
4	844
4	894
4	915
5	6
5	15
5	21
5	41
5	49
5	51
5	63
5	86
5	87
5	89
5	101
5	104
5	107
5	110
5	131
5	138
5	150
5	165
5	180
5	188
5	203
5	228
5	235
5	242
5	243
5	342
5	405
5	435
5	463
5	484
5	501
5	543
5	554
5	572
5	577
5	581
5	633
5	699
5	752
5	764
5	871
5	949
5	979
5	994
6	15
6	24
6	37
6	45
6	48
6	58
6	105
6	116
6	121
6	135
6	149
6	155
6	168
6	169
6	171
6	193
6	225
6	267
6	283
6	287
6	307
6	327
6	347
6	369
6	383
6	442
6	450
6	453
6	470
6	511
6	516
6	522
6	556
6	599
6	610
6	670
6	695
6	744
6	792
6	918
6	943
6	958
6	967
7	8
7	18
7	72
7	73
7	85
7	88
7	120
7	124
7	128
7	157
7	164
7	196
7	206
7	227
7	254
7	260
7	291
7	308
7	359
7	368
7	371
7	372
7	394
7	395
7	414
7	450
7	472
7	479
7	513
7	517
7	526
7	533
7	546
7	582
7	636
7	652
7	683
7	685
7	772
7	807
7	814
7	819
7	829
7	890
7	957
8	18
8	19
8	23
8	67
8	82
8	85
8	105
8	120
8	128
8	154
8	164
8	206
8	260
8	265
8	281
8	283
8	291
8	337
8	362
8	372
8	387
8	390
8	394
8	396
8	414
8	450
8	526
8	533
8	552
8	600
8	605
8	685
8	686
8	697
8	698
8	739
8	766
8	832
8	867
8	880
8	900
8	951
9	10
9	14
9	16
9	22
9	32
9	39
9	41
9	46
9	55
9	66
9	69
9	97
9	112
9	113
9	148
9	157
9	166
9	172
9	182
9	200
9	212
9	214
9	227
9	241
9	279
9	282
9	293
9	303
9	361
9	409
9	455
9	474
9	480
9	585
9	622
9	669
9	759
9	781
9	787
9	802
9	827
9	852
9	981
10	13
10	16
10	21
10	28
10	31
10	42
10	52
10	57
10	59
10	60
10	69
10	133
10	152
10	199
10	233
10	272
10	276
10	285
10	304
10	343
10	378
10	435
10	448
10	483
10	536
10	561
10	566
10	634
10	645
10	666
10	671
10	682
10	701
10	706
10	732
10	787
10	836
10	848
10	854
10	877
10	881
11	18
11	20
11	22
11	55
11	67
11	71
11	76
11	80
11	84
11	90
11	117
11	135
11	138
11	140
11	143
11	172
11	183
11	189
11	236
11	249
11	252
11	275
11	314
11	325
11	334
11	354
11	376
11	428
11	439
11	443
11	538
11	542
11	579
11	601
11	660
11	661
11	680
11	807
11	835
11	852
11	973
12	39
12	50
12	66
12	77
12	81
12	82
12	93
12	97
12	108
12	111
12	129
12	163
12	172
12	214
12	241
12	261
12	273
12	279
12	282
12	287
12	318
12	324
12	338
12	356
12	363
12	415
12	429
12	438
12	447
12	568
12	608
12	675
12	791
12	792
12	806
12	886
12	903
12	941
12	974
12	981
13	25
13	37
13	56
13	65
13	78
13	102
13	116
13	121
13	131
13	142
13	147
13	193
13	198
13	216
13	226
13	237
13	258
13	322
13	338
13	341
13	389
13	403
13	430
13	499
13	551
13	598
13	617
13	618
13	676
13	704
13	724
13	732
13	825
13	872
13	908
13	928
13	965
13	976
13	982
14	21
14	36
14	39
14	46
14	66
14	67
14	73
14	81
14	82
14	162
14	166
14	174
14	175
14	198
14	214
14	231
14	259
14	288
14	290
14	293
14	332
14	351
14	356
14	411
14	429
14	444
14	457
14	484
14	632
14	637
14	665
14	747
14	759
14	794
14	837
14	932
14	938
14	992
15	22
15	25
15	29
15	40
15	47
15	53
15	68
15	70
15	91
15	96
15	120
15	130
15	134
15	145
15	178
15	197
15	198
15	201
15	209
15	298
15	320
15	348
15	371
15	421
15	466
15	495
15	499
15	541
15	564
15	576
15	662
15	714
15	758
15	838
15	895
15	906
15	908
16	21
16	31
16	42
16	52
16	54
16	60
16	69
16	72
16	119
16	120
16	185
16	192
16	199
16	204
16	217
16	277
16	283
16	378
16	397
16	419
16	421
16	448
16	483
16	510
16	561
16	566
16	600
16	643
16	666
16	687
16	700
16	703
16	745
16	795
16	848
16	877
16	954
17	23
17	27
17	33
17	36
17	38
17	44
17	49
17	56
17	58
17	64
17	88
17	114
17	127
17	142
17	158
17	187
17	192
17	238
17	245
17	329
17	343
17	346
17	426
17	461
17	489
17	496
17	650
17	680
17	683
17	709
17	755
17	760
17	822
17	859
17	889
17	904
17	933
17	995
17	999
18	39
18	62
18	85
18	88
18	118
18	120
18	124
18	132
18	154
18	265
18	309
18	318
18	322
18	345
18	359
18	368
18	371
18	386
18	390
18	391
18	396
18	414
18	437
18	459
18	538
18	546
18	552
18	582
18	637
18	686
18	687
18	807
18	832
18	890
18	989
19	23
19	27
19	33
19	36
19	38
19	44
19	47
19	56
19	65
19	77
19	94
19	110
19	121
19	128
19	133
19	174
19	192
19	207
19	222
19	270
19	278
19	432
19	445
19	461
19	556
19	558
19	625
19	645
19	653
19	664
19	665
19	708
19	720
19	779
19	791
19	910
19	996
20	22
20	31
20	57
20	60
20	67
20	71
20	76
20	80
20	84
20	88
20	102
20	173
20	188
20	274
20	314
20	317
20	319
20	320
20	325
20	330
20	354
20	361
20	378
20	439
20	518
20	542
20	604
20	625
20	639
20	697
20	742
20	756
20	771
20	835
20	909
20	961
20	973
21	31
21	37
21	42
21	52
21	54
21	89
21	148
21	152
21	167
21	177
21	199
21	204
21	239
21	272
21	276
21	285
21	293
21	371
21	397
21	492
21	536
21	560
21	561
21	566
21	643
21	666
21	700
21	723
21	745
21	758
21	772
21	777
21	813
21	848
22	54
22	55
22	57
22	67
22	78
22	80
22	88
22	95
22	114
22	117
22	122
22	143
22	173
22	174
22	184
22	249
22	252
22	317
22	323
22	354
22	358
22	376
22	518
22	601
22	604
22	608
22	713
22	797
22	799
22	846
22	864
22	924
22	935
22	985
23	27
23	44
23	48
23	100
23	127
23	152
23	158
23	187
23	195
23	218
23	234
23	275
23	276
23	299
23	329
23	508
23	527
23	529
23	568
23	589
23	592
23	616
23	635
23	720
23	736
23	776
23	783
23	813
23	893
23	933
23	937
23	945
23	969
23	987
24	37
24	50
24	58
24	61
24	80
24	105
24	110
24	122
24	125
24	129
24	135
24	163
24	168
24	186
24	194
24	262
24	267
24	307
24	344
24	370
24	409
24	425
24	433
24	434
24	435
24	511
24	516
24	610
24	704
24	726
24	843
24	845
24	876
24	940
25	38
25	43
25	64
25	70
25	83
25	93
25	98
25	106
25	146
25	175
25	186
25	215
25	216
25	237
25	269
25	278
25	341
25	353
25	364
25	454
25	463
25	465
25	469
25	472
25	494
25	524
25	629
25	681
25	716
25	788
25	875
25	885
25	965
25	971
25	986
26	28
26	34
26	35
26	52
26	62
26	72
26	75
26	79
26	92
26	99
26	153
26	161
26	205
26	215
26	253
26	257
26	312
26	316
26	321
26	335
26	377
26	406
26	422
26	455
26	571
26	609
26	648
26	673
26	698
26	742
26	750
26	803
26	844
26	894
26	963
27	30
27	36
27	38
27	56
27	58
27	75
27	83
27	94
27	98
27	141
27	165
27	196
27	206
27	207
27	280
27	301
27	308
27	324
27	373
27	417
27	424
27	445
27	451
27	454
27	491
27	621
27	664
27	686
27	715
27	773
27	827
27	841
27	869
27	930
28	32
28	42
28	68
28	141
28	178
28	208
28	211
28	231
28	232
28	242
28	306
28	328
28	336
28	339
28	355
28	381
28	399
28	434
28	485
28	534
28	567
28	584
28	619
28	644
28	654
28	702
28	783
28	792
28	818
28	891
28	927
28	929
28	935
28	968
28	991
29	47
29	53
29	57
29	68
29	70
29	98
29	109
29	127
29	130
29	132
29	151
29	156
29	165
29	166
29	230
29	248
29	334
29	350
29	360
29	415
29	466
29	522
29	541
29	548
29	595
29	626
29	632
29	692
29	698
29	722
29	857
29	865
29	956
30	33
30	36
30	38
30	40
30	75
30	124
30	156
30	179
30	222
30	234
30	245
30	272
30	275
30	277
30	308
30	365
30	388
30	519
30	529
30	558
30	594
30	631
30	645
30	690
30	755
30	827
30	850
30	888
30	911
30	926
30	934
30	945
30	987
30	999
31	42
31	52
31	54
31	60
31	69
31	111
31	120
31	146
31	167
31	204
31	239
31	272
31	285
31	305
31	378
31	383
31	412
31	483
31	494
31	510
31	513
31	555
31	588
31	604
31	672
31	701
31	706
31	772
31	831
31	836
31	881
31	915
32	72
32	109
32	110
32	113
32	125
32	141
32	157
32	175
32	191
32	207
32	208
32	240
32	242
32	249
32	306
32	309
32	328
32	339
32	404
32	418
32	427
32	486
32	495
32	613
32	654
32	693
32	705
32	737
32	818
32	891
32	911
32	950
32	966
32	987
33	36
33	38
33	51
33	67
33	77
33	87
33	111
33	158
33	165
33	179
33	191
33	195
33	203
33	233
33	245
33	275
33	277
33	284
33	286
33	384
33	488
33	548
33	559
33	635
33	647
33	757
33	850
33	881
33	884
33	972
33	996
34	35
34	56
34	62
34	66
34	72
34	77
34	79
34	92
34	123
34	226
34	248
34	253
34	256
34	274
34	285
34	292
34	312
34	316
34	410
34	481
34	534
34	550
34	565
34	624
34	673
34	742
34	761
34	769
34	782
34	858
34	920
34	921
35	38
35	39
35	62
35	72
35	79
35	115
35	153
35	158
35	161
35	215
35	253
35	321
35	335
35	410
35	418
35	513
35	546
35	565
35	609
35	673
35	689
35	742
35	749
35	751
35	769
35	803
35	830
35	844
35	920
35	931
36	44
36	58
36	75
36	77
36	99
36	103
36	129
36	165
36	197
36	234
36	245
36	280
36	351
36	373
36	388
36	433
36	456
36	488
36	491
36	653
36	827
36	837
36	930
36	995
37	44
37	50
37	88
37	95
37	105
37	106
37	110
37	116
37	140
37	149
37	168
37	212
37	405
37	408
37	416
37	425
37	453
37	483
37	556
37	599
37	634
37	639
37	642
37	671
37	708
37	943
38	77
38	83
38	121
38	125
38	127
38	134
38	187
38	234
38	238
38	278
38	289
38	351
38	415
38	482
38	547
38	589
38	609
38	676
38	767
38	811
38	873
38	964
38	996
39	46
39	73
39	82
39	84
39	111
39	144
39	200
39	221
39	227
39	246
39	315
39	356
39	395
39	405
39	406
39	412
39	438
39	461
39	464
39	566
39	632
39	734
39	824
39	941
39	990
40	53
40	59
40	70
40	122
40	178
40	197
40	201
40	235
40	310
40	337
40	360
40	421
40	437
40	457
40	458
40	541
40	564
40	626
40	630
40	647
40	651
40	696
40	777
40	815
40	838
40	866
40	916
41	45
41	87
41	113
41	119
41	123
41	127
41	131
41	180
41	215
41	220
41	268
41	349
41	352
41	375
41	514
41	614
41	660
41	762
41	770
41	861
41	866
41	876
41	882
41	936
41	944
41	975
42	52
42	54
42	63
42	69
42	167
42	272
42	276
42	285
42	304
42	383
42	419
42	452
42	477
42	536
42	557
42	644
42	723
42	772
42	780
42	831
42	836
42	881
43	64
43	65
43	75
43	83
43	93
43	102
43	103
43	139
43	147
43	202
43	223
43	233
43	353
43	364
43	406
43	428
43	441
43	472
43	650
43	681
43	706
43	748
43	749
43	796
43	860
43	913
43	965
43	993
44	58
44	60
44	67
44	81
44	94
44	100
44	126
44	127
44	134
44	148
44	158
44	320
44	329
44	343
44	373
44	374
44	404
44	489
44	529
44	611
44	840
44	964
44	972
45	49
45	51
45	86
45	89
45	104
45	107
45	112
45	116
45	119
45	132
45	150
45	215
45	243
45	258
45	268
45	293
45	297
45	363
45	366
45	370
45	375
45	520
45	588
45	699
45	713
45	820
45	919
46	82
46	108
46	126
46	136
46	137
46	145
46	157
46	162
46	193
46	208
46	213
46	261
46	367
46	395
46	437
46	496
46	516
46	569
46	596
46	665
46	678
46	874
46	878
46	900
46	916
46	940
47	59
47	68
47	91
47	96
47	105
47	144
47	202
47	298
47	337
47	348
47	446
47	571
47	596
47	601
47	629
47	657
47	689
47	730
47	786
47	884
47	902
47	920
47	956
47	991
48	50
48	61
48	106
48	116
48	125
48	169
48	171
48	186
48	287
48	307
48	309
48	319
48	327
48	365
48	440
48	502
48	531
48	594
48	671
48	780
48	863
48	898
48	912
48	962
48	967
49	61
49	74
49	77
49	87
49	89
49	107
49	113
49	119
49	138
49	169
49	240
49	251
49	255
49	386
49	501
49	503
49	523
49	530
49	554
49	785
49	896
49	980
50	61
50	105
50	106
50	140
50	153
50	155
50	181
50	210
50	228
50	232
50	248
50	250
50	267
50	295
50	311
50	365
50	423
50	511
50	556
50	634
50	642
50	778
50	794
51	60
51	86
51	87
51	107
51	112
51	131
51	225
51	228
51	234
51	255
51	264
51	343
51	386
51	519
51	530
51	553
51	583
51	660
51	673
51	687
51	738
51	796
51	846
52	54
52	69
52	91
52	106
52	167
52	199
52	211
52	300
52	383
52	397
52	448
52	558
52	561
52	643
52	655
52	682
52	775
52	780
52	813
52	915
52	975
53	59
53	70
53	96
53	130
53	132
53	142
53	197
53	217
53	294
53	298
53	348
53	407
53	413
53	431
53	555
53	572
53	595
53	629
53	655
53	721
53	784
53	839
53	878
53	963
54	69
54	152
54	167
54	191
54	199
54	253
54	282
54	305
54	338
54	352
54	357
54	510
54	536
54	666
54	695
54	703
54	706
54	787
54	915
55	67
55	80
55	88
55	90
55	114
55	189
55	213
55	224
55	229
55	279
55	314
55	535
55	547
55	580
55	659
55	768
55	773
55	778
55	799
55	806
55	823
55	902
55	964
56	74
56	75
56	77
56	120
56	121
56	329
56	343
56	375
56	445
56	451
56	491
56	504
56	527
56	647
56	719
56	729
56	841
56	850
56	854
56	879
56	934
57	71
57	77
57	84
57	143
57	150
57	173
57	189
57	270
57	320
57	323
57	357
57	471
57	477
57	549
57	580
57	659
57	693
57	768
57	797
57	810
57	952
57	967
58	65
58	94
58	126
58	134
58	158
58	219
58	243
58	277
58	280
58	289
58	384
58	445
58	490
58	527
58	575
58	725
58	869
58	873
58	926
59	68
59	91
59	121
59	144
59	148
59	197
59	201
59	209
59	234
59	271
59	324
59	342
59	505
59	555
59	714
59	784
59	838
59	888
59	895
59	963
60	69
60	152
60	167
60	177
60	204
60	239
60	272
60	378
60	397
60	524
60	700
60	701
60	831
60	836
60	848
60	853
60	877
60	907
61	94
61	95
61	106
61	110
61	122
61	181
61	186
61	235
61	311
61	374
61	435
61	453
61	511
61	532
61	573
61	591
61	631
61	634
61	695
61	761
61	983
62	76
62	79
62	92
62	99
62	100
62	161
62	205
62	288
62	292
62	335
62	344
62	410
62	467
62	481
62	624
62	877
62	921
62	931
62	977
62	984
63	89
63	96
63	131
63	132
63	162
63	180
63	194
63	215
63	228
63	263
63	429
63	503
63	523
63	656
63	687
63	709
63	770
63	818
63	846
63	848
63	868
63	871
63	977
64	65
64	78
64	102
64	109
64	193
64	226
64	233
64	257
64	303
64	333
64	346
64	408
64	417
64	438
64	480
64	524
64	545
64	631
64	674
64	731
64	754
64	872
65	109
65	216
65	270
65	280
65	314
65	322
65	333
65	367
65	403
65	424
65	444
65	452
65	469
65	598
65	668
65	704
65	726
65	879
65	941
65	957
66	97
66	108
66	111
66	131
66	152
66	174
66	198
66	213
66	241
66	340
66	362
66	411
66	487
66	544
66	603
66	649
66	707
66	802
66	821
66	944
67	76
67	90
67	173
67	231
67	252
67	274
67	296
67	398
67	428
67	535
67	577
67	670
67	824
67	855
67	902
67	958
68	91
68	144
68	178
68	209
68	273
68	298
68	310
68	337
68	345
68	395
68	466
68	525
68	689
68	733
68	765
68	815
68	908
68	937
69	90
69	91
69	97
69	167
69	204
69	239
69	285
69	383
69	448
69	569
69	570
69	700
69	703
69	787
69	909
70	112
70	130
70	189
70	197
70	217
70	230
70	274
70	326
70	402
70	419
70	646
70	692
70	694
70	698
70	714
70	839
70	982
71	76
71	88
71	90
71	114
71	143
71	173
71	187
71	274
71	298
71	322
71	330
71	477
71	534
71	535
71	561
71	580
71	659
71	851
71	903
71	957
72	79
72	92
72	123
72	153
72	161
72	205
72	219
72	257
72	268
72	288
72	335
72	422
72	574
72	847
72	858
72	931
73	82
73	111
73	198
73	218
73	225
73	437
73	457
73	563
73	592
73	669
73	684
73	734
73	807
73	886
73	887
73	925
73	932
74	89
74	101
74	136
74	150
74	235
74	243
74	249
74	258
74	281
74	296
74	370
74	473
74	627
74	666
74	691
74	707
74	795
74	860
74	882
74	955
75	134
75	151
75	153
75	207
75	265
75	278
75	299
75	351
75	376
75	558
75	680
75	709
75	805
75	869
75	995
76	83
76	84
76	88
76	109
76	114
76	117
76	184
76	300
76	380
76	462
76	477
76	533
76	549
76	799
76	810
76	826
76	957
77	165
77	234
77	277
77	280
77	286
77	289
77	299
77	471
77	645
77	720
77	779
77	888
78	98
78	147
78	159
78	222
78	261
78	313
78	327
78	346
78	401
78	403
78	431
78	494
78	579
78	637
78	650
78	717
78	804
78	825
79	92
79	99
79	119
79	132
79	153
79	223
79	257
79	422
79	467
79	476
79	525
79	537
79	749
79	770
79	988
80	90
80	117
80	176
80	184
80	236
80	252
80	278
80	337
80	458
80	495
80	507
80	580
80	762
80	852
80	905
80	973
81	86
81	97
81	137
81	145
81	166
81	200
81	328
81	332
81	353
81	392
81	531
81	563
81	653
81	759
81	812
81	824
81	883
81	907
82	172
82	174
82	188
82	237
82	244
82	259
82	261
82	351
82	366
82	474
82	492
82	512
82	763
82	925
83	93
83	98
83	139
83	231
83	303
83	372
83	444
83	472
83	515
83	545
83	674
83	717
83	744
83	774
83	868
83	875
84	88
84	105
84	184
84	224
84	236
84	301
84	314
84	320
84	426
84	493
84	507
84	540
84	542
84	571
84	619
84	674
85	118
85	128
85	130
85	137
85	243
85	263
85	265
85	300
85	362
85	372
85	533
85	538
85	636
85	677
85	746
85	757
85	874
85	900
86	97
86	101
86	104
86	138
86	150
86	255
86	268
86	349
86	474
86	492
86	530
86	588
86	762
86	856
86	901
86	930
86	946
87	112
87	131
87	180
87	366
87	375
87	384
87	405
87	422
87	509
87	736
87	764
87	770
87	808
87	823
87	898
88	90
88	107
88	188
88	317
88	376
88	580
88	659
88	697
88	771
88	909
89	119
89	138
89	246
89	248
89	264
89	281
89	514
89	553
89	679
89	736
89	811
89	817
89	853
89	994
90	143
90	175
90	236
90	286
90	328
90	381
90	449
90	481
90	493
90	507
90	547
90	745
90	935
91	92
91	156
91	178
91	209
91	217
91	230
91	302
91	334
91	360
91	629
91	694
91	696
91	817
91	897
92	130
92	205
92	226
92	256
92	312
92	467
92	487
92	513
92	543
92	571
92	624
92	819
92	929
93	102
93	103
93	109
93	131
93	181
93	202
93	237
93	297
93	313
93	338
93	424
93	716
93	744
93	861
93	968
94	134
94	158
94	238
94	240
94	266
94	280
94	461
94	528
94	558
94	677
94	727
94	793
94	801
94	841
95	106
95	122
95	140
95	169
95	171
95	277
95	319
95	385
95	434
95	460
95	497
95	573
95	602
95	612
95	666
96	145
96	151
96	156
96	237
96	250
96	271
96	499
96	696
96	714
96	733
96	758
96	838
96	884
96	897
97	108
97	177
97	324
97	382
97	392
97	411
97	412
97	620
97	669
97	743
97	824
97	825
97	868
98	159
98	222
98	319
98	364
98	365
98	380
98	431
98	463
98	650
98	654
98	748
98	793
98	816
98	960
99	123
99	133
99	256
99	288
99	316
99	410
99	460
99	481
99	534
99	554
99	574
99	769
99	819
99	869
99	990
100	192
100	195
100	286
100	289
100	310
100	329
100	351
100	367
100	388
100	393
100	488
100	641
100	688
100	756
100	934
101	107
101	122
101	131
101	150
101	176
101	235
101	317
101	420
101	447
101	457
101	543
101	562
101	699
101	979
102	134
102	142
102	303
102	338
102	369
102	441
102	486
102	627
102	705
102	728
102	732
102	892
102	926
103	142
103	216
103	282
103	289
103	305
103	341
103	380
103	401
103	406
103	417
103	442
103	469
103	579
103	675
103	965
104	220
104	235
104	251
104	255
104	258
104	263
104	352
104	422
104	468
104	503
104	550
104	679
104	688
104	771
104	994
105	110
105	115
105	123
105	125
105	138
105	232
105	267
105	287
105	295
105	344
105	785
106	122
106	183
106	311
106	347
106	365
106	420
106	640
106	876
106	922
106	923
107	138
107	176
107	194
107	220
107	375
107	492
107	514
107	617
107	627
107	796
107	959
107	973
108	137
108	273
108	315
108	332
108	496
108	508
108	592
108	679
108	711
108	747
108	812
108	873
108	923
109	146
109	147
109	216
109	222
109	303
109	341
109	346
109	502
109	545
109	637
109	720
110	115
110	125
110	200
110	250
110	379
110	532
110	556
110	767
110	942
110	993
111	137
111	162
111	172
111	200
111	212
111	382
111	544
111	572
111	620
111	637
111	886
112	166
112	176
112	194
112	221
112	225
112	251
112	335
112	352
112	503
112	861
112	868
112	992
113	145
113	221
113	412
113	427
113	440
113	455
113	456
113	518
113	568
113	603
113	620
113	719
113	1000
114	173
114	188
114	189
114	252
114	270
114	393
114	577
114	630
114	688
114	741
114	842
114	997
115	135
115	149
115	182
115	227
115	266
115	267
115	283
115	295
115	480
115	551
115	940
115	962
115	993
116	140
116	155
116	178
116	327
116	386
116	456
116	460
116	497
116	516
116	628
116	912
117	179
117	184
117	259
117	323
117	413
117	428
117	439
117	449
117	471
117	483
117	591
117	608
117	632
118	300
118	308
118	313
118	368
118	446
118	497
118	538
118	540
118	586
118	643
118	683
118	807
118	890
119	131
119	138
119	194
119	220
119	243
119	263
119	300
119	615
119	728
120	128
120	154
120	190
120	260
120	291
120	371
120	677
120	867
120	885
121	133
121	192
121	207
121	286
121	454
121	504
121	611
121	708
121	727
122	165
122	186
122	319
122	325
122	327
122	420
122	456
122	983
123	153
123	161
123	253
123	257
123	374
123	418
123	467
123	534
123	537
123	724
123	782
124	143
124	190
124	196
124	199
124	223
124	308
124	359
124	372
124	479
124	546
124	609
124	832
125	160
125	169
125	171
125	250
125	516
125	548
125	853
125	928
126	134
126	153
126	238
126	270
126	289
126	292
126	393
126	529
126	641
126	709
126	746
126	755
127	179
127	216
127	220
127	299
127	351
127	611
127	715
127	798
127	805
128	241
128	291
128	327
128	329
128	340
128	500
128	683
128	766
128	867
128	900
129	166
129	179
129	244
129	299
129	367
129	438
129	509
129	570
129	828
129	925
129	975
129	992
130	149
130	201
130	230
130	381
130	630
130	784
130	800
130	815
130	917
131	252
131	370
131	523
131	656
131	795
132	268
132	281
132	614
132	658
132	691
132	820
132	955
132	994
133	286
133	329
133	336
133	384
133	432
133	491
133	641
133	776
133	779
133	893
134	284
134	519
134	664
134	725
134	757
134	766
134	895
135	155
135	171
135	247
135	287
135	311
135	508
135	547
135	776
135	785
135	882
136	182
136	201
136	227
136	400
136	554
136	557
136	569
136	585
136	707
136	743
136	781
136	881
136	916
137	221
137	321
137	409
137	411
137	464
137	505
137	663
137	775
137	874
137	925
138	154
138	228
138	338
138	342
138	349
138	955
139	146
139	147
139	159
139	169
139	444
139	517
139	551
139	668
139	816
139	864
139	910
139	971
140	167
140	168
140	470
140	509
140	531
140	532
140	551
140	671
140	870
141	185
141	208
141	229
141	232
141	328
141	387
141	398
141	737
141	865
141	897
141	914
142	159
142	193
142	269
142	407
142	433
142	452
142	729
142	821
142	982
143	236
143	274
143	317
143	328
143	330
143	332
143	369
143	376
144	185
144	360
144	402
144	434
144	443
144	638
144	655
144	657
144	963
145	210
145	356
145	429
145	487
145	584
145	678
145	828
145	937
145	948
146	159
146	233
146	285
146	297
146	365
146	481
146	515
146	573
146	617
146	712
147	182
147	193
147	222
147	462
147	469
147	504
147	555
147	579
147	764
148	286
148	302
148	315
148	395
148	484
148	487
148	549
148	569
148	823
148	981
149	160
149	186
149	283
149	319
149	335
149	416
149	695
149	731
149	998
150	180
150	212
150	228
150	366
150	421
150	660
150	662
150	752
151	201
151	208
151	230
151	248
151	334
151	446
151	488
151	555
151	865
151	872
152	196
152	199
152	251
152	304
152	315
152	448
152	700
152	853
153	205
153	220
153	256
153	565
153	988
154	158
154	206
154	260
154	265
154	313
154	362
154	391
154	538
154	801
154	933
155	160
155	188
155	250
155	344
155	385
155	568
155	639
155	640
155	734
156	402
156	403
156	458
156	491
156	548
156	626
156	694
156	800
156	865
157	174
157	210
157	214
157	221
157	409
157	412
157	518
157	525
157	941
158	374
158	527
158	586
158	621
158	933
159	218
159	369
159	470
159	480
159	521
159	573
159	885
159	943
160	295
160	339
160	344
160	416
160	423
160	511
160	522
160	898
160	899
161	200
161	312
161	420
161	431
161	534
161	537
162	332
162	400
162	562
162	590
162	591
162	593
162	738
162	753
162	874
163	203
163	249
163	495
163	520
163	539
163	613
163	619
163	740
163	760
163	950
164	240
164	256
164	260
164	265
164	367
164	391
164	490
164	552
164	682
164	766
164	880
165	192
165	595
165	653
165	727
165	801
165	837
166	172
166	177
166	179
166	213
166	244
166	293
166	409
167	441
167	511
167	600
167	772
167	813
168	171
168	209
168	287
168	347
168	618
168	761
168	843
168	898
169	365
169	372
169	425
169	460
169	711
169	831
170	179
170	187
170	234
170	276
170	374
170	398
170	426
170	493
170	645
170	676
170	729
170	747
170	830
171	220
171	295
171	425
171	478
171	883
171	977
172	273
172	324
172	370
172	438
172	467
172	692
172	823
173	325
173	419
173	471
173	497
173	597
173	803
173	954
174	177
174	180
174	246
174	367
174	392
174	591
174	692
175	183
175	184
175	515
175	688
175	751
175	768
175	773
175	854
175	909
176	190
176	235
176	258
176	415
176	583
176	904
176	983
177	200
177	259
177	512
177	592
177	719
177	842
177	931
178	202
178	698
178	733
178	839
178	863
179	270
179	284
179	408
179	972
180	215
180	342
180	918
180	988
180	999
181	226
181	233
181	389
181	430
181	512
181	560
181	582
181	724
181	870
182	244
182	259
182	290
182	315
182	432
182	791
182	862
182	936
183	184
183	224
183	330
183	507
183	556
183	713
183	752
183	909
183	951
184	307
184	357
184	436
184	755
184	906
185	191
185	208
185	229
185	232
185	404
185	486
185	587
185	594
185	831
186	347
186	442
186	735
186	770
186	821
186	876
187	228
187	270
187	348
187	393
187	477
187	641
187	680
188	224
188	323
188	325
188	330
188	357
188	428
189	231
189	325
189	443
189	547
189	587
189	652
189	739
190	196
190	214
190	260
190	308
190	313
190	340
190	371
190	670
190	739
191	240
191	306
191	323
191	387
191	495
191	539
191	663
191	850
192	195
192	449
192	489
192	597
192	974
192	995
193	322
193	380
193	401
193	426
193	515
193	523
194	258
194	347
194	530
194	622
194	796
194	861
194	996
195	218
195	264
195	664
195	684
195	748
195	789
195	813
195	987
196	206
196	318
196	391
196	677
196	904
196	984
196	985
197	225
197	310
197	446
197	514
197	692
197	919
198	241
198	484
198	496
198	585
198	593
198	731
198	862
199	204
199	316
199	358
199	378
199	775
200	212
200	632
200	826
200	877
200	953
201	255
201	258
201	310
201	330
201	815
201	865
202	326
202	364
202	462
202	617
202	690
202	812
202	860
202	971
203	208
203	211
203	229
203	249
203	272
203	465
203	606
203	792
203	991
204	255
204	273
204	276
204	419
204	723
204	780
205	210
205	256
205	422
205	524
205	537
205	747
206	252
206	371
206	414
206	526
206	605
206	901
207	482
207	527
207	684
207	725
207	869
207	947
208	387
208	485
208	600
208	606
209	239
209	498
209	499
209	696
209	917
210	282
210	373
210	557
210	593
210	791
210	948
210	974
211	249
211	262
211	293
211	324
211	427
211	929
211	966
211	968
212	214
212	244
212	525
212	526
212	932
212	974
213	397
213	400
213	464
213	722
213	806
213	862
213	936
214	304
214	498
214	591
214	657
214	907
215	543
215	572
215	678
215	946
216	256
216	326
216	417
216	430
216	597
217	350
217	355
217	458
217	530
217	655
217	689
217	908
218	299
218	336
218	489
218	528
218	558
218	694
218	729
219	256
219	257
219	274
219	335
219	571
219	624
219	711
219	894
220	243
220	251
220	258
220	296
221	440
221	447
221	623
221	684
221	797
221	956
222	399
222	401
222	545
222	573
222	910
223	237
223	353
223	380
223	504
223	608
223	728
223	746
223	982
224	295
224	413
224	518
224	601
224	611
224	648
224	849
225	263
225	370
225	562
225	627
225	658
225	808
226	245
226	326
226	502
226	651
226	712
226	825
227	290
227	440
227	476
227	707
227	794
227	812
228	541
228	583
228	817
228	871
229	254
229	259
229	265
229	309
229	760
229	927
229	1000
230	248
230	301
230	522
230	564
230	900
230	963
231	317
231	320
231	325
231	413
231	549
231	762
232	507
232	539
232	546
232	567
232	619
232	663
233	433
233	441
233	452
233	506
233	821
234	408
234	641
234	653
235	264
235	370
235	377
236	271
236	398
236	443
236	499
236	829
236	864
237	266
237	338
237	732
237	925
237	960
238	306
238	478
238	528
238	597
238	641
238	680
238	699
239	285
239	305
239	383
239	589
239	703
239	926
240	399
240	485
240	606
240	644
240	693
240	856
241	362
241	473
241	487
241	543
241	623
241	734
242	307
242	309
242	381
242	427
242	505
242	654
242	927
242	969
243	255
243	370
243	514
244	332
244	585
244	607
244	669
244	992
245	283
245	323
245	374
245	635
245	789
246	293
246	392
246	446
246	576
246	647
246	722
246	781
247	261
247	302
247	350
247	361
247	392
247	440
247	509
247	646
247	665
248	271
248	348
248	475
249	262
249	486
249	859
250	311
250	379
250	540
250	642
250	756
251	313
251	468
251	614
251	620
252	274
252	320
252	781
253	269
253	489
253	858
253	921
254	309
254	383
254	387
254	505
254	520
254	654
254	737
254	833
255	679
255	817
255	880
256	344
256	377
257	481
257	565
257	915
257	988
258	349
258	896
259	279
259	290
259	455
259	717
260	262
260	353
260	633
260	712
261	476
261	591
261	627
261	672
261	798
262	328
262	485
262	619
262	656
262	693
262	998
263	281
263	385
263	492
263	658
263	980
264	386
264	562
264	736
264	861
264	942
264	944
265	500
265	526
265	949
266	267
266	508
266	582
266	670
266	843
266	899
266	958
267	333
267	529
267	845
267	870
268	581
268	638
268	660
268	740
268	767
269	276
269	297
269	346
269	493
269	545
269	551
269	573
270	432
270	491
270	504
271	306
271	541
271	630
271	800
271	939
271	956
272	703
272	908
272	953
273	290
273	484
273	570
273	584
274	314
274	713
275	304
275	408
275	454
275	471
275	488
275	789
276	483
276	566
276	600
277	329
277	884
277	964
277	972
278	432
278	443
278	575
278	725
278	727
279	437
279	459
279	525
279	708
279	791
279	887
280	301
280	519
280	648
280	954
281	403
281	405
281	528
281	699
281	949
282	392
282	455
282	509
282	753
282	938
283	319
283	460
283	516
283	532
284	426
284	482
284	594
284	605
284	782
284	967
284	999
285	561
285	640
286	408
286	701
286	767
287	299
287	599
287	918
287	922
288	389
288	482
288	513
288	609
288	894
289	336
289	530
289	779
290	332
290	674
290	763
290	883
291	320
291	384
291	459
291	624
291	829
292	459
292	513
292	571
292	819
292	858
293	665
293	743
294	488
294	638
294	646
294	717
294	834
294	895
294	906
295	456
295	539
296	543
296	572
296	618
296	702
296	901
296	949
297	369
297	380
297	407
297	507
297	565
298	440
298	503
298	629
298	657
299	559
299	832
300	334
300	359
300	371
300	394
301	393
301	454
301	461
301	833
301	893
302	394
302	409
302	412
302	512
302	592
302	620
303	326
303	444
303	462
303	521
304	483
304	562
304	600
304	701
305	643
305	723
305	780
305	836
305	859
306	321
306	506
306	891
306	950
307	420
307	460
307	711
307	840
308	633
308	686
308	815
309	355
309	587
309	745
310	439
310	542
310	630
310	989
311	730
311	790
311	933
312	422
312	550
312	691
312	700
312	921
313	362
313	391
313	459
314	547
314	854
314	945
315	457
315	478
315	570
315	989
316	410
316	422
316	481
316	598
317	413
317	793
317	892
318	339
318	500
318	552
318	605
318	978
318	985
319	610
320	688
321	377
321	537
321	782
321	912
322	333
322	718
322	748
323	608
323	854
323	954
324	512
324	593
324	596
325	501
325	863
326	336
326	618
326	960
326	980
327	435
327	497
327	556
328	567
328	927
329	333
330	354
330	358
330	661
331	373
331	388
331	404
331	432
331	436
331	616
331	776
331	798
331	858
332	512
332	872
333	424
333	579
333	651
333	879
334	402
334	522
334	721
334	898
335	550
335	798
336	451
336	635
336	830
336	987
337	421
337	548
337	804
337	997
338	452
338	690
339	392
339	399
339	606
339	705
339	859
340	430
340	459
340	479
340	500
340	521
340	814
341	355
341	380
341	472
341	515
341	726
342	349
342	403
342	614
342	944
343	478
343	647
343	720
343	802
344	347
344	453
344	466
345	391
345	414
345	546
345	650
345	681
345	890
345	913
346	369
346	417
346	552
346	754
347	376
347	788
347	993
348	410
348	475
348	733
348	765
349	543
349	832
349	946
350	402
350	595
350	649
350	899
350	920
351	468
351	841
352	580
352	583
352	795
352	871
352	895
353	364
353	406
353	407
353	463
354	377
354	628
354	773
354	905
354	919
355	385
355	506
355	578
355	891
356	476
356	506
356	718
356	874
357	518
357	532
357	535
357	602
358	376
358	560
358	697
358	713
358	951
359	390
359	579
359	664
359	766
360	441
360	629
360	702
361	475
361	525
361	527
361	585
361	731
362	465
362	586
363	429
363	612
363	649
363	747
363	880
363	953
364	470
364	537
364	651
366	486
366	741
366	944
367	382
367	924
368	390
368	396
368	564
368	677
368	723
369	433
369	618
372	394
372	521
373	704
373	805
373	981
374	645
374	934
375	533
375	553
375	811
376	849
377	411
377	574
378	419
378	984
379	394
379	434
379	727
379	790
379	819
379	899
380	621
381	473
381	485
381	818
381	914
382	452
382	509
382	833
382	886
382	988
383	682
384	616
384	621
384	798
385	404
385	760
385	859
385	952
386	562
386	764
387	464
387	505
387	947
388	395
388	478
388	528
388	887
389	424
389	441
389	480
389	520
389	986
390	465
390	479
390	538
390	544
391	840
391	1000
392	423
393	494
393	597
393	930
394	465
394	636
395	738
395	975
396	517
396	567
396	595
396	829
396	984
397	419
397	491
397	706
398	539
398	688
398	756
398	902
399	477
399	934
399	952
399	968
400	476
400	652
400	673
400	788
400	975
401	403
401	406
401	894
401	959
402	496
402	800
402	913
403	746
404	705
404	966
404	968
405	501
405	607
405	820
406	417
406	583
407	432
407	633
407	765
407	892
408	581
408	625
409	763
409	946
410	542
410	661
411	464
411	506
411	576
412	576
412	951
413	608
413	847
413	888
414	490
414	852
414	857
415	555
415	564
415	692
415	730
416	454
416	456
416	524
416	670
416	785
417	648
417	830
418	574
418	835
418	844
418	980
419	536
420	634
420	778
420	889
421	626
421	937
423	456
423	508
423	590
423	939
424	472
424	775
424	827
425	430
425	442
425	799
425	953
426	519
426	625
426	712
427	623
427	663
427	693
427	969
428	694
428	756
428	793
429	438
429	593
429	678
430	521
430	690
430	724
431	551
431	618
431	896
431	917
432	814
433	765
433	885
433	978
434	453
434	670
434	942
435	628
435	912
436	493
436	542
436	604
436	659
436	952
436	961
437	509
437	557
437	652
438	755
438	938
439	787
439	864
439	935
440	974
441	521
442	512
442	531
442	778
443	540
443	835
444	553
444	809
445	501
445	553
445	996
446	638
447	513
447	525
447	570
447	684
448	797
448	910
449	797
449	820
449	835
449	997
450	500
450	633
450	753
450	880
451	589
451	689
451	695
451	889
452	875
453	713
453	759
454	767
455	574
455	652
457	649
457	750
458	475
458	714
459	605
460	671
461	945
462	469
462	976
462	978
463	626
463	704
463	976
464	474
464	510
465	582
465	814
466	576
466	777
467	706
468	490
468	572
468	615
469	710
469	728
470	497
470	711
471	635
471	905
472	635
473	492
473	514
473	588
473	903
474	585
474	823
474	916
475	738
475	839
475	989
476	753
476	990
477	847
478	611
478	840
479	538
479	683
479	701
480	524
480	875
482	559
482	708
482	889
484	504
484	932
485	668
485	721
486	663
486	842
487	684
487	763
488	927
489	575
489	783
490	517
490	739
490	913
492	554
493	604
493	771
494	515
494	560
494	675
495	792
495	856
496	603
496	623
498	563
498	632
498	743
498	924
498	938
499	564
499	646
500	686
500	845
501	530
501	808
502	788
502	892
502	910
502	935
503	607
503	906
504	837
505	520
505	539
506	856
506	970
507	954
508	918
508	943
510	563
510	682
510	775
511	603
514	849
515	983
516	667
517	533
517	984
518	855
519	575
519	676
520	613
520	911
521	754
522	834
522	906
523	562
523	687
524	710
526	622
526	686
527	528
528	558
529	616
529	773
531	610
531	939
531	985
532	682
533	552
535	545
535	722
535	919
536	614
536	764
540	577
540	715
540	905
541	786
541	879
542	547
544	623
544	806
544	843
545	779
546	913
548	698
548	917
549	810
549	847
550	609
550	978
551	598
552	680
553	679
554	615
555	834
557	584
557	737
557	738
559	593
559	647
559	822
559	847
560	724
560	728
560	860
561	928
563	707
563	808
566	844
567	842
567	950
568	707
568	924
569	683
569	722
570	958
575	715
575	922
576	953
577	762
577	957
578	615
578	667
578	702
578	718
578	966
581	691
581	808
581	816
582	867
583	980
584	828
584	851
586	613
586	739
586	829
587	606
587	914
587	970
588	691
588	890
589	830
589	979
590	750
590	759
590	883
590	948
592	966
594	625
594	926
596	612
596	781
596	938
597	972
598	655
598	959
599	761
599	834
599	967
601	826
601	973
602	631
602	896
602	922
603	719
603	936
604	809
605	615
606	656
607	615
607	946
607	999
610	634
610	801
611	616
612	622
612	743
612	851
613	619
613	929
614	658
616	976
617	685
617	892
620	685
621	669
621	708
622	802
622	812
623	639
625	822
626	986
628	695
628	845
628	964
630	769
631	735
631	962
633	685
636	685
636	740
636	985
637	821
638	937
639	640
640	642
640	669
642	750
642	958
644	659
644	705
644	969
646	804
648	676
648	757
649	750
649	948
650	716
651	811
651	986
652	851
653	801
655	897
656	903
658	955
660	668
661	751
661	826
661	961
662	721
662	730
663	969
664	995
665	681
667	856
667	947
667	970
668	710
668	765
671	761
672	851
672	912
672	981
672	990
674	717
674	718
675	681
675	982
676	893
678	828
678	887
681	959
687	904
690	726
690	816
691	867
696	763
697	771
697	790
702	737
702	911
703	828
704	809
705	911
709	805
709	918
710	732
710	839
710	971
711	928
712	748
712	960
714	729
715	822
715	888
716	726
716	878
716	916
717	976
718	744
719	833
721	777
725	841
730	784
731	923
733	834
734	855
735	758
735	928
736	896
740	903
740	904
741	793
741	849
741	857
744	885
745	853
746	809
749	886
751	810
751	843
752	950
753	883
754	872
754	961
757	822
758	897
760	914
768	943
774	936
774	965
774	986
776	893
777	917
778	939
783	789
783	845
784	805
785	942
786	878
786	998
788	978
789	887
790	814
790	940
794	924
794	1000
799	855
800	866
802	907
803	960
806	990
809	879
816	959
818	914
820	955
824	923
825	948
826	951
833	941
837	891
840	873
842	998
846	940
849	855
850	902
852	997
857	864
857	919
860	971
862	907
862	1000
863	866
870	871
873	962
875	901
876	930
882	977
882	979
884	945
889	970
901	949
905	932
921	931
923	992
929	998
939	942
947	952
947	991
961	997
970	991
