1	4
1	9
1	20
1	23
1	26
1	27
1	31
1	33
1	38
1	46
1	47
1	65
1	70
1	74
1	77
1	92
1	99
1	137
1	141
1	143
1	186
1	204
1	209
1	213
1	234
1	243
1	257
1	289
1	294
1	304
1	308
1	335
1	366
1	436
1	494
1	517
1	522
1	543
1	606
1	698
1	700
1	747
1	780
1	812
1	854
1	904
1	907
1	916
1	919
1	981
2	3
2	4
2	8
2	12
2	16
2	17
2	18
2	32
2	35
2	37
2	40
2	49
2	55
2	63
2	71
2	77
2	88
2	97
2	104
2	108
2	148
2	153
2	167
2	192
2	197
2	209
2	210
2	325
2	337
2	362
2	375
2	376
2	386
2	413
2	456
2	465
2	468
2	502
2	526
2	538
2	549
2	560
2	589
2	783
2	813
2	840
2	849
2	949
3	8
3	11
3	25
3	27
3	28
3	34
3	50
3	53
3	56
3	58
3	106
3	111
3	128
3	129
3	135
3	140
3	152
3	169
3	190
3	191
3	206
3	210
3	224
3	251
3	256
3	258
3	269
3	316
3	329
3	415
3	432
3	506
3	510
3	513
3	543
3	547
3	600
3	649
3	655
3	666
3	713
3	724
3	834
3	867
3	912
3	985
4	17
4	47
4	77
4	78
4	83
4	84
4	87
4	88
4	116
4	128
4	146
4	147
4	154
4	229
4	237
4	242
4	252
4	256
4	262
4	264
4	265
4	269
4	294
4	299
4	311
4	321
4	339
4	351
4	425
4	452
4	474
4	493
4	503
4	553
4	577
4	647
4	670
4	714
4	729
4	739
4	767
4	783
4	826
4	911
5	9
5	15
5	16
5	20
5	35
5	70
5	75
5	82
5	97
5	115
5	131
5	137
5	144
5	199
5	213
5	233
5	272
5	275
5	288
5	300
5	306
5	318
5	323
5	325
5	383
5	387
5	392
5	422
5	429
5	434
5	457
5	463
5	477
5	496
5	498
5	537
5	649
5	720
5	770
5	772
5	815
5	868
5	883
5	921
5	989
6	17
6	18
6	23
6	24
6	29
6	32
6	46
6	49
6	62
6	78
6	153
6	159
6	165
6	194
6	195
6	198
6	205
6	229
6	255
6	290
6	295
6	304
6	307
6	312
6	327
6	337
6	358
6	364
6	386
6	406
6	411
6	432
6	489
6	501
6	586
6	593
6	646
6	670
6	694
6	743
6	797
6	807
6	919
6	940
6	947
7	16
7	19
7	22
7	30
7	54
7	62
7	67
7	69
7	70
7	73
7	74
7	108
7	121
7	164
7	165
7	198
7	214
7	220
7	228
7	231
7	290
7	298
7	306
7	357
7	387
7	391
7	407
7	410
7	492
7	517
7	562
7	586
7	667
7	741
7	771
7	784
7	808
7	860
7	869
7	876
7	910
7	936
7	967
7	989
7	998
8	15
8	24
8	25
8	35
8	60
8	63
8	87
8	92
8	106
8	110
8	133
8	135
8	136
8	157
8	185
8	205
8	267
8	278
8	287
8	295
8	302
8	326
8	337
8	365
8	421
8	434
8	475
8	525
8	606
8	677
8	686
8	726
8	753
8	773
8	825
8	898
8	900
8	907
8	920
8	941
8	986
8	989
9	11
9	17
9	35
9	65
9	81
9	91
9	98
9	100
9	126
9	140
9	161
9	162
9	185
9	186
9	196
9	208
9	213
9	226
9	237
9	254
9	304
9	336
9	351
9	374
9	407
9	422
9	491
9	509
9	518
9	519
9	540
9	590
9	649
9	665
9	700
9	708
9	718
9	765
9	833
9	885
9	971
10	14
10	16
10	22
10	29
10	37
10	61
10	80
10	82
10	118
10	123
10	150
10	167
10	185
10	206
10	224
10	228
10	238
10	328
10	388
10	395
10	425
10	458
10	480
10	500
10	516
10	520
10	528
10	531
10	539
10	556
10	562
10	578
10	606
10	655
10	656
10	682
10	688
10	743
10	756
10	775
10	883
10	976
11	13
11	19
11	26
11	29
11	58
11	63
11	69
11	82
11	90
11	95
11	99
11	122
11	127
11	166
11	186
11	219
11	265
11	274
11	298
11	309
11	335
11	341
11	348
11	441
11	450
11	478
11	509
11	528
11	555
11	563
11	637
11	669
11	714
11	836
11	841
11	905
11	946
11	991
11	994
12	21
12	32
12	35
12	37
12	48
12	62
12	63
12	75
12	83
12	97
12	103
12	114
12	120
12	122
12	137
12	159
12	194
12	196
12	203
12	204
12	266
12	288
12	292
12	441
12	459
12	477
12	503
12	554
12	555
12	653
12	693
12	706
12	734
12	828
12	866
12	906
12	916
12	924
12	950
13	19
13	20
13	29
13	31
13	37
13	50
13	51
13	57
13	76
13	82
13	95
13	122
13	173
13	179
13	193
13	197
13	281
13	291
13	296
13	335
13	347
13	356
13	373
13	389
13	411
13	453
13	469
13	508
13	565
13	576
13	588
13	604
13	742
13	778
13	787
13	853
13	893
13	938
13	973
14	23
14	31
14	41
14	49
14	57
14	68
14	81
14	88
14	95
14	111
14	136
14	138
14	167
14	182
14	183
14	272
14	273
14	278
14	282
14	309
14	345
14	366
14	373
14	386
14	388
14	418
14	469
14	475
14	483
14	497
14	539
14	579
14	606
14	657
14	672
14	756
14	855
14	875
14	913
15	20
15	22
15	23
15	29
15	36
15	40
15	51
15	75
15	102
15	156
15	172
15	221
15	225
15	232
15	244
15	343
15	366
15	419
15	435
15	483
15	497
15	516
15	531
15	556
15	563
15	608
15	613
15	620
15	726
15	746
15	768
15	800
15	818
15	861
15	872
15	880
15	886
15	918
16	22
16	45
16	67
16	78
16	89
16	98
16	99
16	105
16	108
16	112
16	121
16	124
16	139
16	165
16	200
16	206
16	231
16	277
16	310
16	336
16	424
16	427
16	465
16	479
16	565
16	580
16	610
16	625
16	690
16	750
16	794
16	799
16	850
16	875
16	961
17	32
17	33
17	49
17	50
17	64
17	97
17	120
17	127
17	128
17	176
17	178
17	194
17	195
17	199
17	213
17	244
17	304
17	330
17	413
17	431
17	439
17	466
17	532
17	564
17	577
17	582
17	592
17	650
17	703
17	711
17	757
17	882
17	890
17	930
17	990
18	23
18	32
18	40
18	47
18	49
18	80
18	83
18	91
18	116
18	158
18	159
18	167
18	202
18	205
18	215
18	229
18	232
18	290
18	301
18	307
18	358
18	384
18	404
18	413
18	428
18	546
18	577
18	619
18	660
18	717
18	877
18	902
18	916
18	940
18	950
18	991
19	20
19	34
19	46
19	49
19	57
19	67
19	69
19	77
19	122
19	149
19	162
19	168
19	197
19	227
19	297
19	307
19	309
19	318
19	359
19	364
19	385
19	446
19	467
19	493
19	542
19	618
19	659
19	669
19	747
19	765
19	778
19	838
19	929
19	950
19	958
20	26
20	27
20	33
20	34
20	52
20	65
20	69
20	79
20	82
20	85
20	92
20	99
20	122
20	141
20	143
20	145
20	158
20	173
20	175
20	218
20	227
20	263
20	277
20	281
20	373
20	423
20	551
20	723
20	769
20	780
20	840
20	895
20	916
21	55
21	58
21	79
21	86
21	87
21	88
21	96
21	97
21	108
21	109
21	128
21	146
21	176
21	189
21	223
21	239
21	279
21	288
21	360
21	371
21	394
21	417
21	423
21	451
21	484
21	633
21	639
21	668
21	704
21	720
21	728
21	769
21	798
21	894
21	966
21	970
21	994
22	45
22	67
22	84
22	89
22	105
22	112
22	114
22	128
22	134
22	160
22	168
22	173
22	183
22	220
22	267
22	270
22	294
22	310
22	332
22	353
22	355
22	367
22	376
22	404
22	562
22	628
22	633
22	644
22	646
22	671
22	821
22	858
22	927
22	968
23	29
23	30
23	38
23	39
23	40
23	50
23	57
23	59
23	86
23	87
23	134
23	148
23	161
23	163
23	171
23	172
23	182
23	212
23	393
23	467
23	481
23	482
23	545
23	641
23	704
23	707
23	736
23	777
23	853
23	871
23	879
23	883
23	934
24	33
24	50
24	57
24	60
24	66
24	84
24	86
24	88
24	103
24	116
24	120
24	127
24	128
24	158
24	159
24	184
24	194
24	195
24	229
24	285
24	311
24	315
24	342
24	358
24	381
24	470
24	472
24	701
24	736
24	742
24	787
24	819
24	899
24	934
24	977
25	28
25	44
25	51
25	60
25	80
25	89
25	101
25	102
25	103
25	129
25	134
25	159
25	160
25	171
25	174
25	227
25	295
25	300
25	317
25	333
25	387
25	394
25	417
25	423
25	458
25	472
25	510
25	575
25	626
25	666
25	817
25	923
25	953
25	970
25	986
26	31
26	33
26	40
26	73
26	77
26	92
26	99
26	102
26	138
26	143
26	173
26	218
26	230
26	235
26	238
26	246
26	257
26	281
26	289
26	344
26	394
26	412
26	500
26	569
26	614
26	618
26	623
26	662
26	690
26	765
26	864
26	895
26	919
26	946
27	48
27	52
27	67
27	84
27	87
27	88
27	98
27	108
27	134
27	165
27	170
27	174
27	287
27	293
27	324
27	336
27	421
27	429
27	446
27	448
27	450
27	492
27	506
27	529
27	541
27	635
27	721
27	755
27	758
27	789
27	801
27	875
27	945
27	977
28	31
28	33
28	35
28	36
28	45
28	63
28	78
28	85
28	102
28	116
28	118
28	140
28	152
28	157
28	160
28	208
28	251
28	283
28	293
28	329
28	333
28	363
28	378
28	447
28	464
28	472
28	505
28	513
28	585
28	844
28	847
28	906
28	926
28	954
28	999
29	36
29	74
29	90
29	95
29	99
29	111
29	119
29	149
29	159
29	166
29	193
29	343
29	350
29	395
29	420
29	446
29	500
29	520
29	524
29	530
29	536
29	615
29	644
29	663
29	742
29	756
29	856
29	901
29	912
29	960
30	45
30	53
30	54
30	57
30	67
30	73
30	99
30	101
30	102
30	114
30	152
30	228
30	229
30	264
30	275
30	329
30	332
30	396
30	427
30	444
30	495
30	542
30	544
30	562
30	617
30	636
30	667
30	688
30	712
30	761
30	799
30	867
30	945
30	947
31	76
31	85
31	92
31	95
31	156
31	197
31	222
31	244
31	297
31	305
31	308
31	315
31	350
31	368
31	416
31	459
31	491
31	513
31	522
31	523
31	527
31	584
31	660
31	674
31	682
31	694
31	723
31	729
31	789
31	893
31	996
32	40
32	50
32	54
32	55
32	64
32	90
32	116
32	117
32	187
32	189
32	213
32	244
32	257
32	345
32	369
32	393
32	422
32	521
32	523
32	584
32	585
32	653
32	678
32	695
32	704
32	727
32	744
32	752
32	803
32	850
32	990
33	35
33	40
33	49
33	92
33	103
33	104
33	127
33	147
33	150
33	178
33	196
33	288
33	297
33	307
33	342
33	375
33	376
33	380
33	412
33	436
33	458
33	522
33	654
33	674
33	703
33	739
33	762
33	872
33	897
34	41
34	44
34	56
34	58
34	62
34	68
34	70
34	71
34	155
34	160
34	164
34	174
34	201
34	206
34	209
34	291
34	298
34	316
34	322
34	323
34	360
34	387
34	397
34	511
34	565
34	773
34	802
34	848
34	891
34	930
34	981
35	49
35	53
35	54
35	79
35	83
35	108
35	117
35	153
35	161
35	176
35	194
35	207
35	259
35	377
35	406
35	413
35	431
35	436
35	471
35	485
35	553
35	647
35	669
35	828
35	914
35	953
36	37
36	61
36	80
36	89
36	122
36	123
36	147
36	164
36	166
36	179
36	211
36	271
36	305
36	408
36	415
36	425
36	430
36	466
36	490
36	504
36	515
36	536
36	572
36	606
36	628
36	632
36	855
36	969
37	43
37	51
37	76
37	113
37	142
37	147
37	164
37	180
37	243
37	324
37	392
37	433
37	457
37	506
37	539
37	561
37	596
37	636
37	655
37	674
37	680
37	788
37	812
37	934
37	979
37	984
38	39
38	42
38	47
38	52
38	59
38	108
38	109
38	198
38	204
38	349
38	352
38	433
38	455
38	495
38	555
38	567
38	595
38	649
38	738
38	741
38	782
38	806
38	821
38	833
38	879
38	885
38	887
38	956
39	48
39	91
39	109
39	127
39	131
39	149
39	243
39	249
39	253
39	282
39	315
39	330
39	362
39	372
39	385
39	446
39	448
39	504
39	568
39	572
39	683
39	697
39	704
39	728
39	798
39	805
39	923
39	971
40	43
40	75
40	93
40	104
40	107
40	110
40	135
40	175
40	193
40	242
40	268
40	271
40	284
40	342
40	365
40	580
40	603
40	651
40	702
40	722
40	753
40	795
40	948
41	61
41	68
41	80
41	111
41	138
41	167
41	238
41	265
41	271
41	273
41	302
41	322
41	346
41	388
41	427
41	540
41	544
41	549
41	555
41	615
41	651
41	652
41	661
41	674
41	775
41	972
41	995
42	59
42	60
42	73
42	114
42	129
42	134
42	154
42	171
42	220
42	239
42	298
42	310
42	389
42	396
42	406
42	446
42	527
42	633
42	645
42	648
42	685
42	716
42	758
42	782
42	854
42	908
42	939
42	993
43	81
43	137
43	138
43	182
43	185
43	192
43	236
43	238
43	272
43	273
43	302
43	303
43	322
43	365
43	406
43	412
43	426
43	451
43	475
43	489
43	599
43	652
43	726
43	763
43	787
43	837
43	910
44	58
44	60
44	62
44	71
44	95
44	99
44	100
44	111
44	125
44	151
44	155
44	175
44	206
44	262
44	303
44	324
44	328
44	397
44	421
44	460
44	512
44	588
44	705
44	716
44	957
44	985
44	990
45	55
45	87
45	101
45	108
45	117
45	183
45	200
45	201
45	216
45	241
45	251
45	256
45	310
45	342
45	363
45	530
45	690
45	746
45	821
45	833
45	835
45	842
45	854
45	874
45	993
46	57
46	69
46	75
46	92
46	135
46	143
46	162
46	173
46	235
46	244
46	281
46	294
46	312
46	359
46	367
46	387
46	405
46	467
46	514
46	550
46	554
46	622
46	715
46	834
46	843
46	959
47	55
47	75
47	82
47	86
47	94
47	124
47	147
47	168
47	226
47	242
47	243
47	245
47	250
47	313
47	315
47	380
47	439
47	490
47	730
47	798
47	876
47	913
47	974
47	987
48	85
48	87
48	112
48	154
48	170
48	183
48	276
48	353
48	389
48	400
48	467
48	484
48	538
48	545
48	604
48	612
48	673
48	678
48	800
48	801
48	865
48	895
48	909
48	934
48	961
49	64
49	104
49	187
49	195
49	196
49	255
49	274
49	295
49	460
49	473
49	491
49	519
49	703
49	931
49	937
49	945
49	949
49	969
49	997
50	57
50	77
50	78
50	97
50	128
50	138
50	141
50	252
50	254
50	382
50	496
50	571
50	608
50	634
50	640
50	760
50	801
50	840
50	905
50	933
50	995
51	59
51	60
51	65
51	73
51	76
51	169
51	178
51	207
51	214
51	250
51	325
51	330
51	375
51	403
51	416
51	463
51	469
51	483
51	533
51	536
51	793
51	829
51	978
52	72
52	103
52	124
52	146
52	165
52	170
52	206
52	226
52	279
52	287
52	339
52	371
52	391
52	429
52	440
52	538
52	583
52	599
52	681
52	766
52	796
52	867
52	875
52	959
53	58
53	61
53	78
53	102
53	105
53	120
53	233
53	234
53	258
53	402
53	405
53	427
53	481
53	510
53	512
53	531
53	547
53	586
53	590
53	636
53	713
53	748
53	750
53	784
54	67
54	70
54	86
54	88
54	126
54	146
54	178
54	192
54	203
54	208
54	244
54	252
54	370
54	445
54	461
54	488
54	502
54	563
54	619
54	779
54	881
54	936
55	108
55	117
55	148
55	184
55	194
55	202
55	219
55	255
55	257
55	317
55	321
55	410
55	456
55	458
55	481
55	551
55	607
55	630
55	681
55	793
55	909
56	62
56	71
56	100
56	155
56	174
56	206
56	243
56	293
56	326
56	339
56	444
56	460
56	476
56	528
56	542
56	569
56	571
56	629
56	724
56	805
56	816
56	963
56	986
56	996
57	66
57	80
57	116
57	132
57	163
57	189
57	208
57	211
57	254
57	311
57	315
57	372
57	420
57	448
57	481
57	684
57	717
57	829
58	62
58	72
58	78
58	87
58	94
58	112
58	174
58	190
58	220
58	243
58	317
58	330
58	355
58	391
58	396
58	567
58	569
58	672
58	705
58	963
59	101
59	115
59	121
59	131
59	147
59	153
59	188
59	204
59	207
59	303
59	392
59	410
59	439
59	549
59	602
59	635
59	700
59	735
59	789
59	823
59	845
60	79
60	131
60	133
60	141
60	216
60	217
60	249
60	460
60	464
60	498
60	506
60	587
60	614
60	615
60	631
60	687
60	809
60	880
60	986
61	90
61	136
61	144
61	149
61	156
61	167
61	193
61	257
61	267
61	430
61	471
61	480
61	523
61	524
61	670
61	686
61	738
61	791
61	818
61	890
61	976
62	79
62	100
62	130
62	138
62	174
62	190
62	243
62	250
62	291
62	331
62	333
62	339
62	399
62	432
62	571
62	712
62	762
62	908
63	78
63	86
63	95
63	106
63	133
63	135
63	157
63	165
63	172
63	177
63	221
63	326
63	344
63	432
63	447
63	502
63	537
63	626
63	873
63	914
64	105
64	116
64	230
64	234
64	255
64	282
64	299
64	317
64	375
64	400
64	461
64	473
64	648
64	676
64	694
64	701
64	706
64	791
64	841
64	851
64	882
64	997
65	75
65	99
65	124
65	132
65	187
65	213
65	278
65	300
65	331
65	410
65	568
65	677
65	694
65	749
65	796
65	804
65	811
65	832
65	867
65	905
65	994
66	88
66	116
66	119
66	178
66	202
66	271
66	288
66	382
66	384
66	385
66	409
66	591
66	622
66	637
66	717
66	734
66	766
66	814
66	824
66	826
66	892
66	971
67	112
67	114
67	218
67	219
67	225
67	277
67	279
67	314
67	334
67	357
67	427
67	492
67	541
67	620
67	771
67	914
67	942
68	70
68	71
68	108
68	121
68	155
68	174
68	188
68	220
68	295
68	318
68	320
68	339
68	370
68	379
68	387
68	525
68	603
68	712
68	937
68	980
69	99
69	122
69	131
69	219
69	220
69	304
69	364
69	424
69	467
69	530
69	535
69	542
69	718
69	747
69	783
69	925
69	946
69	958
70	76
70	83
70	115
70	126
70	169
70	204
70	249
70	280
70	292
70	314
70	362
70	366
70	481
70	488
70	534
70	558
70	601
71	91
71	151
71	187
71	190
71	232
71	233
71	245
71	280
71	293
71	314
71	331
71	398
71	507
71	550
71	884
71	896
71	927
71	974
72	124
72	144
72	167
72	170
72	223
72	270
72	280
72	371
72	372
72	400
72	409
72	410
72	443
72	480
72	601
72	609
72	624
72	653
72	668
72	722
72	740
73	100
73	161
73	186
73	268
73	374
73	375
73	459
73	485
73	519
73	552
73	622
73	641
73	715
73	745
73	795
73	868
73	987
74	78
74	94
74	98
74	154
74	277
74	281
74	291
74	313
74	336
74	345
74	395
74	401
74	443
74	484
74	583
74	585
74	738
74	925
74	954
75	76
75	113
75	188
75	205
75	271
75	364
75	383
75	497
75	597
75	643
75	661
75	679
75	724
75	915
75	967
76	91
76	100
76	107
76	142
76	155
76	196
76	199
76	207
76	226
76	306
76	324
76	434
76	515
76	643
76	689
76	811
77	99
77	131
77	143
77	145
77	158
77	181
77	201
77	227
77	297
77	386
77	390
77	473
77	619
77	928
77	973
78	100
78	105
78	106
78	171
78	198
78	248
78	308
78	357
78	476
78	586
78	869
78	901
79	110
79	129
79	130
79	175
79	191
79	196
79	217
79	413
79	464
79	486
79	498
79	570
79	600
79	709
79	712
79	746
80	95
80	149
80	164
80	174
80	193
80	197
80	205
80	248
80	364
80	453
80	509
80	516
80	726
80	729
80	996
81	121
81	124
81	150
81	159
81	164
81	176
81	250
81	265
81	273
81	284
81	343
81	442
81	484
81	520
81	657
81	745
81	795
81	806
82	90
82	109
82	122
82	150
82	173
82	193
82	197
82	210
82	235
82	263
82	281
82	441
82	523
82	562
82	946
83	103
83	128
83	149
83	159
83	189
83	276
83	311
83	337
83	339
83	412
83	437
83	502
83	579
83	627
83	797
83	852
84	96
84	104
84	128
84	132
84	153
84	204
84	234
84	264
84	309
84	338
84	381
84	507
84	567
84	687
84	703
84	715
84	754
85	93
85	95
85	115
85	243
85	368
85	408
85	511
85	515
85	576
85	597
85	676
85	691
85	718
85	774
85	864
85	896
85	926
86	87
86	112
86	132
86	134
86	235
86	249
86	368
86	448
86	464
86	483
86	639
86	645
86	824
86	920
86	974
87	107
87	176
87	245
87	473
87	479
87	607
87	624
87	675
87	722
87	737
87	940
88	92
88	97
88	104
88	202
88	212
88	264
88	358
88	437
88	538
88	650
88	694
88	848
89	102
89	112
89	150
89	200
89	203
89	220
89	231
89	267
89	317
89	438
89	529
89	674
89	685
89	692
89	894
89	935
90	151
90	166
90	179
90	187
90	229
90	263
90	305
90	350
90	509
90	521
90	534
90	618
90	742
90	778
90	864
91	137
91	172
91	180
91	199
91	291
91	319
91	323
91	426
91	508
91	656
91	730
91	744
91	748
91	864
91	890
92	184
92	196
92	197
92	222
92	235
92	335
92	532
92	539
92	646
92	823
92	928
92	981
93	102
93	119
93	131
93	151
93	157
93	169
93	199
93	200
93	226
93	246
93	278
93	507
93	568
93	579
93	580
93	581
93	635
94	96
94	122
94	131
94	170
94	212
94	292
94	510
94	639
94	645
94	721
94	732
94	764
94	874
94	892
94	936
94	951
95	145
95	149
95	226
95	446
95	455
95	478
95	499
95	662
95	714
95	915
96	106
96	113
96	176
96	221
96	241
96	254
96	341
96	372
96	395
96	408
96	429
96	481
96	510
96	529
96	794
96	879
97	148
97	247
97	321
97	382
97	559
97	654
97	699
97	792
97	808
97	847
97	856
97	943
98	139
98	144
98	170
98	203
98	267
98	357
98	427
98	477
98	529
98	565
98	598
98	782
98	801
98	894
98	955
99	100
99	103
99	141
99	491
99	499
99	514
99	843
99	926
100	150
100	161
100	174
100	320
100	360
100	476
100	540
100	717
100	887
100	921
101	177
101	285
101	286
101	311
101	333
101	363
101	491
101	510
101	533
101	569
101	661
101	696
101	809
101	973
102	144
102	201
102	399
102	528
102	529
102	688
102	737
102	750
102	755
102	773
103	104
103	145
103	153
103	196
103	237
103	518
103	659
103	754
103	783
103	851
103	888
104	215
104	237
104	239
104	266
104	292
104	406
104	422
104	452
104	630
104	680
104	948
105	171
105	229
105	298
105	329
105	402
105	457
105	462
105	512
105	569
105	721
105	725
105	817
105	863
106	117
106	160
106	173
106	268
106	316
106	570
106	634
106	653
106	661
106	679
106	773
106	903
106	911
107	142
107	155
107	354
107	374
107	397
107	559
107	601
107	613
107	719
107	745
107	786
107	806
107	857
107	881
107	893
108	121
108	134
108	165
108	407
108	529
108	642
108	671
108	780
109	113
109	221
109	253
109	274
109	280
109	282
109	322
109	331
109	352
109	416
109	595
109	617
109	707
110	130
110	205
110	278
110	321
110	375
110	447
110	574
110	628
110	651
110	702
110	758
110	894
110	929
110	953
111	216
111	302
111	350
111	494
111	508
111	524
111	557
111	572
111	696
111	776
111	870
111	996
112	177
112	200
112	215
112	258
112	263
112	522
112	598
112	629
112	804
112	938
113	125
113	131
113	133
113	253
113	259
113	260
113	349
113	591
113	654
113	806
113	857
113	925
113	954
114	200
114	217
114	222
114	247
114	277
114	281
114	429
114	593
114	693
114	858
114	860
114	942
115	126
115	160
115	161
115	259
115	303
115	352
115	459
115	486
115	519
115	597
115	643
115	921
115	968
116	163
116	211
116	218
116	450
116	497
116	821
116	850
116	870
116	961
117	120
117	147
117	163
117	184
117	342
117	528
117	554
117	597
117	634
117	822
117	872
117	888
118	175
118	181
118	202
118	214
118	464
118	486
118	505
118	518
118	666
118	768
118	866
118	880
118	898
118	944
119	156
119	164
119	167
119	214
119	305
119	313
119	420
119	455
119	500
119	524
119	569
119	728
119	817
120	167
120	173
120	209
120	210
120	282
120	307
120	312
120	474
120	554
120	560
120	566
121	146
121	168
121	176
121	220
121	225
121	236
121	599
121	733
121	798
121	919
122	217
122	305
122	416
122	611
122	618
122	709
122	906
123	164
123	185
123	242
123	272
123	322
123	373
123	430
123	435
123	457
123	520
123	693
123	695
123	809
123	827
124	201
124	203
124	241
124	347
124	367
124	650
124	721
124	869
124	882
125	127
125	136
125	151
125	204
125	206
125	231
125	262
125	360
125	446
125	642
125	707
125	923
125	946
126	207
126	250
126	290
126	299
126	465
126	485
126	577
126	675
126	799
126	911
126	950
127	262
127	286
127	307
127	311
127	312
127	381
127	451
127	923
127	924
128	162
128	163
128	251
128	290
128	358
128	567
129	168
129	221
129	350
129	375
129	421
129	461
129	561
129	575
129	813
129	839
129	984
130	133
130	137
130	210
130	338
130	512
130	513
130	580
130	731
130	825
130	895
130	960
130	992
131	134
131	207
131	212
131	253
131	720
131	830
132	146
132	176
132	239
132	275
132	450
132	551
132	591
132	684
132	764
132	889
132	967
133	135
133	181
133	269
133	596
133	624
133	724
133	753
133	795
133	891
133	955
134	353
134	379
134	391
134	485
134	641
134	819
134	898
135	136
135	163
135	174
135	221
135	252
135	399
135	680
135	712
135	762
136	257
136	294
136	314
136	366
136	401
136	435
136	605
136	663
136	807
136	820
137	168
137	232
137	432
137	533
137	620
137	644
137	762
137	875
137	975
138	214
138	271
138	306
138	333
138	372
138	693
138	795
138	935
138	996
139	157
139	225
139	287
139	332
139	414
139	448
139	462
139	561
139	573
139	670
139	750
139	926
139	969
140	182
140	269
140	285
140	416
140	421
140	550
140	909
140	922
140	931
140	965
140	990
141	232
141	261
141	267
141	290
141	438
141	517
141	554
141	611
141	622
142	169
142	202
142	221
142	239
142	280
142	320
142	354
142	558
142	839
142	887
142	978
143	145
143	162
143	186
143	247
143	427
143	440
143	813
143	826
143	837
144	164
144	242
144	260
144	264
144	368
144	424
144	527
144	632
144	904
145	222
145	305
145	309
145	341
145	348
145	436
145	637
145	737
145	788
146	154
146	176
146	458
146	488
146	509
146	577
146	774
146	940
147	209
147	253
147	338
147	453
147	591
147	604
147	777
148	154
148	170
148	208
148	241
148	450
148	452
148	652
148	683
148	736
148	856
149	190
149	224
149	254
149	430
149	480
149	557
149	605
150	265
150	362
150	425
150	441
150	613
150	680
150	689
150	714
151	189
151	210
151	214
151	355
151	447
151	760
151	809
151	862
151	941
152	189
152	215
152	273
152	331
152	472
152	568
152	596
152	631
152	842
152	891
152	963
153	470
153	683
153	706
153	803
153	839
153	904
153	930
153	997
154	166
154	277
154	330
154	456
154	504
154	593
154	727
154	968
155	175
155	292
155	308
155	519
155	692
155	768
155	805
155	900
156	166
156	171
156	401
156	418
156	420
156	516
156	533
156	657
156	682
157	194
157	236
157	268
157	465
157	544
157	664
157	713
157	918
158	211
158	274
158	337
158	514
158	570
158	630
158	740
158	823
158	924
159	273
159	317
159	499
159	503
159	676
160	206
160	210
160	268
160	295
160	340
160	825
160	897
161	260
161	306
161	543
161	792
161	852
161	896
161	904
162	386
162	467
162	646
162	682
162	700
162	723
162	873
162	905
163	254
163	321
163	468
163	526
163	681
163	935
163	986
164	223
164	340
164	595
164	770
165	176
165	177
165	353
165	355
165	754
165	784
166	197
166	230
166	308
166	314
166	335
166	373
166	494
167	322
167	455
167	671
167	878
168	198
168	215
168	439
168	456
168	607
168	899
168	960
169	219
169	259
169	521
169	540
169	551
169	582
169	636
169	748
170	203
170	216
170	252
170	390
170	443
170	716
171	198
171	214
171	256
171	378
171	571
171	619
171	778
172	216
172	232
172	377
172	403
172	404
172	426
172	601
172	822
172	918
173	204
173	235
173	297
173	359
173	380
174	752
174	803
174	816
175	233
175	419
175	426
175	496
175	600
175	697
175	846
176	247
176	616
177	188
177	264
177	496
177	512
177	653
177	734
177	767
177	819
178	234
178	342
178	459
178	501
178	558
178	576
178	843
179	193
179	373
179	469
179	544
179	682
179	831
179	922
179	944
179	952
180	314
180	354
180	383
180	419
180	501
180	545
180	550
180	558
180	588
180	939
181	205
181	268
181	337
181	432
181	573
181	638
181	687
181	802
181	988
182	199
182	301
182	340
182	448
182	686
182	697
182	929
182	965
183	201
183	255
183	267
183	332
183	462
183	561
183	813
183	835
184	187
184	373
184	461
184	473
184	633
184	634
184	833
184	834
185	216
185	230
185	296
185	338
185	407
185	411
185	587
186	203
186	218
186	235
186	346
186	500
186	947
186	959
187	318
187	338
187	351
187	452
187	454
187	647
188	197
188	221
188	379
188	398
188	486
188	563
188	679
188	846
189	376
189	501
189	564
189	878
189	883
189	995
190	361
190	511
190	554
190	561
190	638
190	668
190	709
191	292
191	352
191	381
191	384
191	429
191	526
191	598
191	630
191	942
191	956
192	212
192	216
192	217
192	329
192	568
192	614
192	638
192	803
192	953
193	245
193	482
193	525
193	536
193	878
194	203
194	217
194	349
194	521
194	797
195	324
195	343
195	349
195	461
195	463
195	592
195	751
195	877
196	297
196	384
196	646
196	711
197	341
197	750
197	888
198	268
198	479
198	573
198	636
198	710
198	817
199	230
199	327
199	570
199	624
199	717
199	756
200	242
200	246
200	255
200	391
200	562
200	625
201	277
201	315
201	332
201	347
201	593
201	729
202	322
202	428
202	684
202	740
202	792
202	899
203	413
203	854
203	889
203	956
204	222
204	743
204	822
204	883
205	261
205	326
205	483
205	702
205	980
206	360
206	364
207	266
207	398
207	491
207	635
207	744
208	244
208	362
208	452
208	608
208	794
208	852
209	211
209	234
209	358
209	640
209	646
209	954
210	269
210	419
210	531
210	951
211	252
211	338
211	369
211	663
211	764
211	874
212	253
212	338
212	574
212	607
212	673
212	767
213	266
213	288
213	410
213	677
213	793
214	345
214	709
214	710
214	849
215	252
215	292
215	499
215	549
215	743
215	763
216	421
216	505
216	631
216	818
217	238
217	434
217	486
217	804
217	979
218	309
218	416
218	548
218	718
218	878
218	891
219	348
219	457
219	532
219	880
219	928
219	941
220	266
220	379
220	625
221	378
221	397
221	672
222	237
222	341
222	412
222	532
222	659
222	691
223	269
223	289
223	394
223	465
223	716
223	935
223	942
223	943
224	390
224	395
224	420
224	497
224	556
224	594
224	609
224	975
225	270
225	353
225	376
225	526
225	719
225	843
225	908
226	233
226	495
226	559
226	560
226	877
227	294
227	323
227	325
227	334
227	341
227	399
227	522
228	240
228	258
228	347
228	679
228	814
228	817
228	835
228	972
229	266
229	299
229	412
229	676
230	318
230	415
230	487
230	735
230	900
230	983
231	330
231	414
231	531
231	613
231	673
231	828
231	863
232	260
232	559
232	677
232	839
232	907
233	283
233	305
233	508
233	669
233	776
233	812
234	281
234	386
234	543
234	723
234	958
235	240
235	547
235	747
235	791
236	240
236	391
236	641
236	672
236	931
236	944
236	992
236	998
237	244
237	274
237	483
237	622
237	685
237	770
238	265
238	356
238	500
238	504
238	544
238	967
239	276
239	371
239	400
239	616
239	657
239	745
240	246
240	262
240	535
240	540
240	689
240	731
240	900
240	983
241	321
241	380
241	409
241	454
241	481
241	677
241	703
242	278
242	343
242	455
242	655
242	929
243	300
243	486
243	896
244	654
244	899
244	922
245	456
245	505
245	541
245	594
245	701
245	958
246	296
246	356
246	378
246	493
246	846
246	921
247	355
247	367
247	628
247	633
247	808
247	989
248	260
248	261
248	370
248	469
248	517
248	665
248	692
248	806
249	259
249	296
249	342
249	607
249	683
249	783
250	320
250	545
250	683
250	730
250	978
251	258
251	285
251	431
251	771
251	869
251	901
252	507
252	779
252	943
253	262
253	321
253	600
253	706
254	362
254	589
254	788
254	851
255	392
255	439
255	670
255	856
256	260
256	482
256	688
256	696
256	712
256	840
257	368
257	454
257	511
257	701
258	279
258	482
258	589
258	673
258	821
259	260
259	608
259	855
259	865
259	937
260	318
260	403
260	470
261	348
261	515
261	542
261	616
261	669
261	832
261	859
262	291
262	323
262	605
262	838
263	288
263	618
263	767
263	826
263	922
263	926
264	689
264	824
264	865
264	943
265	414
265	442
265	489
265	702
266	432
266	888
266	947
266	995
267	391
267	438
267	935
268	740
268	906
268	970
269	378
269	419
269	477
269	962
270	310
270	490
270	541
270	587
270	622
270	798
270	880
271	471
271	580
271	632
271	847
272	334
272	495
272	592
272	664
272	787
272	965
273	345
273	545
273	579
273	785
274	372
274	490
274	532
274	538
274	647
275	296
275	314
275	488
275	578
275	610
275	719
275	747
276	389
276	404
276	616
276	648
276	810
276	943
276	950
277	414
277	648
277	972
278	334
278	483
278	537
278	785
279	315
279	422
279	582
279	592
279	820
279	968
280	316
280	320
280	443
280	873
280	984
281	445
281	929
282	319
282	417
282	595
282	647
282	792
283	442
283	457
283	546
283	785
283	790
283	802
283	816
283	1000
284	310
284	346
284	390
284	693
284	733
284	746
284	844
284	915
285	365
285	399
285	626
285	681
285	816
285	979
286	370
286	521
286	532
286	584
286	611
286	623
286	811
286	964
287	504
287	512
287	583
287	667
287	884
287	939
288	358
288	359
288	521
289	371
289	445
289	523
289	596
289	731
289	818
290	701
290	791
290	830
291	621
291	686
291	977
292	301
292	454
293	506
293	583
293	685
293	705
293	758
294	368
294	480
294	611
295	304
295	406
295	619
296	348
296	617
296	628
296	827
297	436
297	823
297	858
298	359
298	383
298	581
298	764
299	604
299	642
299	736
299	828
299	877
300	325
300	472
300	548
300	686
300	723
301	380
301	438
301	468
301	701
301	957
301	962
302	388
302	411
302	466
302	480
302	763
303	433
303	533
303	822
303	885
303	956
304	485
304	739
304	981
305	348
305	731
306	374
306	392
306	495
306	752
307	336
307	668
307	850
308	361
308	659
308	676
308	814
309	522
309	725
309	917
310	328
310	472
310	868
311	447
311	451
311	889
312	398
312	634
312	822
312	832
312	933
313	332
313	343
313	391
313	404
313	642
313	882
314	408
314	775
315	751
315	984
316	363
316	421
316	434
316	735
316	927
317	473
317	608
317	905
318	420
318	601
318	800
319	397
319	408
319	470
319	520
319	606
319	621
319	644
320	327
320	578
320	831
320	992
321	417
321	642
322	733
322	1000
323	402
323	462
323	644
323	910
324	441
324	532
324	870
324	896
325	346
325	461
325	494
325	840
326	328
326	460
326	868
326	944
326	1000
327	346
327	388
327	508
327	613
327	948
327	995
328	398
328	442
328	494
328	615
328	692
329	403
329	431
329	973
329	999
330	493
330	860
330	876
331	392
331	698
331	805
331	830
332	333
332	958
332	983
333	340
333	409
333	661
334	388
334	518
334	664
334	697
334	981
335	354
335	534
335	698
335	994
336	355
336	361
336	513
336	683
337	422
337	442
337	711
338	675
338	911
339	649
339	831
339	861
340	356
340	403
340	442
340	494
340	535
341	433
341	663
341	807
342	368
342	897
343	370
343	574
343	632
344	368
344	401
344	433
344	453
344	663
344	782
344	862
345	500
345	679
345	688
345	992
346	390
346	431
346	695
346	948
347	444
347	492
347	633
347	735
347	968
348	444
348	474
348	680
349	385
349	435
349	495
349	732
349	815
350	411
350	558
350	841
350	901
351	496
351	534
351	609
351	707
351	761
351	882
352	377
352	385
352	429
352	862
352	987
353	502
353	711
353	732
353	955
354	361
354	397
354	424
354	543
354	728
355	356
355	977
356	507
356	810
356	853
357	713
357	903
357	923
357	985
358	482
359	467
359	564
359	895
360	572
360	581
360	709
361	436
361	534
361	643
361	975
362	503
362	580
363	369
363	602
363	799
363	842
364	418
364	715
365	378
365	380
365	592
365	651
366	475
366	478
366	570
367	523
367	671
367	688
367	716
369	374
369	403
369	699
369	933
369	947
370	659
370	775
370	931
371	470
371	526
371	604
372	486
372	753
373	645
374	873
374	884
374	971
375	608
376	474
376	721
376	993
377	422
377	629
377	819
377	837
377	962
378	431
378	860
379	399
379	402
379	917
379	980
380	503
380	675
381	413
381	428
381	522
381	564
382	404
382	517
382	549
382	658
382	866
383	495
383	513
383	600
383	687
384	417
384	774
384	777
384	961
385	641
385	732
385	760
386	767
386	907
387	440
387	463
388	697
388	936
389	454
389	790
389	892
389	974
390	424
390	948
390	976
392	487
392	710
393	477
393	598
393	648
393	714
393	820
393	832
394	404
394	439
394	801
394	885
395	418
395	424
395	890
396	423
396	586
396	605
396	737
396	899
397	449
397	505
398	435
398	553
398	643
399	405
399	552
400	479
400	685
400	908
400	945
401	469
401	621
401	697
401	855
402	460
402	667
402	771
402	903
403	553
403	985
404	438
405	423
405	508
405	588
405	874
405	972
406	428
406	910
407	437
407	454
407	685
407	909
408	509
408	552
408	715
409	616
409	774
409	841
409	913
410	546
410	786
411	727
411	771
411	853
412	560
412	581
413	826
414	757
414	854
414	901
414	945
415	552
415	621
415	754
415	853
415	941
416	528
416	557
417	490
417	534
417	595
418	557
418	577
418	578
418	660
419	587
419	611
419	679
420	628
420	660
421	804
422	637
423	631
423	818
423	999
424	478
424	524
425	557
425	559
425	681
425	837
426	620
426	640
426	677
426	733
427	565
428	437
428	546
428	684
428	760
429	912
430	433
430	664
430	764
430	869
431	658
431	970
432	851
433	617
433	861
434	498
434	533
434	555
435	566
435	831
435	983
436	445
436	471
437	466
437	645
437	847
437	966
438	738
438	865
438	927
439	962
440	652
440	790
440	836
440	982
441	466
441	881
442	796
443	452
443	772
443	951
444	535
444	710
444	932
445	464
445	725
445	810
447	478
447	755
448	988
449	462
449	614
449	781
449	938
449	963
449	980
450	860
450	920
451	596
451	932
451	999
452	468
453	674
453	775
453	787
454	558
455	572
455	617
456	836
456	876
457	881
458	502
458	952
459	666
459	711
460	547
461	779
462	780
462	835
463	602
463	620
463	753
464	702
465	624
465	732
466	527
466	530
468	586
468	699
468	774
469	949
470	487
470	730
471	738
471	742
471	859
472	490
473	670
474	560
474	623
474	684
475	478
475	815
475	837
476	487
476	707
476	849
476	870
477	576
477	815
478	662
479	689
479	925
479	927
480	664
482	588
482	658
484	566
484	671
484	751
485	505
485	772
487	520
487	744
487	759
488	694
488	754
488	800
489	520
489	655
489	666
489	832
490	908
491	886
492	515
492	632
492	672
493	667
493	866
493	917
494	538
496	879
496	964
497	518
497	539
498	570
498	785
498	898
499	605
499	662
499	776
501	514
501	548
501	698
502	585
503	900
503	937
504	514
504	808
505	617
506	575
506	769
507	812
507	984
508	756
509	705
510	696
511	575
511	884
511	885
512	985
513	555
514	872
514	993
515	605
515	664
516	556
516	763
516	835
517	777
517	952
518	626
518	838
519	602
519	749
521	710
523	557
524	789
524	833
525	587
525	590
525	596
525	653
526	624
526	912
527	556
527	748
527	978
528	657
529	548
530	655
530	811
530	892
531	816
531	871
533	988
534	589
535	616
535	662
535	772
536	720
536	749
536	841
537	544
537	638
537	967
537	999
538	977
539	634
539	680
540	542
540	700
541	645
541	758
541	894
542	780
543	623
543	887
544	976
545	704
545	974
546	607
546	786
546	803
547	728
547	863
547	970
548	553
548	933
548	957
549	551
549	553
550	845
550	861
550	914
551	573
551	991
552	603
552	762
552	990
553	759
554	889
555	998
556	572
556	959
557	631
558	700
559	695
559	759
560	597
560	698
561	667
561	858
562	713
563	794
563	903
564	676
564	716
565	705
566	638
566	706
566	813
567	759
567	777
568	626
571	848
571	973
573	678
573	956
574	719
574	727
574	868
575	618
575	635
576	739
576	768
578	637
578	639
579	695
579	763
581	632
581	644
582	629
582	665
582	765
583	621
583	912
584	757
584	877
584	925
585	654
585	692
587	915
588	838
589	658
589	859
590	626
590	666
590	955
591	749
591	932
592	627
593	760
593	863
594	639
594	743
594	793
594	888
595	836
597	678
598	720
598	741
599	708
599	849
599	966
600	631
601	761
602	830
602	873
603	647
603	708
603	846
604	889
609	623
609	893
609	959
610	652
610	669
610	693
610	962
611	829
612	640
612	707
612	745
612	814
612	924
613	651
614	784
614	979
615	796
615	987
619	955
620	827
621	941
623	907
625	627
625	640
625	690
627	779
627	870
627	952
629	710
629	719
630	855
630	982
635	668
636	691
637	691
638	957
639	897
640	770
641	876
642	897
643	675
648	782
649	857
650	770
650	952
650	969
651	847
652	953
654	808
656	663
656	687
656	692
656	861
657	886
658	802
658	874
659	866
660	768
660	815
661	761
662	928
665	779
665	790
665	834
668	865
671	807
672	796
673	722
673	934
675	844
678	966
678	993
681	789
682	699
684	715
686	749
687	918
689	727
690	845
690	997
691	820
691	845
695	791
696	755
696	942
698	872
699	939
699	966
702	827
703	713
704	772
705	871
706	997
708	709
708	898
708	960
711	829
714	778
717	940
718	983
722	902
724	951
725	852
725	964
726	992
729	776
730	914
731	922
733	960
734	909
734	991
735	781
736	856
737	838
739	788
740	819
741	939
741	972
744	827
746	915
748	845
751	784
751	863
752	857
752	987
755	809
757	852
757	969
759	975
761	799
765	933
766	824
766	844
766	932
769	920
769	982
773	891
776	878
781	802
781	892
781	951
785	805
786	893
786	902
788	902
790	836
792	913
793	975
794	844
797	811
797	849
800	916
804	1000
807	890
810	917
810	924
812	964
814	989
820	978
823	961
824	862
825	871
825	906
828	829
830	911
831	920
834	887
839	944
842	910
842	917
843	963
846	976
848	964
848	998
850	930
851	918
857	913
858	994
859	982
859	1000
862	879
864	938
867	979
871	903
881	965
884	937
886	931
886	980
902	928
904	930
919	949
921	998
932	954
936	988
938	971
949	988
957	991
965	982
