1	4
1	5
1	23
1	33
1	35
1	44
1	67
1	69
1	72
1	78
1	88
1	97
1	98
1	99
1	112
1	115
1	133
1	140
1	146
1	154
1	161
1	178
1	186
1	193
1	202
1	207
1	223
1	235
1	274
1	296
1	306
1	309
1	336
1	340
1	348
1	401
1	471
1	549
1	577
1	632
1	637
1	673
1	674
1	713
1	814
1	837
1	878
1	907
1	923
1	959
2	7
2	9
2	30
2	36
2	65
2	67
2	73
2	76
2	78
2	106
2	116
2	124
2	130
2	134
2	153
2	173
2	203
2	204
2	205
2	215
2	229
2	232
2	244
2	249
2	262
2	282
2	295
2	309
2	373
2	434
2	471
2	490
2	508
2	514
2	526
2	541
2	572
2	630
2	682
2	692
2	721
2	755
2	792
2	803
2	812
2	856
2	957
2	984
3	10
3	12
3	13
3	28
3	49
3	53
3	55
3	58
3	62
3	71
3	76
3	81
3	96
3	102
3	108
3	110
3	113
3	137
3	164
3	180
3	194
3	240
3	248
3	250
3	272
3	275
3	280
3	283
3	306
3	308
3	332
3	341
3	406
3	436
3	439
3	538
3	561
3	591
3	653
3	695
3	706
3	738
3	752
3	770
3	797
3	937
3	954
4	8
4	9
4	12
4	16
4	17
4	23
4	25
4	28
4	34
4	36
4	44
4	80
4	88
4	98
4	128
4	132
4	138
4	148
4	164
4	174
4	186
4	193
4	206
4	232
4	235
4	236
4	294
4	307
4	316
4	339
4	346
4	359
4	381
4	405
4	446
4	463
4	523
4	574
4	628
4	789
4	883
4	905
4	906
4	969
4	993
5	14
5	25
5	27
5	34
5	36
5	40
5	54
5	58
5	60
5	73
5	104
5	110
5	112
5	144
5	191
5	269
5	278
5	286
5	289
5	374
5	380
5	407
5	429
5	433
5	442
5	468
5	542
5	547
5	550
5	648
5	656
5	679
5	699
5	710
5	721
5	729
5	749
5	767
5	815
5	833
5	863
5	866
5	894
5	960
6	13
6	16
6	17
6	18
6	23
6	25
6	43
6	44
6	47
6	51
6	61
6	73
6	80
6	117
6	146
6	152
6	153
6	168
6	172
6	234
6	251
6	260
6	273
6	275
6	289
6	295
6	298
6	457
6	492
6	501
6	503
6	548
6	569
6	663
6	694
6	730
6	758
6	792
6	827
6	848
6	856
6	864
6	896
6	925
6	933
7	9
7	19
7	39
7	66
7	68
7	78
7	84
7	103
7	104
7	113
7	116
7	140
7	147
7	175
7	176
7	190
7	196
7	208
7	215
7	216
7	240
7	244
7	247
7	255
7	268
7	271
7	321
7	329
7	394
7	405
7	435
7	494
7	592
7	594
7	622
7	637
7	686
7	716
7	737
7	762
7	801
7	853
7	877
7	971
8	12
8	16
8	19
8	23
8	34
8	35
8	44
8	50
8	51
8	61
8	62
8	80
8	88
8	102
8	118
8	126
8	154
8	161
8	174
8	206
8	236
8	258
8	297
8	302
8	366
8	390
8	420
8	447
8	475
8	507
8	520
8	524
8	551
8	640
8	655
8	695
8	735
8	852
8	872
8	890
8	900
8	934
8	940
9	30
9	57
9	58
9	60
9	89
9	98
9	127
9	171
9	175
9	188
9	190
9	201
9	204
9	215
9	216
9	233
9	247
9	265
9	279
9	281
9	282
9	284
9	296
9	321
9	327
9	328
9	336
9	344
9	394
9	425
9	436
9	459
9	490
9	526
9	598
9	659
9	740
9	859
9	892
9	902
10	11
10	14
10	17
10	19
10	21
10	40
10	54
10	60
10	68
10	89
10	95
10	98
10	99
10	104
10	128
10	135
10	150
10	159
10	199
10	209
10	210
10	222
10	228
10	241
10	322
10	327
10	367
10	378
10	455
10	481
10	493
10	614
10	615
10	631
10	749
10	759
10	789
10	794
10	832
10	935
10	998
11	16
11	20
11	31
11	32
11	40
11	66
11	72
11	108
11	113
11	123
11	125
11	127
11	144
11	155
11	176
11	212
11	214
11	259
11	294
11	299
11	358
11	364
11	371
11	383
11	417
11	421
11	432
11	549
11	559
11	587
11	588
11	629
11	655
11	694
11	756
11	866
11	879
11	951
11	956
11	970
12	13
12	18
12	23
12	35
12	37
12	46
12	51
12	68
12	78
12	91
12	97
12	115
12	160
12	195
12	238
12	240
12	263
12	293
12	295
12	307
12	310
12	313
12	361
12	386
12	409
12	431
12	434
12	443
12	456
12	463
12	623
12	814
12	848
12	864
12	885
12	891
12	970
13	28
13	33
13	43
13	49
13	72
13	73
13	80
13	95
13	108
13	122
13	125
13	142
13	214
13	225
13	241
13	284
13	299
13	305
13	356
13	420
13	438
13	481
13	488
13	496
13	631
13	639
13	656
13	694
13	727
13	760
13	806
13	811
13	813
13	830
13	835
13	928
13	992
14	15
14	16
14	19
14	23
14	26
14	28
14	29
14	33
14	41
14	44
14	50
14	78
14	92
14	93
14	129
14	145
14	169
14	173
14	219
14	281
14	302
14	347
14	370
14	387
14	417
14	420
14	463
14	482
14	528
14	557
14	591
14	638
14	650
14	673
14	691
14	702
14	784
14	872
15	21
15	39
15	50
15	52
15	60
15	71
15	82
15	129
15	147
15	155
15	162
15	170
15	201
15	217
15	221
15	231
15	236
15	237
15	245
15	253
15	257
15	316
15	323
15	328
15	347
15	423
15	435
15	473
15	490
15	569
15	630
15	679
15	805
15	812
15	882
15	916
15	963
15	967
15	972
16	23
16	31
16	36
16	51
16	54
16	61
16	64
16	81
16	98
16	121
16	173
16	174
16	182
16	210
16	267
16	313
16	337
16	352
16	369
16	407
16	410
16	446
16	468
16	502
16	516
16	526
16	582
16	715
16	740
16	827
16	849
16	887
16	897
16	990
17	18
17	25
17	32
17	42
17	43
17	45
17	47
17	59
17	75
17	77
17	91
17	106
17	168
17	248
17	283
17	295
17	307
17	385
17	434
17	452
17	462
17	478
17	479
17	495
17	517
17	556
17	582
17	598
17	599
17	659
17	713
17	726
17	746
17	769
17	906
17	1000
18	22
18	31
18	32
18	39
18	43
18	45
18	47
18	91
18	108
18	111
18	116
18	123
18	135
18	152
18	182
18	189
18	228
18	251
18	283
18	307
18	335
18	358
18	378
18	457
18	480
18	493
18	496
18	569
18	586
18	595
18	659
18	733
18	912
18	925
18	961
19	31
19	35
19	44
19	62
19	63
19	68
19	75
19	80
19	87
19	98
19	116
19	133
19	166
19	182
19	195
19	200
19	232
19	259
19	263
19	272
19	295
19	347
19	395
19	396
19	447
19	483
19	494
19	506
19	560
19	673
19	808
19	857
19	951
19	973
20	21
20	43
20	45
20	48
20	69
20	75
20	94
20	109
20	126
20	147
20	154
20	159
20	186
20	206
20	221
20	253
20	266
20	300
20	308
20	319
20	363
20	431
20	471
20	502
20	518
20	534
20	600
20	628
20	660
20	674
20	717
20	821
20	845
20	898
20	932
20	957
20	986
21	22
21	23
21	24
21	25
21	30
21	31
21	37
21	46
21	56
21	63
21	78
21	84
21	96
21	110
21	135
21	166
21	221
21	225
21	253
21	362
21	372
21	391
21	414
21	454
21	490
21	543
21	674
21	675
21	683
21	715
21	770
21	808
21	865
21	965
21	987
22	24
22	25
22	26
22	37
22	43
22	48
22	63
22	72
22	77
22	79
22	83
22	98
22	105
22	120
22	158
22	162
22	179
22	222
22	226
22	328
22	373
22	408
22	442
22	465
22	485
22	504
22	537
22	583
22	686
22	693
22	714
22	735
22	798
22	849
22	867
22	966
23	26
23	44
23	51
23	55
23	56
23	61
23	79
23	118
23	144
23	174
23	187
23	212
23	218
23	220
23	290
23	323
23	347
23	381
23	415
23	420
23	459
23	485
23	491
23	599
23	681
23	829
23	883
23	930
23	943
23	960
24	25
24	26
24	30
24	48
24	63
24	69
24	105
24	111
24	120
24	134
24	176
24	185
24	226
24	253
24	289
24	344
24	345
24	347
24	363
24	422
24	426
24	428
24	474
24	480
24	485
24	498
24	573
24	609
24	654
24	744
24	769
24	836
24	930
24	974
24	985
25	26
25	27
25	46
25	48
25	63
25	69
25	89
25	105
25	109
25	123
25	150
25	158
25	171
25	179
25	181
25	253
25	298
25	319
25	336
25	424
25	439
25	443
25	506
25	523
25	535
25	597
25	675
25	702
25	864
25	990
26	33
26	57
26	58
26	63
26	101
26	134
26	137
26	141
26	190
26	222
26	280
26	286
26	333
26	397
26	442
26	461
26	509
26	532
26	566
26	609
26	641
26	678
26	686
26	702
26	715
26	744
26	745
26	780
26	794
26	809
26	936
26	985
27	29
27	30
27	32
27	35
27	36
27	44
27	50
27	58
27	68
27	82
27	85
27	87
27	94
27	106
27	119
27	124
27	138
27	146
27	218
27	286
27	290
27	316
27	325
27	339
27	340
27	350
27	357
27	437
27	549
27	597
27	632
27	646
27	727
27	897
27	993
28	38
28	49
28	52
28	64
28	78
28	101
28	108
28	119
28	120
28	121
28	185
28	209
28	231
28	341
28	349
28	353
28	357
28	368
28	404
28	422
28	482
28	507
28	554
28	590
28	603
28	710
28	720
28	727
28	819
28	830
28	959
28	987
28	995
29	41
29	42
29	50
29	64
29	70
29	94
29	101
29	121
29	192
29	200
29	201
29	261
29	330
29	342
29	362
29	363
29	381
29	399
29	449
29	458
29	469
29	504
29	508
29	524
29	531
29	555
29	590
29	616
29	763
29	811
29	818
29	875
29	913
29	937
30	57
30	59
30	64
30	88
30	96
30	119
30	154
30	181
30	201
30	239
30	240
30	257
30	275
30	300
30	336
30	378
30	384
30	434
30	504
30	582
30	583
30	615
30	626
30	692
30	699
30	768
30	804
30	844
30	880
30	909
30	952
31	45
31	49
31	77
31	83
31	86
31	100
31	126
31	163
31	192
31	221
31	222
31	245
31	264
31	266
31	300
31	351
31	360
31	460
31	483
31	510
31	601
31	605
31	618
31	634
31	642
31	754
31	899
31	905
31	949
31	963
31	976
32	43
32	44
32	55
32	148
32	177
32	194
32	212
32	236
32	244
32	249
32	260
32	283
32	350
32	358
32	370
32	382
32	424
32	425
32	433
32	443
32	447
32	482
32	517
32	530
32	565
32	751
32	756
32	777
32	816
32	835
32	887
32	944
33	39
33	40
33	67
33	83
33	113
33	129
33	153
33	163
33	172
33	175
33	187
33	193
33	212
33	217
33	279
33	286
33	313
33	347
33	370
33	477
33	517
33	548
33	563
33	611
33	636
33	728
33	784
33	904
33	938
33	946
33	964
34	51
34	60
34	75
34	143
34	153
34	174
34	213
34	245
34	258
34	260
34	263
34	305
34	340
34	352
34	415
34	416
34	425
34	468
34	513
34	530
34	542
34	557
34	562
34	589
34	613
34	663
34	680
34	715
34	816
34	907
34	996
35	37
35	43
35	51
35	54
35	87
35	98
35	110
35	115
35	128
35	147
35	166
35	195
35	205
35	219
35	258
35	324
35	334
35	352
35	380
35	497
35	513
35	524
35	557
35	686
35	740
35	846
35	860
35	943
36	61
36	75
36	80
36	140
36	143
36	166
36	191
36	258
36	302
36	337
36	416
36	417
36	425
36	426
36	483
36	512
36	516
36	554
36	640
36	729
36	813
36	845
36	847
36	872
36	880
36	890
37	45
37	93
37	100
37	103
37	112
37	126
37	169
37	184
37	192
37	218
37	225
37	242
37	277
37	301
37	307
37	384
37	389
37	392
37	405
37	458
37	484
37	547
37	572
37	586
37	644
37	650
37	858
38	41
38	47
38	54
38	57
38	59
38	70
38	85
38	87
38	108
38	125
38	133
38	142
38	145
38	161
38	167
38	210
38	259
38	263
38	271
38	335
38	338
38	348
38	598
38	684
38	810
38	818
38	941
38	950
38	968
39	53
39	64
39	66
39	67
39	74
39	115
39	141
39	146
39	153
39	155
39	175
39	205
39	211
39	275
39	282
39	314
39	368
39	439
39	441
39	484
39	514
39	564
39	622
39	896
39	947
39	972
40	90
40	136
40	144
40	172
40	228
40	231
40	242
40	246
40	258
40	277
40	325
40	339
40	383
40	406
40	487
40	527
40	564
40	578
40	646
40	648
40	697
40	708
40	883
40	900
40	923
40	934
41	58
41	70
41	94
41	100
41	101
41	133
41	134
41	145
41	149
41	243
41	291
41	317
41	335
41	341
41	450
41	472
41	487
41	545
41	648
41	724
41	780
41	917
41	931
41	958
41	975
41	996
42	44
42	65
42	84
42	90
42	114
42	116
42	138
42	149
42	157
42	409
42	428
42	430
42	459
42	555
42	672
42	691
42	708
42	711
42	782
42	823
42	829
42	834
42	875
42	964
42	965
42	987
42	997
43	64
43	75
43	135
43	168
43	183
43	189
43	195
43	196
43	239
43	260
43	269
43	283
43	358
43	365
43	479
43	480
43	539
43	623
43	747
43	865
43	898
44	69
44	86
44	97
44	110
44	153
44	203
44	218
44	267
44	342
44	411
44	511
44	533
44	617
44	670
44	730
44	858
44	883
44	918
44	955
45	48
45	53
45	82
45	126
45	171
45	175
45	252
45	292
45	302
45	311
45	318
45	326
45	496
45	511
45	515
45	534
45	642
45	662
45	667
45	687
45	821
45	840
45	862
45	899
46	48
46	57
46	79
46	85
46	89
46	101
46	103
46	181
46	214
46	226
46	230
46	343
46	377
46	509
46	510
46	530
46	608
46	668
46	718
46	817
46	844
46	876
46	934
46	961
46	978
46	991
47	55
47	75
47	78
47	88
47	116
47	193
47	224
47	251
47	268
47	282
47	347
47	418
47	422
47	456
47	503
47	513
47	568
47	604
47	625
47	631
47	784
47	803
47	823
47	974
48	57
48	59
48	83
48	109
48	129
48	139
48	169
48	180
48	192
48	197
48	204
48	229
48	450
48	451
48	466
48	570
48	573
48	617
48	690
48	717
48	733
48	976
49	58
49	66
49	73
49	156
49	237
49	318
49	330
49	346
49	398
49	406
49	420
49	495
49	538
49	568
49	626
49	639
49	712
49	762
49	799
49	884
49	894
49	942
49	1000
50	61
50	63
50	108
50	123
50	124
50	178
50	236
50	269
50	305
50	380
50	458
50	470
50	511
50	537
50	620
50	621
50	658
50	705
50	737
50	763
50	849
50	955
51	65
51	83
51	130
51	230
51	260
51	379
51	490
51	492
51	569
51	579
51	582
51	613
51	634
51	670
51	683
51	721
51	742
51	746
51	754
51	888
52	53
52	83
52	92
52	120
52	122
52	132
52	141
52	151
52	157
52	199
52	265
52	294
52	299
52	330
52	419
52	488
52	497
52	539
52	557
52	615
52	639
52	775
52	874
52	878
52	966
53	59
53	69
53	77
53	93
53	103
53	163
53	199
53	215
53	219
53	301
53	311
53	360
53	421
53	460
53	466
53	554
53	572
53	618
53	642
53	775
53	786
53	846
53	853
54	58
54	69
54	73
54	136
54	235
54	319
54	384
54	413
54	418
54	467
54	524
54	540
54	579
54	587
54	686
54	702
54	722
54	726
54	749
54	868
54	914
55	62
55	71
55	81
55	93
55	144
55	148
55	156
55	157
55	177
55	200
55	257
55	280
55	341
55	432
55	448
55	538
55	733
55	776
55	820
55	824
55	954
55	985
56	62
56	83
56	86
56	126
56	167
56	194
56	238
56	343
56	362
56	378
56	405
56	409
56	454
56	469
56	581
56	612
56	618
56	625
56	701
56	703
56	734
56	866
56	889
56	896
57	78
57	80
57	83
57	110
57	187
57	205
57	215
57	233
57	281
57	465
57	469
57	474
57	590
57	656
57	661
57	712
57	841
57	909
57	913
57	920
58	72
58	88
58	132
58	173
58	182
58	183
58	196
58	261
58	278
58	306
58	447
58	458
58	541
58	561
58	602
58	649
58	931
58	998
59	63
59	78
59	86
59	95
59	97
59	127
59	160
59	193
59	201
59	228
59	233
59	264
59	274
59	423
59	652
59	693
59	700
59	844
59	938
59	967
60	70
60	90
60	91
60	150
60	172
60	187
60	220
60	319
60	325
60	379
60	384
60	414
60	433
60	467
60	575
60	726
60	761
60	879
60	900
60	983
61	88
61	153
61	172
61	210
61	237
61	257
61	259
61	263
61	337
61	408
61	550
61	601
61	637
61	669
61	694
61	736
61	814
61	832
61	870
62	97
62	104
62	128
62	180
62	194
62	214
62	226
62	249
62	273
62	353
62	477
62	539
62	612
62	634
62	671
62	697
62	776
62	799
62	911
62	924
63	75
63	105
63	117
63	146
63	152
63	188
63	270
63	377
63	461
63	464
63	580
63	637
63	757
63	808
63	822
63	882
63	927
64	85
64	88
64	101
64	107
64	141
64	142
64	217
64	332
64	350
64	371
64	470
64	525
64	556
64	654
64	658
64	707
64	743
64	765
64	854
65	79
65	87
65	100
65	136
65	154
65	186
65	271
65	359
65	502
65	579
65	600
65	632
65	645
65	677
65	691
65	770
65	772
65	802
65	851
65	940
65	965
65	968
66	73
66	96
66	115
66	148
66	156
66	162
66	182
66	211
66	246
66	256
66	261
66	308
66	332
66	577
66	755
66	796
66	830
66	837
66	842
66	904
67	74
67	85
67	87
67	97
67	107
67	118
67	128
67	145
67	154
67	155
67	181
67	256
67	275
67	304
67	346
67	422
67	473
67	605
67	797
67	798
68	71
68	83
68	88
68	98
68	113
68	118
68	124
68	178
68	195
68	381
68	389
68	400
68	468
68	617
68	707
68	781
68	962
68	990
69	77
69	103
69	105
69	233
69	252
69	268
69	281
69	311
69	324
69	333
69	357
69	368
69	397
69	466
69	587
69	805
70	72
70	92
70	123
70	168
70	179
70	202
70	234
70	270
70	294
70	297
70	346
70	545
70	568
70	636
70	644
70	757
70	796
70	800
70	903
71	136
71	138
71	146
71	168
71	194
71	232
71	333
71	356
71	408
71	489
71	537
71	585
71	593
71	620
71	661
71	676
71	784
71	833
71	892
72	95
72	104
72	113
72	137
72	181
72	266
72	290
72	304
72	378
72	403
72	423
72	473
72	560
72	585
72	596
72	627
72	928
73	104
73	125
73	194
73	241
73	255
73	379
73	389
73	418
73	444
73	657
73	722
73	886
73	891
73	894
73	934
74	107
74	111
74	147
74	155
74	159
74	181
74	193
74	204
74	234
74	237
74	242
74	424
74	492
74	494
74	503
74	764
74	798
74	828
74	891
74	915
75	80
75	89
75	118
75	350
75	358
75	369
75	449
75	461
75	509
75	594
75	651
75	747
75	758
75	773
76	82
76	97
76	105
76	116
76	149
76	153
76	335
76	405
76	424
76	450
76	477
76	570
76	637
76	716
76	739
76	817
76	827
76	834
76	895
76	978
77	83
77	109
77	117
77	130
77	136
77	205
77	221
77	252
77	254
77	343
77	509
77	684
77	813
77	901
77	988
77	995
78	117
78	127
78	130
78	146
78	148
78	301
78	405
78	534
78	636
78	918
78	991
79	103
79	152
79	171
79	333
79	419
79	479
79	509
79	515
79	563
79	573
79	654
79	693
79	754
79	762
79	808
79	927
79	945
80	85
80	170
80	255
80	342
80	352
80	411
80	550
80	613
80	740
80	788
80	835
80	858
80	972
81	121
81	137
81	203
81	209
81	212
81	243
81	387
81	395
81	398
81	489
81	562
81	729
81	741
81	766
81	826
81	839
81	954
81	993
82	84
82	97
82	115
82	146
82	156
82	193
82	250
82	393
82	433
82	465
82	507
82	620
82	635
82	698
82	827
82	924
82	955
83	117
83	185
83	261
83	328
83	526
83	571
83	685
83	778
83	816
83	859
83	919
84	162
84	198
84	211
84	252
84	256
84	291
84	321
84	373
84	500
84	506
84	519
84	572
84	661
84	724
84	752
84	781
84	885
85	96
85	108
85	119
85	177
85	239
85	404
85	453
85	665
85	688
85	709
85	819
85	835
85	890
85	903
85	988
86	177
86	178
86	186
86	242
86	252
86	268
86	318
86	326
86	335
86	387
86	431
86	445
86	449
86	543
86	601
86	668
86	763
87	101
87	119
87	133
87	136
87	165
87	201
87	213
87	270
87	355
87	441
87	576
87	797
87	837
87	939
88	190
88	237
88	247
88	329
88	336
88	541
88	617
88	636
88	744
88	769
88	932
89	103
89	116
89	125
89	134
89	136
89	158
89	185
89	225
89	235
89	338
89	446
89	515
89	573
89	717
89	795
90	95
90	131
90	137
90	276
90	289
90	291
90	306
90	325
90	364
90	407
90	410
90	467
90	512
90	562
90	739
90	747
90	908
91	96
91	124
91	133
91	189
91	196
91	229
91	298
91	305
91	497
91	503
91	536
91	562
91	713
91	828
91	933
91	962
92	304
92	342
92	346
92	375
92	416
92	422
92	427
92	493
92	496
92	565
92	614
92	674
92	753
92	773
92	889
92	941
92	971
93	112
93	138
93	144
93	160
93	189
93	198
93	224
93	309
93	330
93	351
93	412
93	491
93	842
93	941
93	951
94	220
94	322
94	413
94	421
94	456
94	487
94	589
94	616
94	618
94	711
94	776
94	783
94	836
94	889
94	917
95	127
95	137
95	174
95	177
95	241
95	250
95	274
95	284
95	328
95	398
95	573
95	642
95	838
95	981
96	121
96	162
96	164
96	193
96	214
96	332
96	371
96	384
96	454
96	536
96	733
96	843
96	954
97	112
97	141
97	149
97	224
97	279
97	382
97	467
97	565
97	644
97	660
97	865
98	173
98	187
98	196
98	255
98	412
98	510
98	560
98	564
98	574
98	695
99	101
99	113
99	123
99	136
99	186
99	223
99	262
99	279
99	377
99	502
99	598
99	603
99	647
99	757
99	783
99	798
99	978
100	163
100	173
100	202
100	214
100	318
100	517
100	518
100	525
100	581
100	645
100	768
100	833
100	847
100	908
101	119
101	180
101	216
101	271
101	288
101	303
101	348
101	357
101	375
101	571
102	139
102	184
102	214
102	241
102	250
102	281
102	312
102	339
102	455
102	566
102	575
102	619
102	697
102	781
102	868
102	873
103	149
103	206
103	343
103	351
103	365
103	424
103	506
103	647
103	663
103	735
103	899
104	137
104	150
104	170
104	204
104	299
104	418
104	426
104	527
104	559
104	881
104	902
104	912
105	226
105	499
105	525
105	531
105	590
105	593
105	714
105	716
105	751
105	850
105	985
105	991
106	150
106	189
106	251
106	283
106	296
106	315
106	323
106	358
106	394
106	419
106	479
106	496
106	567
106	768
106	933
107	109
107	136
107	142
107	149
107	206
107	246
107	285
107	287
107	354
107	380
107	438
107	630
107	750
107	872
107	978
108	164
108	170
108	197
108	234
108	243
108	436
108	606
108	776
108	835
108	890
109	138
109	147
109	222
109	287
109	448
109	470
109	553
109	703
109	732
109	792
109	803
109	932
110	195
110	214
110	221
110	267
110	415
110	497
110	560
110	636
110	653
110	928
110	956
111	120
111	160
111	170
111	334
111	351
111	353
111	368
111	394
111	434
111	504
111	505
111	838
111	885
111	941
112	158
112	169
112	237
112	339
112	346
112	413
112	446
112	623
112	643
112	645
112	674
112	787
113	132
113	144
113	310
113	327
113	341
113	378
113	482
113	527
113	886
113	953
114	138
114	170
114	174
114	199
114	297
114	351
114	356
114	419
114	498
114	509
114	583
114	588
114	596
114	639
114	779
114	850
115	131
115	140
115	145
115	146
115	275
115	345
115	368
115	544
115	669
115	793
115	809
116	117
116	155
116	235
116	338
116	481
116	532
116	702
116	709
116	877
117	139
117	179
117	234
117	354
117	390
117	445
117	548
117	666
117	817
117	868
117	907
118	187
118	195
118	324
118	358
118	430
118	436
118	463
118	542
118	675
118	726
118	968
119	132
119	219
119	226
119	262
119	265
119	338
119	350
119	427
119	514
119	665
120	292
120	320
120	338
120	397
120	442
120	452
120	499
120	578
120	745
120	762
120	967
121	123
121	128
121	156
121	163
121	194
121	232
121	365
121	645
121	652
121	653
121	806
122	150
122	159
122	169
122	181
122	304
122	308
122	383
122	400
122	410
122	479
122	558
122	596
122	614
122	804
123	132
123	135
123	151
123	164
123	200
123	325
123	395
123	482
123	602
124	146
124	151
124	173
124	269
124	285
124	389
124	453
124	462
124	553
124	561
125	146
125	228
125	231
125	310
125	374
125	477
125	495
125	553
125	888
125	983
126	157
126	167
126	242
126	271
126	349
126	633
126	662
126	703
126	834
127	155
127	191
127	226
127	262
127	321
127	327
127	331
127	387
127	665
127	742
128	176
128	211
128	273
128	411
128	602
128	616
128	656
128	969
128	985
129	142
129	146
129	177
129	252
129	477
129	499
129	513
129	529
129	653
129	820
129	973
130	141
130	200
130	332
130	396
130	424
130	478
130	592
130	700
130	754
130	778
130	839
131	143
131	184
131	220
131	236
131	237
131	389
131	417
131	420
131	498
131	537
131	649
131	687
131	731
132	182
132	184
132	214
132	344
132	345
132	349
132	561
132	618
132	908
133	310
133	456
133	504
133	508
133	647
133	698
133	709
133	958
133	980
134	152
134	188
134	209
134	216
134	230
134	291
134	345
134	565
134	712
134	818
135	143
135	144
135	218
135	255
135	276
135	307
135	407
135	486
135	646
135	810
136	227
136	252
136	270
136	362
136	482
136	886
137	209
137	248
137	278
137	299
137	304
137	425
137	450
137	559
138	291
138	349
138	367
138	373
138	428
138	535
138	664
138	842
139	150
139	228
139	231
139	276
139	327
139	366
139	547
139	631
139	633
139	706
139	759
139	1000
140	141
140	188
140	235
140	271
140	274
140	282
140	377
140	464
140	616
140	751
141	192
141	229
141	355
141	404
141	414
141	441
141	757
142	145
142	151
142	386
142	457
142	571
142	665
142	681
142	786
142	992
143	162
143	185
143	208
143	426
143	519
143	613
143	634
143	648
143	796
143	802
144	239
144	403
144	493
144	652
144	824
144	921
145	242
145	277
145	522
145	546
145	772
145	857
145	871
145	916
146	595
146	881
147	179
147	320
147	392
147	683
147	844
147	918
147	950
147	989
148	153
148	249
148	342
148	457
148	481
148	557
148	594
148	959
148	981
149	220
149	274
149	421
149	451
149	483
149	820
149	884
149	988
150	176
150	248
150	255
150	289
150	546
150	588
150	862
151	162
151	170
151	227
151	323
151	327
151	356
151	373
151	400
151	519
151	535
152	203
152	272
152	282
152	340
152	366
152	512
152	583
152	659
152	677
153	154
153	193
153	309
153	643
153	676
154	359
154	401
154	476
154	525
154	580
154	817
154	932
155	390
155	428
155	470
155	700
155	708
155	755
155	964
156	177
156	194
156	199
156	204
156	207
156	367
156	771
156	983
157	243
157	256
157	336
157	353
157	393
157	475
157	609
157	773
157	951
158	199
158	276
158	429
158	487
158	528
158	541
158	592
158	604
158	860
159	207
159	226
159	231
159	248
159	273
159	391
159	395
159	537
159	923
160	236
160	376
160	412
160	491
160	569
160	606
160	823
160	964
160	987
161	192
161	222
161	288
161	359
161	475
161	529
161	553
161	681
161	815
161	873
162	472
162	531
162	664
162	881
162	893
162	996
163	223
163	225
163	372
163	476
163	538
163	586
163	703
163	929
164	254
164	316
164	341
164	516
164	772
164	894
164	955
164	993
165	208
165	234
165	259
165	386
165	388
165	598
165	619
165	629
165	828
165	885
165	994
165	998
166	177
166	348
166	361
166	389
166	579
166	621
166	680
166	727
166	879
167	197
167	277
167	303
167	363
167	487
167	494
167	543
167	814
167	875
167	949
168	237
168	332
168	385
168	457
168	527
168	531
168	673
168	853
169	176
169	225
169	297
169	300
169	329
169	533
169	677
169	834
170	501
170	666
170	697
170	857
170	919
170	971
171	262
171	361
171	406
171	465
171	509
171	566
171	597
171	836
171	914
172	184
172	250
172	278
172	566
172	706
172	713
172	718
172	934
173	234
173	269
173	788
173	823
173	867
173	871
174	223
174	342
174	415
174	518
174	767
174	928
175	216
175	244
175	249
175	408
175	719
175	742
175	906
175	994
176	213
176	327
176	611
176	626
176	641
176	936
177	256
177	353
177	495
177	556
178	212
178	216
178	227
178	574
178	650
178	710
178	799
178	990
179	233
179	236
179	320
179	328
179	477
179	725
179	764
180	184
180	259
180	418
180	646
180	794
180	873
180	945
180	958
181	226
181	431
181	468
181	770
181	802
182	189
182	334
182	444
182	542
182	841
182	960
183	251
183	285
183	287
183	331
183	498
183	638
183	662
183	692
183	947
183	962
184	259
184	398
184	440
184	556
184	575
184	974
185	314
185	319
185	518
185	572
185	732
185	831
185	857
186	322
186	354
186	401
186	514
186	681
186	870
187	195
187	218
187	308
187	467
187	518
187	676
188	203
188	237
188	282
188	430
188	550
188	660
188	814
188	933
189	198
189	314
189	385
189	606
189	708
189	723
190	191
190	275
190	280
190	310
190	622
190	653
190	845
190	974
191	315
191	321
191	333
191	344
191	439
191	457
191	523
191	670
192	200
192	233
192	257
192	321
192	667
192	910
193	237
193	505
193	951
194	279
194	331
194	561
194	694
195	363
195	473
195	589
195	993
196	201
196	206
196	263
196	268
196	479
196	882
196	994
197	267
197	274
197	383
197	397
197	402
197	523
197	683
197	798
197	991
198	248
198	312
198	317
198	428
198	469
198	511
198	619
198	881
198	966
199	351
199	392
199	474
199	598
199	782
199	824
200	209
200	293
200	366
200	612
200	705
200	820
201	393
201	423
201	631
201	739
201	829
202	235
202	257
202	271
202	277
202	317
202	359
202	437
202	498
202	999
203	268
203	399
203	423
203	431
203	705
203	791
203	796
204	244
204	279
204	314
204	329
204	394
204	989
205	240
205	329
205	397
205	423
205	514
205	591
205	634
206	374
206	381
206	579
206	725
206	851
207	363
207	388
207	576
207	585
207	717
207	738
207	750
207	838
208	256
208	291
208	368
208	466
208	504
208	574
208	771
208	996
209	280
209	292
209	483
209	610
209	874
210	324
210	356
210	475
210	484
210	551
210	689
210	858
211	306
211	375
211	403
211	738
211	824
211	896
211	949
212	233
212	542
212	632
212	687
212	765
213	227
213	318
213	332
213	339
213	643
213	680
213	866
213	905
214	287
214	510
215	262
215	281
215	317
215	377
215	431
215	516
216	239
216	328
216	435
216	454
216	982
217	252
217	254
217	280
217	393
217	464
217	731
217	855
217	946
218	226
218	408
218	684
218	723
218	774
219	364
219	444
219	703
219	747
219	767
219	829
219	883
220	265
220	270
220	338
220	402
220	545
220	772
221	227
221	253
221	335
221	432
221	703
222	354
222	500
222	519
222	570
222	664
223	410
223	467
223	604
223	608
223	797
223	935
223	999
224	400
224	430
224	462
224	486
224	519
224	688
224	762
224	771
225	350
225	367
225	518
225	525
225	657
226	777
227	246
227	285
227	453
227	487
227	504
227	884
228	280
228	352
228	380
228	389
228	627
229	345
229	485
229	513
229	570
229	785
229	836
229	908
230	244
230	275
230	315
230	369
230	418
230	635
230	647
230	786
231	250
231	441
231	552
231	752
231	874
232	670
232	734
232	737
232	861
232	939
232	977
233	288
233	693
233	821
233	975
234	348
234	725
234	760
234	838
235	595
235	855
235	963
235	978
236	300
236	416
236	905
237	435
238	292
238	322
238	340
238	360
238	372
238	407
238	466
238	846
238	979
239	531
239	595
239	647
239	672
239	869
239	947
240	249
240	329
240	377
240	526
240	553
240	822
241	373
241	376
241	403
241	539
241	562
241	670
242	311
242	571
242	582
242	583
242	929
243	250
243	299
243	324
243	364
243	392
243	403
243	610
244	247
244	314
244	429
244	489
244	499
245	412
245	432
245	462
245	474
245	684
245	839
245	942
246	265
246	329
246	392
246	544
246	741
246	778
247	249
247	429
247	580
247	629
247	649
247	895
248	418
248	521
248	726
248	876
249	309
249	501
249	771
250	337
250	599
250	607
251	369
251	417
251	771
251	880
251	959
252	346
252	701
253	255
253	581
253	641
253	863
254	367
254	505
254	603
254	699
254	766
254	779
254	1000
255	310
255	614
255	679
256	507
256	727
256	843
256	910
257	267
257	558
257	730
257	947
258	311
258	407
258	559
258	621
258	805
259	369
259	426
259	556
260	284
260	583
260	724
260	788
260	947
261	300
261	301
261	684
261	696
261	845
261	852
262	270
262	399
262	711
262	941
263	331
263	396
263	525
263	837
264	319
264	362
264	499
264	515
264	667
264	831
264	864
264	926
265	375
265	386
265	422
265	440
265	449
266	468
266	480
266	625
266	667
266	688
266	710
266	744
267	313
267	516
267	658
267	897
267	925
268	584
268	678
268	689
268	972
269	286
269	456
269	675
269	737
269	986
270	453
270	749
270	763
270	886
271	567
271	611
271	644
272	290
272	299
272	306
272	342
272	437
272	638
272	915
273	276
273	303
273	476
273	489
273	576
273	719
274	406
274	541
274	861
274	946
275	347
275	534
276	398
276	591
276	700
276	899
276	911
277	526
277	547
277	779
277	979
277	997
278	318
278	366
278	415
278	557
278	650
278	953
279	308
279	626
279	861
279	983
280	671
280	705
280	868
281	355
281	442
281	770
281	882
282	370
282	680
282	853
283	459
283	600
283	773
283	970
284	322
284	371
284	395
284	694
284	776
284	992
285	417
285	429
285	470
285	479
285	528
285	646
286	513
286	660
286	729
286	860
286	957
287	333
287	360
287	439
287	453
287	473
287	789
288	292
288	449
288	469
288	555
288	665
288	711
288	800
289	433
289	511
289	515
289	931
290	343
290	451
290	574
290	936
290	982
291	301
291	916
291	937
292	311
292	326
292	843
292	940
293	462
293	569
293	718
293	723
293	769
293	782
293	952
294	357
294	461
294	672
294	748
294	984
295	385
295	558
295	683
295	887
296	375
296	506
296	523
296	536
296	586
296	692
297	355
297	476
297	533
297	871
297	910
298	311
298	463
298	480
298	517
298	764
298	800
299	679
299	931
300	519
300	551
300	963
301	322
301	472
301	624
301	920
302	353
302	593
302	628
302	640
302	795
303	391
303	588
303	619
303	743
303	761
303	945
304	308
304	349
304	434
304	966
305	326
305	421
305	657
305	684
305	975
306	555
306	705
306	799
307	567
307	606
307	870
308	543
308	940
309	617
309	678
309	748
309	812
310	383
310	440
310	559
311	365
311	375
312	419
312	488
312	536
312	658
312	722
312	781
312	987
313	523
313	641
313	769
313	789
313	942
314	412
314	427
314	456
314	852
315	330
315	376
315	662
315	781
315	873
315	877
316	430
316	445
316	499
316	815
316	977
317	341
317	353
317	415
317	475
317	501
318	359
318	626
318	871
319	711
319	901
319	956
320	367
320	570
320	588
320	654
320	843
320	916
321	541
321	635
321	741
322	605
322	660
322	926
323	376
323	424
323	554
323	708
323	782
324	471
324	574
324	617
324	655
325	653
325	722
325	811
325	922
326	561
326	607
326	704
326	779
326	916
327	436
327	489
328	372
328	796
329	448
329	623
330	391
330	397
330	474
330	552
331	365
331	434
331	440
331	457
331	912
332	379
332	544
333	565
333	604
333	865
334	380
334	406
334	459
334	481
334	649
334	902
335	395
335	846
335	984
336	593
336	716
336	795
337	397
337	406
337	430
337	447
337	615
338	604
338	898
338	944
339	532
339	628
339	982
340	464
340	609
340	619
340	977
341	648
341	806
342	751
342	925
343	454
343	501
343	859
343	894
344	402
344	461
344	510
344	717
344	938
345	399
345	666
345	753
345	922
346	476
346	477
347	982
348	386
348	416
348	550
348	668
349	367
349	471
349	664
349	724
350	443
350	608
350	645
351	522
351	575
351	741
352	447
352	576
352	831
352	867
353	920
353	942
354	438
354	553
354	822
354	869
354	961
355	360
355	533
355	816
355	905
356	486
356	921
356	942
357	704
357	736
357	760
358	558
359	401
359	949
360	458
360	530
360	995
361	496
361	609
361	690
361	804
361	944
362	445
362	493
362	662
363	949
363	980
364	645
364	715
364	893
364	948
365	667
365	688
365	986
366	427
366	710
366	888
367	505
368	395
368	739
369	464
369	624
369	795
370	431
370	668
370	678
370	790
371	452
371	585
371	977
371	990
372	528
372	606
372	688
372	886
373	451
373	505
374	436
374	594
374	632
374	721
374	729
375	482
375	657
376	555
376	610
376	661
376	966
377	502
377	768
378	407
378	622
379	459
379	540
379	600
379	943
380	454
380	936
381	403
381	788
381	919
382	383
382	391
382	445
382	831
382	858
382	960
383	415
383	432
384	436
384	915
384	923
385	492
385	651
385	922
385	927
386	573
386	693
386	929
387	438
387	505
387	563
387	854
388	401
388	411
388	545
388	552
388	736
388	753
389	681
390	396
390	410
390	741
390	914
390	981
391	706
391	766
391	900
392	539
392	743
392	810
393	398
393	537
393	819
393	882
394	423
394	480
394	567
395	983
396	442
396	747
396	812
396	946
397	433
398	455
398	649
399	414
399	549
399	568
399	841
400	500
400	589
400	823
400	830
401	503
401	528
401	543
402	600
402	685
402	778
402	910
402	915
403	537
403	838
404	433
404	505
404	627
404	752
404	806
405	825
405	826
406	622
407	508
408	546
408	728
408	927
409	433
409	475
409	488
409	704
409	847
410	417
410	521
410	743
411	681
411	788
411	832
411	901
412	491
412	521
412	659
413	437
413	524
413	578
413	676
413	698
414	855
414	856
414	875
414	932
415	919
416	487
416	780
416	794
417	765
418	948
419	426
419	445
419	451
420	952
420	995
421	460
421	522
421	724
422	452
422	910
423	868
424	533
425	551
425	707
425	774
426	507
426	529
427	552
427	596
427	651
427	723
428	473
428	842
428	895
429	443
429	658
429	950
430	441
430	587
431	759
432	615
432	734
432	804
434	732
435	595
435	689
435	927
435	955
436	680
437	495
437	520
437	650
437	943
438	466
438	548
438	601
438	620
439	624
439	807
440	766
440	979
440	996
441	568
441	898
442	895
443	529
443	690
444	597
444	644
444	663
444	678
445	696
446	591
446	696
446	969
447	939
448	512
448	693
448	909
448	958
449	643
449	794
450	582
450	655
450	754
451	877
451	958
452	630
452	930
452	946
453	659
453	973
454	901
455	699
455	903
455	948
455	962
456	635
458	464
458	607
459	550
460	652
460	689
460	718
460	763
461	678
461	976
462	629
462	893
463	813
463	939
464	793
465	611
465	666
465	811
466	643
467	874
468	804
469	559
469	975
470	660
470	685
471	548
471	841
472	546
472	633
472	859
472	937
473	855
474	779
474	870
475	903
476	596
476	869
478	584
478	635
478	753
478	880
478	909
480	527
481	914
481	956
483	539
483	560
484	488
484	669
484	723
484	758
485	842
485	939
485	991
486	544
486	706
486	782
486	866
488	560
488	578
489	696
489	799
490	536
490	586
491	691
491	704
491	917
492	526
492	538
492	608
493	521
493	602
494	555
494	597
494	867
495	520
495	627
496	517
497	532
497	547
497	972
498	531
498	952
499	563
500	585
500	707
500	848
500	989
501	529
501	879
502	592
502	807
503	748
503	952
506	524
506	551
507	872
507	944
508	618
508	767
508	893
510	696
510	808
511	730
511	977
512	609
512	695
512	909
513	746
514	612
514	622
515	590
515	677
516	652
516	888
517	897
518	859
519	780
520	589
520	628
520	742
520	756
521	793
521	911
521	980
522	605
522	671
522	783
522	920
523	717
524	730
525	863
527	639
527	924
528	850
528	994
529	800
529	874
530	676
530	760
530	849
531	637
532	732
532	735
532	836
533	679
533	884
534	688
534	803
534	995
535	541
535	714
535	775
535	890
536	731
536	967
538	810
538	904
539	903
540	547
540	620
540	756
540	758
540	956
542	570
542	761
543	577
543	750
544	733
544	790
544	833
545	594
545	750
545	924
546	625
546	644
546	657
547	787
548	695
548	840
549	671
549	851
549	980
550	638
551	847
551	860
552	614
552	719
552	818
553	709
554	683
554	953
554	986
555	590
556	611
556	809
557	786
558	643
558	685
558	961
559	969
560	640
561	854
562	566
562	588
563	699
563	976
564	605
564	801
564	828
565	826
566	945
567	630
567	856
568	893
571	743
571	753
572	945
575	790
575	953
576	682
576	700
577	581
577	775
577	989
578	640
578	751
579	719
580	586
580	907
580	919
581	584
581	633
584	668
584	713
584	902
585	820
587	698
587	999
589	740
591	849
592	674
592	765
593	611
593	948
594	764
595	921
596	780
597	969
599	613
599	906
599	915
600	807
601	642
601	961
602	654
602	722
603	628
603	892
603	940
604	889
605	709
606	793
607	657
607	834
607	933
608	772
608	800
610	656
610	706
610	970
612	728
612	954
613	825
614	971
615	728
616	661
616	921
619	864
620	735
621	699
621	739
621	929
623	668
623	898
624	700
624	704
624	922
625	774
625	938
626	832
627	652
627	720
629	873
629	998
630	690
631	760
632	785
633	745
633	855
634	810
635	642
636	671
638	777
638	888
639	687
640	789
641	689
641	857
646	791
647	682
648	711
649	843
650	853
651	672
651	712
651	885
654	822
655	757
655	767
656	825
658	748
661	997
662	863
663	825
663	928
664	666
664	775
665	707
666	846
667	774
669	732
669	844
669	851
670	860
671	806
672	714
672	997
673	734
673	982
675	719
675	865
676	715
677	752
677	785
679	786
680	813
682	701
682	935
682	989
685	809
685	899
686	756
687	848
687	879
689	805
690	720
690	971
691	878
691	997
692	819
692	970
695	906
696	965
697	784
697	839
698	721
698	787
701	737
701	827
701	979
702	777
704	791
705	981
707	892
708	801
709	815
710	957
712	744
712	917
713	759
714	716
714	897
716	745
718	817
720	755
720	819
725	774
725	968
728	973
731	918
731	980
734	768
736	792
736	840
738	745
738	953
742	777
746	765
746	840
748	750
749	887
755	974
758	904
759	764
761	825
761	962
766	791
773	881
778	935
783	854
783	975
785	821
785	837
787	793
787	936
790	811
790	926
791	840
792	912
795	907
797	935
801	929
801	948
802	920
802	984
803	901
805	937
807	960
807	963
809	821
812	852
815	889
816	852
818	921
822	998
824	862
826	850
826	992
828	913
829	887
830	839
831	869
832	930
833	841
845	863
847	944
848	878
850	973
851	943
854	913
856	986
861	913
861	999
862	904
862	924
867	959
869	931
870	891
871	902
875	979
876	900
876	914
876	999
877	964
878	895
880	925
884	988
891	984
892	981
896	912
908	988
911	926
911	1000
917	976
918	950
922	967
923	992
926	950
930	957
938	994
965	968
