1	2
1	19
1	34
1	38
1	39
1	44
1	56
1	69
1	87
1	95
1	97
1	104
1	108
1	123
1	124
1	148
1	152
1	157
1	161
1	173
1	185
1	188
1	194
1	195
1	196
1	202
1	206
1	208
1	218
1	222
1	249
1	278
1	315
1	372
1	375
1	431
1	480
1	502
1	510
1	525
1	560
1	609
1	656
1	665
1	799
1	819
1	894
1	902
1	932
1	936
2	7
2	19
2	24
2	34
2	39
2	44
2	57
2	86
2	90
2	93
2	95
2	96
2	125
2	157
2	158
2	162
2	184
2	187
2	188
2	190
2	193
2	194
2	198
2	200
2	210
2	218
2	270
2	335
2	359
2	375
2	382
2	410
2	431
2	442
2	455
2	537
2	547
2	611
2	641
2	655
2	663
2	673
2	712
2	851
2	910
2	964
2	975
3	9
3	13
3	14
3	20
3	22
3	26
3	27
3	44
3	57
3	68
3	70
3	106
3	115
3	199
3	223
3	254
3	261
3	276
3	297
3	311
3	323
3	336
3	401
3	417
3	431
3	432
3	448
3	474
3	498
3	633
3	639
3	653
3	666
3	685
3	700
3	736
3	740
3	744
3	784
3	817
3	819
3	885
3	888
3	897
3	923
3	945
3	948
4	6
4	13
4	20
4	28
4	36
4	50
4	55
4	61
4	73
4	74
4	75
4	92
4	109
4	114
4	119
4	135
4	143
4	145
4	149
4	156
4	159
4	164
4	167
4	192
4	288
4	310
4	332
4	333
4	343
4	352
4	366
4	374
4	390
4	391
4	443
4	450
4	552
4	607
4	616
4	679
4	719
4	877
4	926
4	931
4	969
4	979
5	8
5	16
5	25
5	33
5	38
5	43
5	46
5	63
5	80
5	81
5	93
5	99
5	120
5	140
5	174
5	184
5	216
5	221
5	224
5	231
5	233
5	237
5	267
5	279
5	286
5	301
5	363
5	424
5	429
5	468
5	469
5	470
5	478
5	520
5	531
5	538
5	542
5	594
5	666
5	748
5	783
5	811
5	875
5	934
5	947
6	28
6	33
6	36
6	37
6	41
6	55
6	74
6	114
6	124
6	139
6	146
6	149
6	152
6	176
6	184
6	224
6	228
6	255
6	284
6	310
6	320
6	333
6	337
6	341
6	386
6	391
6	393
6	403
6	404
6	406
6	443
6	474
6	517
6	521
6	589
6	591
6	615
6	671
6	861
6	908
6	937
6	954
6	973
6	985
7	10
7	11
7	18
7	19
7	25
7	32
7	35
7	38
7	49
7	52
7	57
7	71
7	87
7	94
7	98
7	156
7	172
7	190
7	200
7	215
7	239
7	290
7	304
7	309
7	339
7	353
7	373
7	413
7	433
7	458
7	463
7	485
7	496
7	520
7	540
7	553
7	558
7	598
7	643
7	693
7	700
7	727
7	842
7	857
8	10
8	15
8	17
8	51
8	89
8	117
8	140
8	148
8	149
8	157
8	170
8	211
8	219
8	241
8	287
8	344
8	345
8	359
8	393
8	408
8	410
8	426
8	480
8	488
8	491
8	516
8	566
8	571
8	600
8	610
8	629
8	700
8	703
8	709
8	729
8	794
8	853
8	938
8	942
8	960
8	961
8	964
8	989
9	12
9	14
9	26
9	32
9	35
9	70
9	82
9	106
9	112
9	113
9	115
9	147
9	189
9	240
9	251
9	254
9	297
9	313
9	385
9	397
9	399
9	412
9	439
9	477
9	498
9	575
9	604
9	643
9	650
9	664
9	707
9	758
9	813
9	844
9	860
9	864
9	909
9	923
9	941
9	967
9	994
9	999
10	11
10	18
10	20
10	32
10	52
10	71
10	94
10	98
10	101
10	126
10	149
10	172
10	190
10	197
10	205
10	226
10	239
10	274
10	280
10	304
10	309
10	310
10	346
10	353
10	368
10	430
10	464
10	598
10	624
10	658
10	692
10	693
10	699
10	702
10	710
10	755
10	875
10	888
10	959
10	965
11	12
11	27
11	29
11	32
11	38
11	49
11	60
11	71
11	86
11	110
11	134
11	156
11	161
11	165
11	180
11	215
11	221
11	229
11	238
11	243
11	274
11	304
11	339
11	351
11	428
11	433
11	471
11	507
11	544
11	558
11	598
11	624
11	656
11	706
11	788
11	826
11	835
11	837
11	986
12	24
12	29
12	31
12	38
12	78
12	97
12	103
12	110
12	121
12	123
12	161
12	182
12	195
12	232
12	235
12	273
12	275
12	308
12	317
12	339
12	361
12	379
12	407
12	434
12	662
12	735
12	777
12	786
12	791
12	806
12	826
12	837
12	842
12	915
12	935
12	943
12	986
12	987
13	26
13	40
13	45
13	47
13	68
13	77
13	82
13	87
13	106
13	113
13	116
13	133
13	147
13	246
13	262
13	276
13	297
13	311
13	336
13	388
13	422
13	445
13	446
13	477
13	489
13	512
13	524
13	552
13	561
13	578
13	594
13	603
13	639
13	698
13	743
13	797
13	828
13	926
14	22
14	26
14	45
14	52
14	68
14	77
14	82
14	103
14	115
14	192
14	207
14	209
14	230
14	251
14	253
14	257
14	329
14	377
14	385
14	432
14	448
14	503
14	522
14	525
14	536
14	555
14	561
14	615
14	696
14	726
14	828
14	830
14	878
14	900
14	923
14	948
14	963
14	994
15	16
15	46
15	47
15	49
15	56
15	62
15	76
15	78
15	90
15	91
15	101
15	102
15	137
15	146
15	159
15	163
15	183
15	184
15	200
15	212
15	216
15	236
15	293
15	343
15	344
15	384
15	413
15	434
15	520
15	564
15	629
15	639
15	666
15	694
15	697
15	724
15	929
15	984
15	993
16	17
16	20
16	48
16	50
16	58
16	65
16	66
16	69
16	83
16	85
16	89
16	109
16	131
16	136
16	179
16	212
16	214
16	217
16	269
16	342
16	396
16	478
16	486
16	514
16	528
16	539
16	572
16	592
16	616
16	745
16	815
16	838
16	949
16	956
16	974
16	990
16	1000
17	34
17	90
17	117
17	148
17	149
17	157
17	170
17	219
17	238
17	287
17	320
17	359
17	447
17	453
17	472
17	491
17	499
17	516
17	566
17	578
17	581
17	623
17	642
17	645
17	703
17	729
17	742
17	754
17	778
17	794
17	795
17	853
17	859
17	935
17	958
17	959
17	960
18	25
18	32
18	38
18	48
18	51
18	52
18	94
18	130
18	156
18	164
18	172
18	175
18	178
18	200
18	206
18	223
18	243
18	326
18	327
18	334
18	339
18	368
18	458
18	504
18	618
18	639
18	643
18	675
18	682
18	700
18	766
18	775
18	810
18	886
18	959
18	991
19	20
19	24
19	25
19	33
19	34
19	39
19	44
19	59
19	78
19	80
19	86
19	87
19	96
19	111
19	123
19	129
19	154
19	171
19	185
19	191
19	199
19	218
19	242
19	269
19	330
19	425
19	539
19	582
19	601
19	641
19	668
19	718
19	749
19	826
19	920
20	41
20	50
20	61
20	65
20	80
20	83
20	89
20	124
20	131
20	132
20	146
20	163
20	205
20	214
20	217
20	218
20	269
20	330
20	332
20	352
20	366
20	367
20	386
20	400
20	412
20	478
20	486
20	514
20	620
20	737
20	847
20	854
20	910
21	27
21	30
21	37
21	51
21	55
21	67
21	79
21	92
21	137
21	168
21	220
21	236
21	257
21	259
21	272
21	295
21	302
21	314
21	367
21	388
21	446
21	460
21	465
21	493
21	518
21	581
21	597
21	606
21	672
21	695
21	709
21	714
21	715
21	770
21	772
21	841
21	927
21	981
22	23
22	26
22	30
22	44
22	58
22	68
22	70
22	88
22	117
22	126
22	139
22	144
22	151
22	162
22	189
22	249
22	268
22	284
22	335
22	377
22	380
22	381
22	395
22	474
22	549
22	559
22	571
22	585
22	669
22	707
22	733
22	808
22	816
22	819
22	844
22	872
23	24
23	50
23	58
23	68
23	69
23	70
23	81
23	84
23	88
23	97
23	100
23	124
23	127
23	132
23	168
23	207
23	249
23	261
23	271
23	274
23	335
23	351
23	354
23	389
23	421
23	473
23	479
23	483
23	503
23	559
23	638
23	733
23	776
23	808
23	816
23	893
23	949
24	29
24	49
24	71
24	78
24	87
24	96
24	97
24	103
24	110
24	111
24	126
24	171
24	173
24	187
24	194
24	196
24	235
24	239
24	268
24	291
24	339
24	347
24	382
24	390
24	471
24	532
24	574
24	587
24	614
24	650
24	689
24	861
24	999
25	72
25	78
25	187
25	229
25	242
25	244
25	303
25	306
25	311
25	321
25	329
25	338
25	356
25	408
25	526
25	529
25	532
25	597
25	613
25	614
25	621
25	644
25	649
25	657
25	670
25	680
25	859
25	872
25	873
25	901
25	935
25	963
25	980
26	34
26	40
26	45
26	69
26	100
26	115
26	118
26	203
26	204
26	213
26	234
26	240
26	251
26	266
26	311
26	319
26	326
26	385
26	426
26	432
26	445
26	498
26	536
26	571
26	708
26	754
26	756
26	784
26	785
26	818
26	866
26	909
27	28
27	30
27	31
27	37
27	51
27	67
27	69
27	92
27	121
27	144
27	175
27	204
27	236
27	243
27	258
27	262
27	272
27	302
27	322
27	325
27	402
27	423
27	576
27	579
27	597
27	601
27	613
27	662
27	686
27	789
27	843
27	912
27	961
27	974
28	30
28	36
28	41
28	45
28	51
28	112
28	116
28	169
28	192
28	198
28	204
28	244
28	257
28	258
28	259
28	288
28	289
28	310
28	314
28	341
28	365
28	437
28	443
28	454
28	554
28	588
28	590
28	607
28	646
28	715
28	732
28	786
28	913
28	946
29	38
29	54
29	60
29	69
29	78
29	82
29	97
29	98
29	121
29	123
29	126
29	142
29	175
29	180
29	210
29	232
29	235
29	239
29	273
29	296
29	330
29	334
29	337
29	425
29	435
29	476
29	580
29	584
29	662
29	760
29	795
29	828
29	837
30	51
30	67
30	79
30	92
30	98
30	105
30	144
30	184
30	204
30	252
30	258
30	259
30	282
30	289
30	295
30	303
30	322
30	325
30	370
30	402
30	418
30	446
30	492
30	513
30	514
30	524
30	569
30	843
30	933
30	963
30	968
30	990
31	43
31	56
31	82
31	101
31	140
31	141
31	143
31	160
31	168
31	186
31	207
31	225
31	227
31	238
31	248
31	282
31	293
31	363
31	428
31	434
31	444
31	511
31	583
31	614
31	626
31	637
31	679
31	697
31	762
31	768
31	855
31	879
31	929
31	972
32	38
32	52
32	62
32	63
32	91
32	94
32	126
32	153
32	172
32	190
32	197
32	274
32	326
32	340
32	368
32	415
32	486
32	544
32	553
32	558
32	573
32	583
32	647
32	651
32	658
32	665
32	675
32	688
32	702
32	875
32	959
33	41
33	46
33	63
33	74
33	80
33	92
33	120
33	124
33	133
33	138
33	169
33	245
33	265
33	308
33	322
33	340
33	354
33	378
33	454
33	455
33	463
33	523
33	530
33	548
33	567
33	708
33	721
33	764
33	780
33	785
33	929
33	973
34	35
34	39
34	42
34	44
34	54
34	57
34	59
34	86
34	89
34	95
34	96
34	108
34	125
34	161
34	179
34	194
34	208
34	222
34	241
34	305
34	330
34	379
34	397
34	425
34	587
34	612
34	834
34	886
34	944
35	37
35	41
35	67
35	114
35	119
35	150
35	199
35	208
35	220
35	257
35	281
35	341
35	342
35	347
35	358
35	416
35	417
35	488
35	507
35	515
35	523
35	602
35	607
35	620
35	770
35	913
35	945
35	950
35	969
35	996
36	61
36	74
36	76
36	92
36	135
36	154
36	167
36	184
36	192
36	216
36	228
36	279
36	288
36	299
36	323
36	333
36	390
36	400
36	441
36	462
36	489
36	534
36	607
36	646
36	648
36	882
36	917
36	960
37	41
37	47
37	54
37	55
37	57
37	67
37	72
37	75
37	132
37	138
37	170
37	224
37	316
37	448
37	454
37	456
37	462
37	478
37	482
37	507
37	606
37	730
37	774
37	793
37	912
37	987
37	996
38	49
38	52
38	94
38	103
38	153
38	201
38	247
38	273
38	292
38	293
38	296
38	304
38	306
38	308
38	326
38	327
38	383
38	422
38	553
38	574
38	777
38	905
39	57
39	70
39	87
39	102
39	128
39	129
39	150
39	185
39	187
39	193
39	196
39	217
39	222
39	230
39	237
39	361
39	376
39	397
39	442
39	562
39	582
39	718
39	826
39	876
39	932
39	948
40	42
40	45
40	64
40	77
40	82
40	106
40	115
40	130
40	203
40	237
40	263
40	323
40	362
40	373
40	401
40	470
40	487
40	521
40	524
40	532
40	555
40	577
40	698
40	739
40	819
40	874
40	885
40	941
41	46
41	55
41	61
41	80
41	112
41	139
41	145
41	164
41	171
41	288
41	307
41	328
41	333
41	371
41	402
41	471
41	607
41	722
41	782
41	851
41	869
41	877
41	919
42	45
42	82
42	107
42	113
42	116
42	135
42	181
42	202
42	209
42	254
42	362
42	369
42	439
42	443
42	445
42	475
42	485
42	500
42	512
42	550
42	681
42	696
42	739
42	841
42	884
42	923
42	941
43	45
43	46
43	58
43	72
43	89
43	91
43	155
43	168
43	183
43	225
43	233
43	250
43	265
43	301
43	340
43	347
43	387
43	403
43	411
43	437
43	500
43	549
43	754
43	757
43	810
43	824
43	848
44	78
44	86
44	95
44	98
44	103
44	104
44	154
44	176
44	191
44	201
44	210
44	214
44	240
44	255
44	291
44	346
44	368
44	383
44	413
44	686
44	792
44	798
44	924
45	50
45	107
45	113
45	116
45	147
45	202
45	218
45	266
45	422
45	528
45	561
45	657
45	669
45	723
45	748
45	750
45	823
45	841
45	864
45	926
45	992
45	999
46	63
46	81
46	121
46	139
46	146
46	155
46	159
46	163
46	203
46	245
46	268
46	299
46	331
46	342
46	386
46	531
46	533
46	548
46	568
46	606
46	625
46	761
46	862
46	892
47	51
47	55
47	56
47	66
47	67
47	72
47	79
47	100
47	166
47	256
47	258
47	275
47	283
47	295
47	298
47	325
47	333
47	370
47	381
47	507
47	640
47	825
47	843
47	914
47	981
48	50
48	58
48	65
48	66
48	70
48	83
48	109
48	164
48	167
48	217
48	247
48	269
48	380
48	412
48	415
48	420
48	592
48	597
48	727
48	809
48	838
48	903
48	956
48	963
48	990
48	1000
49	59
49	98
49	110
49	121
49	154
49	161
49	179
49	302
49	313
49	317
49	379
49	412
49	442
49	471
49	590
49	598
49	628
49	652
49	741
49	897
49	978
49	987
50	57
50	65
50	66
50	83
50	89
50	109
50	131
50	212
50	214
50	393
50	416
50	459
50	478
50	486
50	494
50	551
50	572
50	592
50	776
50	834
50	892
51	55
51	67
51	72
51	79
51	92
51	136
51	306
51	314
51	325
51	332
51	380
51	423
51	446
51	460
51	531
51	606
51	654
51	672
51	933
51	977
52	54
52	75
52	94
52	102
52	118
52	126
52	206
52	274
52	280
52	309
52	327
52	409
52	413
52	558
52	624
52	658
52	660
52	675
52	755
52	802
52	939
53	64
53	68
53	73
53	93
53	105
53	122
53	166
53	181
53	182
53	253
53	263
53	285
53	315
53	385
53	388
53	396
53	481
53	589
53	599
53	681
53	688
53	832
53	846
53	895
53	896
53	907
53	914
54	59
54	75
54	139
54	155
54	167
54	191
54	228
54	232
54	364
54	394
54	403
54	501
54	520
54	523
54	554
54	608
54	687
54	783
54	846
54	871
54	993
54	995
55	67
55	77
55	120
55	138
55	139
55	144
55	155
55	169
55	236
55	258
55	367
55	418
55	568
55	572
55	620
55	625
55	730
55	846
55	946
56	74
56	88
56	91
56	102
56	107
56	120
56	140
56	141
56	159
56	168
56	186
56	225
56	227
56	238
56	312
56	414
56	515
56	563
56	568
56	677
56	810
56	811
57	87
57	95
57	111
57	118
57	125
57	128
57	141
57	148
57	261
57	337
57	349
57	398
57	442
57	467
57	712
57	734
57	894
57	932
57	951
58	66
58	70
58	89
58	109
58	127
58	151
58	214
58	230
58	268
58	396
58	479
58	517
58	529
58	541
58	603
58	621
58	779
58	782
58	884
58	949
58	985
59	95
59	98
59	128
59	129
59	142
59	154
59	287
59	305
59	346
59	361
59	398
59	461
59	472
59	627
59	630
59	674
59	680
59	691
59	739
59	944
59	955
60	86
60	103
60	110
60	121
60	175
60	179
60	223
60	273
60	274
60	292
60	296
60	334
60	366
60	397
60	605
60	686
60	692
60	724
60	752
60	756
60	856
60	881
60	970
61	63
61	85
61	124
61	135
61	148
61	233
61	255
61	342
61	364
61	371
61	419
61	420
61	506
61	534
61	541
61	560
61	710
61	735
61	820
61	835
61	951
62	99
62	102
62	133
62	143
62	155
62	186
62	238
62	264
62	301
62	373
62	424
62	436
62	493
62	517
62	549
62	591
62	619
62	654
62	768
62	794
62	829
62	857
62	934
63	101
63	112
63	120
63	124
63	133
63	140
63	174
63	264
63	286
63	296
63	299
63	429
63	493
63	519
63	531
63	542
63	594
63	684
63	850
63	930
64	81
64	84
64	166
64	182
64	190
64	215
64	252
64	370
64	388
64	427
64	487
64	508
64	573
64	577
64	593
64	630
64	639
64	755
64	825
64	840
64	860
64	887
64	966
65	66
65	83
65	85
65	107
65	109
65	151
65	217
65	225
65	234
65	269
65	393
65	415
65	416
65	497
65	539
65	692
65	855
65	887
65	908
65	910
65	1000
66	67
66	68
66	70
66	83
66	89
66	92
66	105
66	114
66	171
66	214
66	399
66	412
66	538
66	595
66	654
66	714
66	723
66	880
67	68
67	72
67	92
67	119
67	200
67	224
67	259
67	325
67	370
67	448
67	598
67	601
67	641
67	793
67	842
68	88
68	100
68	160
68	161
68	181
68	199
68	284
68	318
68	329
68	550
68	570
68	615
68	640
68	685
68	776
69	88
69	89
69	131
69	151
69	184
69	249
69	271
69	358
69	396
69	412
69	420
69	483
69	557
69	800
69	838
69	855
69	974
70	96
70	115
70	119
70	127
70	199
70	230
70	231
70	275
70	276
70	354
70	358
70	404
70	546
70	604
70	736
71	162
71	178
71	292
71	317
71	356
71	360
71	379
71	413
71	435
71	562
71	614
71	617
71	632
71	643
71	664
71	955
71	979
71	986
71	994
72	79
72	114
72	118
72	230
72	236
72	250
72	270
72	283
72	367
72	423
72	488
72	492
72	576
72	715
72	732
72	814
72	880
73	74
73	75
73	79
73	139
73	145
73	155
73	164
73	171
73	205
73	291
73	394
73	406
73	417
73	443
73	530
73	620
73	634
73	671
73	798
73	940
74	85
74	112
74	169
74	255
74	273
74	341
74	342
74	364
74	406
74	511
74	514
74	551
74	705
74	764
74	877
74	979
75	102
75	115
75	132
75	138
75	139
75	146
75	170
75	224
75	225
75	360
75	436
75	450
75	490
75	541
75	632
75	719
75	824
76	90
76	101
76	114
76	124
76	134
76	137
76	159
76	165
76	205
76	265
76	281
76	341
76	438
76	444
76	505
76	541
76	729
76	738
76	806
76	924
77	92
77	107
77	147
77	181
77	203
77	254
77	484
77	552
77	636
77	708
77	748
77	759
77	806
77	844
77	864
77	866
77	896
78	97
78	128
78	129
78	142
78	154
78	176
78	209
78	347
78	383
78	442
78	490
78	574
78	590
78	863
79	82
79	119
79	220
79	272
79	275
79	318
79	391
79	402
79	597
79	690
79	701
79	751
79	874
79	880
79	891
80	85
80	112
80	114
80	221
80	228
80	281
80	345
80	373
80	454
80	491
80	501
80	540
80	640
80	710
80	862
80	898
81	101
81	137
81	140
81	141
81	216
81	314
81	331
81	342
81	360
81	363
81	429
81	454
81	523
81	625
81	667
81	713
81	889
82	113
82	147
82	158
82	394
82	401
82	464
82	487
82	536
82	550
82	696
82	790
82	839
82	882
83	85
83	109
83	131
83	151
83	212
83	250
83	268
83	407
83	412
83	415
83	420
83	504
83	517
83	588
83	774
84	105
84	122
84	252
84	263
84	276
84	324
84	378
84	388
84	405
84	418
84	427
84	428
84	430
84	573
84	589
84	630
84	830
84	904
84	907
85	89
85	109
85	112
85	145
85	164
85	174
85	179
85	268
85	285
85	417
85	469
85	494
85	551
85	710
85	974
86	87
86	110
86	123
86	125
86	179
86	187
86	210
86	232
86	313
86	662
86	664
86	734
86	858
86	941
86	953
87	118
87	149
87	169
87	171
87	176
87	187
87	191
87	194
87	196
87	218
87	537
87	894
88	187
88	207
88	230
88	249
88	268
88	284
88	307
88	335
88	638
88	707
88	769
88	815
88	884
88	982
88	983
89	109
89	151
89	212
89	214
89	217
89	494
89	506
89	635
89	809
89	854
90	103
90	104
90	152
90	173
90	186
90	203
90	515
90	583
90	596
90	600
90	623
90	716
90	795
90	938
90	964
90	972
91	99
91	101
91	127
91	131
91	155
91	322
91	334
91	414
91	462
91	567
91	587
91	661
91	771
91	868
91	929
91	931
92	112
92	146
92	204
92	205
92	236
92	402
92	460
92	725
92	852
92	870
93	104
93	158
93	160
93	165
93	173
93	372
93	410
93	447
93	451
93	600
93	609
93	691
93	716
93	746
93	890
93	902
94	126
94	172
94	179
94	194
94	200
94	239
94	433
94	456
94	470
94	516
94	522
94	540
94	631
95	136
95	194
95	237
95	297
95	308
95	467
95	477
95	720
95	751
95	788
95	834
95	944
95	996
96	108
96	171
96	218
96	241
96	349
96	397
96	409
96	476
96	480
96	509
96	567
96	734
96	930
96	980
97	121
97	315
97	346
97	361
97	362
97	400
97	510
97	627
97	691
97	759
97	777
97	883
97	965
98	126
98	129
98	180
98	210
98	256
98	309
98	458
98	558
98	699
98	760
98	878
98	970
99	101
99	120
99	137
99	140
99	220
99	463
99	564
99	613
99	667
99	672
99	813
99	827
99	836
99	871
99	902
99	929
100	119
100	134
100	199
100	256
100	263
100	275
100	335
100	358
100	445
100	448
100	550
100	559
100	615
100	960
101	159
101	186
101	216
101	293
101	332
101	466
101	500
101	573
101	717
101	781
102	113
102	141
102	162
102	169
102	205
102	221
102	248
102	439
102	463
102	520
102	687
102	833
103	229
103	277
103	321
103	379
103	407
103	485
103	649
103	691
103	769
103	906
103	939
104	136
104	152
104	157
104	158
104	180
104	198
104	278
104	431
104	492
104	526
104	583
104	778
104	902
104	973
105	131
105	144
105	153
105	234
105	246
105	252
105	259
105	280
105	370
105	430
105	465
105	688
105	883
105	998
106	107
106	115
106	116
106	189
106	230
106	254
106	305
106	484
106	502
106	681
106	696
106	865
106	934
106	941
107	147
107	209
107	215
107	316
107	401
107	474
107	512
107	550
107	685
107	743
107	790
107	994
108	111
108	136
108	187
108	189
108	222
108	255
108	305
108	321
108	349
108	376
108	398
108	641
108	650
108	753
108	911
109	145
109	164
109	214
109	380
109	572
109	727
109	809
109	855
110	135
110	165
110	382
110	415
110	497
110	574
110	617
110	873
110	886
110	911
110	935
111	128
111	171
111	195
111	196
111	201
111	237
111	375
111	416
111	461
111	511
111	537
111	584
111	760
112	169
112	264
112	333
112	340
112	387
112	564
112	684
112	782
112	801
113	197
113	266
113	477
113	525
113	561
113	665
113	704
113	865
113	887
113	899
113	971
114	237
114	275
114	341
114	357
114	399
114	401
114	431
114	441
114	787
114	851
115	189
115	230
115	253
115	311
115	495
115	498
115	741
115	747
115	822
116	147
116	209
116	365
116	394
116	414
116	536
116	636
116	708
116	748
116	749
116	900
116	915
117	144
117	149
117	267
117	287
117	320
117	345
117	411
117	466
117	472
117	566
117	623
117	728
117	775
117	964
118	179
118	191
118	195
118	300
118	349
118	509
118	584
118	689
118	720
118	834
118	848
119	163
119	208
119	318
119	328
119	546
119	574
119	663
119	714
119	793
119	948
120	225
120	419
120	500
120	560
120	677
120	704
120	783
120	829
120	850
120	970
121	165
121	176
121	235
121	308
121	321
121	339
121	413
121	471
121	976
122	253
122	263
122	465
122	486
122	545
122	604
122	642
122	660
122	667
122	674
122	878
122	895
122	939
122	971
123	129
123	144
123	175
123	194
123	201
123	233
123	481
123	627
123	763
123	861
123	920
124	355
124	460
124	595
124	652
124	802
124	846
124	867
125	126
125	270
125	300
125	324
125	347
125	476
125	516
125	596
125	686
125	911
125	987
126	338
126	353
126	461
126	490
126	683
126	890
127	181
127	230
127	351
127	358
127	381
127	421
127	559
127	615
127	752
127	855
127	893
128	187
128	241
128	300
128	331
128	455
128	509
128	651
128	734
128	817
128	944
129	171
129	201
129	218
129	241
129	379
129	461
129	582
129	780
129	803
130	263
130	296
130	314
130	324
130	369
130	484
130	487
130	508
130	545
130	664
130	865
130	876
130	907
131	146
131	151
131	415
131	501
131	592
131	815
131	854
131	982
132	307
132	321
132	352
132	364
132	393
132	420
132	456
132	461
132	546
132	595
132	919
133	216
133	260
133	264
133	331
133	360
133	462
133	482
133	796
133	904
133	954
133	958
134	139
134	167
134	228
134	264
134	338
134	355
134	499
134	506
134	517
134	538
134	687
134	870
135	138
135	199
135	205
135	283
135	310
135	343
135	735
135	852
135	925
135	997
136	152
136	158
136	185
136	283
136	341
136	349
136	431
136	455
136	611
136	612
137	174
137	264
137	334
137	434
137	457
137	501
137	645
137	717
137	779
137	892
138	184
138	192
138	228
138	236
138	390
138	456
138	608
138	695
138	952
138	979
139	255
139	393
139	403
139	780
139	824
139	851
140	141
140	320
140	330
140	475
140	606
140	705
140	849
141	198
141	248
141	300
141	348
141	522
141	703
141	722
141	810
142	156
142	190
142	197
142	223
142	330
142	338
142	353
142	522
142	580
142	659
142	741
143	168
143	174
143	238
143	403
143	452
143	478
143	521
143	538
143	695
143	755
143	868
144	295
144	408
144	543
144	575
144	778
144	905
144	991
145	169
145	371
145	402
145	456
145	465
145	731
145	781
145	836
145	997
146	185
146	340
146	360
146	501
146	523
146	586
146	690
147	202
147	310
147	358
147	473
147	484
147	489
147	828
148	149
148	160
148	170
148	190
148	198
148	211
148	502
148	596
148	673
149	320
149	426
149	453
149	472
149	480
149	610
150	155
150	224
150	366
150	443
150	535
150	541
150	560
150	591
150	632
150	697
150	758
150	786
151	207
151	249
151	546
151	699
151	780
151	815
151	884
152	157
152	173
152	198
152	248
152	348
152	420
152	534
152	611
152	765
153	254
153	290
153	309
153	334
153	461
153	504
153	553
153	715
153	766
153	802
153	878
154	191
154	223
154	468
154	612
154	774
154	837
154	897
154	988
155	400
155	405
155	507
155	796
155	907
155	959
156	172
156	206
156	353
156	458
156	629
156	649
156	792
156	857
157	170
157	173
157	211
157	226
157	265
157	694
157	765
158	188
158	345
158	356
158	458
158	547
158	587
158	656
158	989
159	174
159	463
159	509
159	620
159	677
159	867
159	917
160	186
160	198
160	211
160	227
160	363
160	375
160	563
160	655
160	718
161	218
161	239
161	241
161	424
161	644
161	947
161	988
162	198
162	345
162	372
162	447
162	547
162	660
162	716
162	829
162	891
163	174
163	204
163	221
163	288
163	299
163	355
163	384
163	725
163	850
164	212
164	217
164	269
164	671
164	974
164	985
165	176
165	210
165	290
165	324
165	409
165	590
165	686
165	837
166	219
166	234
166	319
166	369
166	543
166	583
166	609
166	633
166	642
166	831
167	310
167	333
167	343
167	391
167	472
167	715
167	767
167	785
168	186
168	238
168	250
168	436
168	626
168	845
168	984
169	198
169	346
169	535
169	546
169	786
170	320
170	516
170	566
170	603
170	709
170	803
170	938
171	195
171	278
171	397
171	523
172	247
172	301
172	309
172	540
172	544
172	651
172	925
173	188
173	193
173	440
173	493
173	547
173	609
173	628
174	335
174	576
174	666
174	720
174	761
174	943
175	197
175	277
175	398
175	485
175	549
175	624
175	817
175	901
176	234
176	403
176	562
176	692
176	718
176	904
177	227
177	229
177	243
177	299
177	338
177	438
177	529
177	644
177	657
177	781
177	792
177	937
178	197
178	200
178	244
178	277
178	327
178	429
178	485
178	496
178	544
178	618
179	237
179	361
179	522
179	881
180	210
180	292
180	300
180	317
180	335
180	383
180	485
180	991
181	324
181	388
181	489
181	543
181	585
181	805
181	831
182	186
182	247
182	295
182	437
182	508
182	577
182	698
182	847
182	890
183	205
183	281
183	378
183	381
183	466
183	551
183	563
183	637
183	694
183	781
184	192
184	231
184	355
184	713
185	237
185	372
185	409
185	537
185	584
185	677
185	712
186	414
186	513
186	768
186	922
187	337
187	729
187	734
188	193
188	248
188	307
188	426
188	451
188	664
188	891
188	931
189	405
189	421
189	561
189	685
189	743
189	756
189	831
190	206
190	215
190	643
190	875
190	904
191	193
191	211
191	344
191	382
191	668
191	839
192	228
192	450
192	521
192	532
192	737
192	930
193	233
193	270
193	426
193	562
193	730
193	861
193	975
194	196
194	218
194	383
194	465
195	274
195	375
195	425
195	449
195	582
195	875
195	896
196	304
196	353
196	387
196	624
196	760
196	951
197	200
197	223
197	290
197	418
197	693
197	965
198	278
198	298
198	502
199	297
199	445
199	503
199	640
199	743
200	206
200	280
200	553
200	862
201	239
201	267
201	347
201	440
201	490
201	820
201	903
202	266
202	319
202	362
202	404
202	468
202	636
202	900
202	967
203	336
203	377
203	577
203	653
203	797
203	874
203	896
204	302
204	492
204	514
204	606
204	872
204	917
205	343
205	366
205	600
205	622
206	223
206	281
206	618
206	692
206	745
207	389
207	473
207	483
207	486
207	494
207	852
208	224
208	259
208	395
208	404
208	408
208	579
208	613
209	283
209	331
209	512
209	552
209	828
209	999
210	270
210	584
210	670
210	832
211	219
211	426
211	516
211	629
211	784
211	953
212	269
212	415
212	494
212	512
212	551
213	288
213	307
213	333
213	416
213	521
213	524
213	539
213	737
213	833
213	925
214	490
214	546
214	572
215	244
215	294
215	504
215	607
215	618
215	876
216	499
216	506
216	548
216	602
216	943
217	291
217	349
217	412
217	514
218	387
219	302
219	472
219	491
219	578
219	610
219	656
219	938
220	316
220	380
220	527
220	554
220	646
220	714
220	825
221	470
221	721
221	757
221	806
221	811
221	871
222	228
222	305
222	529
222	590
222	596
222	668
222	674
223	334
223	368
223	580
223	629
224	310
224	418
224	821
224	921
225	238
225	248
225	278
225	513
225	908
226	247
226	326
226	406
226	458
226	544
226	573
226	682
226	702
226	716
227	308
227	338
227	360
227	436
227	467
227	614
227	683
228	304
228	417
228	940
229	244
229	306
229	621
229	649
229	711
229	746
229	781
230	354
230	386
231	264
231	361
231	384
231	411
231	518
231	567
231	684
231	889
232	244
232	341
232	435
232	689
232	791
232	820
232	962
233	438
233	501
233	521
233	533
233	717
233	922
234	270
234	292
234	508
234	691
234	702
234	886
235	273
235	317
235	334
235	409
235	497
235	628
235	955
236	316
236	357
236	384
236	404
237	278
237	382
237	634
238	282
238	380
238	811
239	300
239	304
239	398
239	715
240	266
240	303
240	346
240	418
240	427
240	612
240	617
240	906
241	274
241	306
241	502
241	662
241	897
242	293
242	321
242	350
242	466
242	542
242	621
242	721
242	768
242	966
243	271
243	302
243	332
243	437
243	597
243	621
243	646
244	350
244	626
244	633
244	726
244	901
245	286
245	392
245	519
245	661
245	669
245	764
245	807
245	931
246	315
246	336
246	432
246	450
246	545
246	557
246	633
246	998
247	296
247	496
247	540
247	545
247	805
248	814
248	871
248	967
248	989
249	271
249	421
249	707
249	988
250	363
250	496
250	594
250	687
250	952
250	966
251	316
251	318
251	328
251	433
251	579
251	603
251	817
252	262
252	285
252	289
252	465
252	593
252	821
253	439
253	515
253	543
253	647
253	832
253	863
254	405
254	489
254	915
254	950
255	386
255	569
255	687
255	969
256	275
256	381
256	395
256	503
256	601
256	809
256	957
257	381
257	410
257	565
257	648
257	928
257	977
258	259
258	446
258	775
258	928
258	977
259	336
259	492
259	859
260	333
260	374
260	419
260	441
260	509
260	684
260	827
260	940
260	993
261	323
261	421
261	451
261	580
261	599
261	915
261	921
262	322
262	401
262	535
262	571
262	772
262	813
262	950
263	277
263	279
263	285
263	664
264	391
264	771
264	856
265	342
265	392
265	414
265	424
265	616
265	684
266	276
266	301
266	383
266	790
266	978
267	456
267	505
267	538
267	616
267	717
267	858
267	898
268	335
268	592
268	818
269	497
269	779
269	982
270	377
270	431
270	655
270	759
271	335
271	354
271	356
271	494
271	738
271	921
272	281
272	357
272	434
272	441
272	539
272	579
272	655
273	277
273	537
273	580
273	924
274	374
274	660
275	318
275	503
275	588
276	604
276	723
276	758
276	967
276	975
277	449
277	495
277	646
277	853
277	948
278	305
278	430
278	609
278	689
279	344
279	411
279	453
279	505
279	623
279	724
279	738
280	430
280	522
280	689
280	706
280	878
280	962
281	394
281	436
281	727
281	998
282	348
282	407
282	408
282	711
282	726
282	949
282	966
283	318
283	371
283	437
283	534
283	730
284	448
284	473
284	557
284	647
284	773
284	833
285	423
285	495
285	508
285	860
285	876
285	879
286	316
286	477
286	519
286	533
286	625
286	738
286	836
287	447
287	566
287	581
287	599
287	771
287	942
288	295
288	328
288	588
288	782
289	367
289	905
289	913
289	928
289	956
289	957
290	387
290	441
290	660
290	769
290	906
291	449
291	641
291	774
291	842
291	947
292	510
292	634
292	820
292	937
293	494
293	645
293	711
293	724
294	430
294	432
294	521
294	716
294	863
294	879
294	895
294	989
295	314
295	358
295	460
296	614
296	627
296	642
297	399
297	445
297	498
297	605
298	343
298	380
298	503
298	565
298	604
298	880
298	946
299	374
299	391
299	549
299	952
300	617
300	665
300	939
301	429
301	666
301	704
301	849
302	357
302	601
302	928
303	423
303	569
303	678
303	680
303	821
303	970
304	618
304	745
305	376
305	674
305	871
306	338
306	398
306	435
306	873
307	342
307	352
307	400
307	443
308	711
308	918
308	963
309	476
309	504
309	748
310	556
311	381
311	395
311	657
311	945
312	392
312	475
312	491
312	547
312	673
312	719
312	728
312	972
313	337
313	510
313	662
313	668
313	676
313	712
314	487
314	728
314	805
315	427
315	585
315	593
315	825
315	863
316	492
316	565
316	714
317	361
317	376
317	507
317	918
318	343
318	537
318	663
319	393
319	525
319	545
319	575
319	747
319	865
320	359
320	370
320	610
321	437
321	718
321	759
322	518
322	672
322	961
322	968
323	369
323	477
323	524
323	611
323	758
324	495
324	847
324	888
324	890
325	425
325	518
325	675
325	751
326	348
326	398
326	682
326	991
327	353
327	479
327	651
327	659
327	802
328	399
328	406
328	701
328	854
328	981
329	526
329	529
329	726
329	769
329	918
329	962
330	670
330	951
330	965
331	523
331	625
331	856
331	889
332	402
332	420
332	493
332	534
334	337
336	468
336	479
336	630
336	840
337	650
337	741
337	799
338	356
338	644
339	346
339	447
339	658
340	570
340	585
340	737
340	870
341	482
342	591
343	730
343	732
344	359
344	502
344	511
344	762
344	885
345	350
345	519
345	747
345	823
346	356
346	680
347	467
347	561
347	944
348	375
348	451
348	655
348	804
348	953
349	877
349	903
349	947
350	356
350	434
350	596
350	807
350	943
350	962
351	354
351	380
351	449
351	479
351	808
351	910
352	386
352	403
352	611
352	922
352	975
353	775
353	887
354	372
354	638
354	982
355	417
355	438
355	754
355	771
356	788
357	406
357	695
357	933
357	945
358	557
359	411
359	491
359	623
360	400
360	531
361	562
362	528
362	552
362	631
362	708
363	500
363	602
363	709
364	374
364	622
364	719
364	995
365	377
365	439
365	452
365	464
365	495
365	999
366	459
366	731
366	938
367	530
367	776
367	798
368	433
368	589
368	706
369	582
369	636
369	831
369	832
370	577
370	832
371	391
371	450
371	673
371	694
372	431
372	547
372	778
373	429
373	466
373	586
373	972
374	556
374	710
374	765
375	703
375	742
376	476
376	670
376	834
376	895
377	395
377	479
377	908
378	390
378	563
378	636
378	725
378	940
379	389
379	584
381	699
382	537
382	573
382	720
383	397
383	976
384	668
384	798
384	908
384	958
385	489
385	739
385	900
385	915
386	469
386	786
387	409
387	440
387	986
388	633
388	847
389	421
389	653
389	669
389	817
389	992
390	404
390	417
390	852
391	731
392	560
392	641
392	679
392	783
392	823
393	497
394	539
394	835
394	931
395	404
395	558
395	637
396	514
396	569
396	635
396	990
397	712
398	612
399	479
399	899
399	933
400	556
400	690
401	405
401	608
402	866
403	565
404	588
405	422
405	464
405	496
406	731
406	995
407	621
407	723
407	752
407	774
408	520
408	626
408	793
409	778
409	951
410	480
410	733
410	942
410	953
411	481
411	525
411	717
413	659
413	924
414	538
414	704
414	833
415	572
416	830
416	851
416	885
417	956
418	428
418	576
419	531
419	548
419	667
419	676
419	844
420	800
421	530
421	949
422	528
422	784
422	914
422	978
423	427
423	695
423	905
424	493
424	544
424	661
424	676
425	467
425	749
425	799
426	656
426	742
427	559
427	681
427	916
428	439
428	672
428	791
428	863
429	858
429	997
430	484
430	791
432	453
432	543
432	712
433	458
433	651
433	659
434	457
434	724
435	872
435	909
435	947
435	980
436	453
436	619
436	859
437	769
437	770
438	568
438	732
438	849
438	850
439	648
440	449
440	453
440	686
440	746
441	701
441	760
442	649
442	894
444	527
444	564
444	652
444	679
444	989
445	468
446	815
446	917
447	803
447	927
448	733
449	582
449	772
450	780
450	985
451	508
451	667
451	845
452	666
452	696
452	844
452	899
452	978
453	586
454	506
454	701
455	490
455	552
455	665
456	735
457	527
457	560
457	673
457	839
457	918
459	551
459	571
459	663
459	981
459	995
460	492
460	530
461	476
462	636
462	692
462	727
463	570
463	850
464	525
464	698
464	818
465	968
466	704
466	943
467	603
467	753
468	882
468	992
469	549
469	616
469	919
469	971
470	554
470	836
470	862
471	576
471	766
472	578
473	800
473	807
473	983
474	503
474	713
474	906
475	642
475	794
475	803
475	942
476	746
477	599
478	696
480	491
480	553
481	545
481	809
481	920
481	987
482	617
482	622
482	787
482	925
483	498
483	773
483	884
483	969
484	555
484	914
485	510
486	983
487	496
487	550
488	579
488	634
488	785
488	976
489	736
490	634
493	586
495	805
495	895
496	540
497	913
497	969
498	840
499	527
499	643
499	694
499	845
500	626
500	812
501	690
502	964
504	745
504	770
505	570
505	757
505	766
505	789
506	719
506	995
507	912
508	916
509	510
509	749
510	996
511	554
511	814
511	856
512	575
512	906
513	529
513	586
513	638
513	977
515	629
515	813
515	848
516	728
517	567
517	1000
518	654
518	669
518	695
519	808
519	856
519	916
520	853
522	750
524	816
524	865
525	822
526	755
526	883
526	962
526	988
527	542
527	725
527	892
528	869
528	874
528	914
529	792
530	742
530	867
531	930
532	763
532	873
532	897
533	677
533	892
533	898
533	922
534	622
534	954
535	566
535	568
535	637
535	671
536	552
536	671
536	840
538	958
539	788
540	682
541	690
541	796
542	652
542	811
542	868
543	835
543	881
544	693
545	604
546	626
547	654
548	701
548	721
548	997
549	807
550	992
551	557
553	587
554	632
554	934
555	678
555	688
555	841
555	860
556	595
556	637
556	835
556	946
557	559
557	977
558	593
559	893
560	879
561	993
562	650
562	939
563	779
563	790
564	706
564	973
565	661
565	846
567	862
568	757
569	576
569	710
570	602
570	717
571	885
574	699
575	612
575	822
577	723
578	709
578	795
579	872
580	705
581	623
581	729
581	794
583	587
585	829
585	899
586	705
588	595
589	881
589	916
590	749
591	625
591	767
592	942
593	847
593	896
594	764
594	797
595	767
596	765
598	820
599	926
599	983
600	645
600	656
601	912
602	608
602	797
603	635
605	702
605	876
605	971
605	998
608	622
608	789
609	861
610	645
610	854
611	722
613	678
613	772
615	622
616	697
617	691
618	816
619	637
619	652
619	807
619	902
620	864
624	761
627	777
627	988
628	766
628	924
628	936
630	881
630	991
631	675
631	693
631	694
631	857
632	754
632	849
633	860
634	826
635	808
635	893
635	957
638	733
638	750
639	830
640	703
640	961
642	888
644	744
644	859
645	768
646	801
647	672
647	888
647	912
648	869
648	870
648	945
649	660
650	674
651	706
652	827
653	740
653	800
653	998
654	946
655	848
657	678
657	980
658	968
658	981
659	700
659	955
661	713
661	984
663	714
663	752
665	937
667	731
668	927
669	776
670	759
670	812
671	814
673	806
674	927
675	928
676	721
676	925
676	986
677	762
678	680
678	792
679	922
679	984
680	763
681	713
681	909
682	802
682	985
683	744
683	763
683	905
683	980
684	889
685	739
685	972
687	838
688	864
688	874
689	821
690	997
693	833
697	713
697	858
698	736
698	879
699	775
700	857
701	801
702	903
703	971
704	785
705	761
705	930
706	866
707	740
707	900
708	870
709	728
711	753
711	937
716	722
720	839
722	936
725	934
726	762
732	772
735	804
736	784
737	738
740	882
740	956
741	788
742	920
743	983
744	747
744	763
745	842
746	965
747	818
750	890
750	909
751	782
751	968
752	966
753	927
753	932
756	830
756	996
757	823
758	797
761	773
762	822
764	849
765	984
767	950
767	976
770	783
771	779
773	838
773	910
777	904
787	814
787	824
787	901
789	843
789	917
790	899
791	873
793	990
795	973
796	823
796	880
798	940
799	845
799	932
800	921
801	867
801	869
803	960
804	891
804	953
804	975
805	883
810	836
812	827
812	868
812	993
813	819
816	921
818	887
821	957
822	923
824	867
825	982
827	955
829	894
831	916
839	918
840	992
841	866
843	868
845	920
848	936
852	913
853	889
858	954
869	976
877	979
882	994
883	907
886	936
891	901
893	954
898	952
898	958
903	911
911	1000
919	952
919	978
926	967
933	957
935	970
950	961
