1	9
1	17
1	20
1	26
1	28
1	31
1	46
1	58
1	65
1	73
1	76
1	77
1	92
1	137
1	148
1	215
1	219
1	233
1	255
1	260
1	261
1	294
1	297
1	335
1	345
1	357
1	412
1	416
1	460
1	502
1	527
1	543
1	589
1	637
1	692
1	716
1	723
1	741
1	786
1	810
1	832
1	840
1	843
1	870
1	872
1	916
1	919
1	929
1	981
1	994
2	4
2	7
2	12
2	18
2	21
2	23
2	32
2	39
2	47
2	55
2	59
2	64
2	96
2	97
2	103
2	104
2	116
2	117
2	139
2	159
2	163
2	182
2	189
2	203
2	229
2	239
2	244
2	301
2	307
2	316
2	317
2	322
2	328
2	406
2	447
2	453
2	460
2	465
2	472
2	491
2	556
2	636
2	702
2	717
2	734
2	743
2	783
2	852
3	18
3	28
3	30
3	32
3	33
3	34
3	45
3	58
3	63
3	79
3	80
3	106
3	110
3	152
3	154
3	195
3	230
3	274
3	316
3	333
3	339
3	346
3	378
3	379
3	424
3	428
3	482
3	547
3	561
3	587
3	656
3	684
3	703
3	705
3	708
3	712
3	771
3	802
3	835
3	838
3	848
3	880
3	882
3	891
3	931
3	973
3	999
4	6
4	12
4	18
4	21
4	32
4	49
4	50
4	55
4	57
4	64
4	104
4	105
4	127
4	131
4	141
4	146
4	158
4	198
4	201
4	202
4	212
4	276
4	373
4	375
4	382
4	390
4	391
4	394
4	406
4	412
4	413
4	417
4	503
4	525
4	560
4	577
4	594
4	675
4	676
4	757
4	835
4	943
4	961
4	963
4	984
5	9
5	23
5	35
5	51
5	58
5	62
5	75
5	79
5	93
5	107
5	149
5	152
5	161
5	178
5	207
5	214
5	230
5	250
5	275
5	282
5	303
5	306
5	311
5	315
5	318
5	325
5	330
5	333
5	370
5	403
5	410
5	435
5	451
5	457
5	470
5	487
5	505
5	531
5	567
5	620
5	749
5	752
5	762
5	931
5	937
6	14
6	18
6	20
6	22
6	30
6	35
6	39
6	44
6	49
6	54
6	64
6	67
6	69
6	73
6	83
6	103
6	128
6	146
6	153
6	158
6	159
6	213
6	229
6	294
6	299
6	304
6	413
6	414
6	451
6	501
6	518
6	553
6	560
6	566
6	607
6	659
6	667
6	670
6	676
6	701
6	779
6	846
6	930
6	974
7	10
7	15
7	16
7	20
7	30
7	35
7	45
7	49
7	58
7	67
7	74
7	82
7	87
7	98
7	105
7	114
7	139
7	145
7	154
7	171
7	198
7	201
7	228
7	267
7	289
7	305
7	310
7	313
7	336
7	367
7	414
7	441
7	449
7	450
7	481
7	518
7	522
7	529
7	863
7	876
7	950
7	952
7	968
7	989
8	15
8	23
8	25
8	28
8	31
8	43
8	45
8	49
8	60
8	63
8	73
8	75
8	87
8	109
8	110
8	115
8	175
8	181
8	184
8	210
8	297
8	325
8	327
8	334
8	434
8	442
8	449
8	501
8	570
8	575
8	580
8	603
8	614
8	619
8	647
8	666
8	743
8	746
8	781
8	891
8	893
8	918
8	941
8	1000
9	15
9	24
9	26
9	51
9	52
9	59
9	62
9	65
9	73
9	107
9	154
9	196
9	197
9	200
9	233
9	246
9	280
9	303
9	354
9	369
9	374
9	375
9	392
9	403
9	412
9	422
9	435
9	467
9	497
9	499
9	529
9	552
9	570
9	597
9	629
9	853
9	856
9	858
9	886
9	893
9	989
10	14
10	24
10	56
10	77
10	81
10	95
10	119
10	123
10	136
10	138
10	156
10	167
10	178
10	188
10	200
10	214
10	224
10	274
10	345
10	395
10	399
10	401
10	424
10	455
10	459
10	478
10	509
10	520
10	524
10	533
10	556
10	584
10	604
10	617
10	618
10	682
10	694
10	802
10	906
10	938
10	1000
11	13
11	19
11	20
11	23
11	27
11	31
11	40
11	51
11	69
11	76
11	78
11	82
11	97
11	113
11	116
11	128
11	145
11	173
11	211
11	220
11	227
11	231
11	309
11	310
11	373
11	423
11	430
11	467
11	471
11	499
11	536
11	586
11	657
11	669
11	674
11	710
11	742
11	812
11	864
11	946
11	958
12	14
12	20
12	21
12	24
12	54
12	84
12	89
12	97
12	103
12	110
12	112
12	116
12	117
12	163
12	202
12	203
12	204
12	230
12	239
12	266
12	286
12	288
12	295
12	307
12	327
12	372
12	375
12	479
12	551
12	554
12	587
12	611
12	639
12	650
12	654
12	700
12	736
12	882
13	19
13	25
13	26
13	29
13	31
13	36
13	44
13	64
13	69
13	85
13	90
13	99
13	122
13	129
13	168
13	178
13	193
13	218
13	226
13	231
13	308
13	309
13	324
13	411
13	423
13	530
13	532
13	559
13	584
13	610
13	645
13	668
13	776
13	864
13	886
13	888
13	938
13	973
13	999
14	22
14	29
14	36
14	41
14	55
14	58
14	81
14	91
14	95
14	119
14	123
14	132
14	164
14	182
14	224
14	232
14	254
14	271
14	273
14	315
14	343
14	366
14	418
14	424
14	430
14	498
14	505
14	524
14	544
14	605
14	674
14	695
14	769
14	795
14	796
14	807
14	976
15	31
15	43
15	51
15	72
15	75
15	90
15	93
15	130
15	140
15	142
15	154
15	157
15	186
15	188
15	192
15	240
15	264
15	291
15	344
15	361
15	434
15	491
15	525
15	544
15	644
15	677
15	697
15	702
15	704
15	744
15	748
15	827
15	839
15	846
15	880
15	918
15	959
16	22
16	34
16	45
16	56
16	66
16	67
16	74
16	78
16	81
16	89
16	92
16	98
16	99
16	105
16	124
16	154
16	183
16	184
16	200
16	201
16	204
16	228
16	267
16	283
16	290
16	318
16	332
16	425
16	438
16	462
16	573
16	635
16	645
16	671
16	678
16	690
16	751
16	875
17	18
17	23
17	29
17	45
17	49
17	77
17	96
17	112
17	117
17	120
17	138
17	173
17	178
17	204
17	237
17	255
17	274
17	304
17	307
17	312
17	317
17	382
17	409
17	413
17	422
17	501
17	564
17	566
17	580
17	594
17	641
17	670
17	706
17	743
17	783
17	797
17	799
17	947
18	43
18	47
18	57
18	66
18	74
18	80
18	88
18	97
18	128
18	158
18	177
18	178
18	186
18	211
18	241
18	244
18	286
18	342
18	353
18	391
18	406
18	412
18	425
18	458
18	567
18	619
18	673
18	696
18	706
18	777
18	783
18	856
18	933
19	20
19	26
19	33
19	46
19	69
19	71
19	99
19	122
19	136
19	145
19	162
19	179
19	181
19	219
19	228
19	235
19	285
19	309
19	334
19	335
19	341
19	348
19	359
19	436
19	443
19	542
19	620
19	637
19	680
19	760
19	806
19	862
19	869
19	928
19	939
19	959
20	26
20	31
20	32
20	33
20	46
20	53
20	82
20	86
20	123
20	143
20	157
20	172
20	173
20	177
20	186
20	201
20	215
20	233
20	234
20	235
20	275
20	297
20	571
20	578
20	669
20	765
20	820
20	843
20	872
20	877
20	893
20	904
21	37
21	49
21	51
21	55
21	62
21	72
21	88
21	96
21	104
21	116
21	130
21	189
21	208
21	234
21	238
21	241
21	248
21	268
21	274
21	321
21	377
21	389
21	393
21	400
21	454
21	484
21	529
21	551
21	647
21	684
21	685
21	759
21	789
21	908
21	956
22	45
22	67
22	73
22	74
22	88
22	89
22	98
22	112
22	117
22	121
22	182
22	200
22	231
22	235
22	265
22	299
22	317
22	333
22	404
22	453
22	462
22	523
22	573
22	586
22	628
22	738
22	741
22	750
22	765
22	784
22	837
22	858
22	863
22	869
22	942
23	27
23	39
23	47
23	100
23	110
23	117
23	134
23	147
23	148
23	149
23	162
23	168
23	185
23	212
23	245
23	279
23	282
23	393
23	405
23	504
23	591
23	616
23	680
23	681
23	694
23	708
23	736
23	770
23	821
23	860
23	954
23	962
23	987
24	25
24	27
24	31
24	32
24	38
24	43
24	52
24	55
24	66
24	83
24	87
24	93
24	103
24	160
24	162
24	163
24	189
24	255
24	292
24	315
24	361
24	430
24	473
24	503
24	519
24	584
24	608
24	676
24	703
24	777
24	899
24	908
24	911
24	924
25	27
25	39
25	42
25	44
25	56
25	62
25	68
25	69
25	92
25	101
25	124
25	129
25	135
25	140
25	174
25	210
25	221
25	272
25	379
25	447
25	505
25	506
25	510
25	566
25	569
25	575
25	617
25	643
25	661
25	664
25	679
25	704
25	871
25	980
26	31
26	41
26	65
26	69
26	73
26	77
26	82
26	92
26	105
26	106
26	113
26	122
26	141
26	186
26	197
26	227
26	290
26	297
26	351
26	358
26	364
26	381
26	400
26	493
26	522
26	537
26	679
26	893
26	951
26	952
26	981
26	992
27	38
27	42
27	52
27	67
27	77
27	98
27	108
27	134
27	155
27	181
27	225
27	242
27	287
27	293
27	391
27	393
27	427
27	428
27	429
27	446
27	535
27	541
27	560
27	612
27	685
27	736
27	758
27	782
27	789
27	808
27	876
27	908
27	954
28	30
28	37
28	43
28	60
28	79
28	85
28	101
28	118
28	126
28	130
28	133
28	165
28	210
28	283
28	329
28	363
28	395
28	417
28	431
28	444
28	448
28	525
28	547
28	567
28	571
28	610
28	631
28	636
28	709
28	711
28	782
28	799
28	917
28	986
29	31
29	35
29	79
29	81
29	90
29	96
29	111
29	156
29	179
29	213
29	281
29	289
29	294
29	305
29	306
29	344
29	346
29	388
29	395
29	425
29	469
29	489
29	520
29	553
29	574
29	578
29	651
29	661
29	727
29	742
29	841
29	865
29	944
30	41
30	42
30	64
30	74
30	101
30	106
30	152
30	154
30	162
30	243
30	251
30	267
30	277
30	287
30	314
30	347
30	363
30	388
30	462
30	521
30	533
30	534
30	562
30	569
30	603
30	667
30	688
30	773
30	821
30	869
30	945
30	999
31	34
31	36
31	37
31	62
31	76
31	117
31	122
31	132
31	149
31	156
31	178
31	186
31	225
31	263
31	271
31	275
31	304
31	348
31	432
31	510
31	578
31	609
31	610
31	689
31	843
31	894
31	911
32	53
32	64
32	92
32	97
32	109
32	133
32	148
32	178
32	187
32	195
32	208
32	254
32	274
32	384
32	396
32	410
32	419
32	422
32	436
32	439
32	548
32	554
32	567
32	734
32	797
32	847
32	852
32	897
32	938
32	977
32	985
33	38
33	49
33	50
33	80
33	83
33	103
33	116
33	143
33	149
33	153
33	200
33	209
33	218
33	237
33	258
33	261
33	272
33	317
33	347
33	363
33	368
33	425
33	432
33	564
33	634
33	650
33	754
33	765
33	832
33	917
33	964
33	994
34	44
34	51
34	56
34	62
34	68
34	71
34	81
34	95
34	100
34	122
34	125
34	174
34	175
34	181
34	236
34	262
34	291
34	331
34	415
34	511
34	535
34	607
34	621
34	670
34	709
34	816
34	830
34	928
34	936
34	963
34	984
35	49
35	51
35	54
35	55
35	65
35	83
35	93
35	126
35	237
35	255
35	278
35	288
35	304
35	306
35	377
35	386
35	420
35	422
35	448
35	459
35	485
35	503
35	558
35	730
35	793
35	822
35	877
35	896
35	935
36	51
36	85
36	122
36	126
36	144
36	149
36	153
36	164
36	166
36	174
36	179
36	207
36	262
36	364
36	368
36	411
36	425
36	441
36	515
36	520
36	566
36	614
36	635
36	731
36	775
36	864
36	905
36	959
37	47
37	60
37	68
37	95
37	121
37	144
37	146
37	149
37	166
37	167
37	212
37	219
37	240
37	248
37	260
37	296
37	300
37	302
37	343
37	356
37	368
37	420
37	539
37	618
37	661
37	665
37	695
37	979
38	42
38	46
38	52
38	108
38	131
38	160
38	166
38	207
38	259
38	315
38	319
38	381
38	434
38	492
38	529
38	644
38	680
38	692
38	704
38	707
38	752
38	832
38	884
38	894
38	925
38	962
38	964
39	57
39	61
39	96
39	115
39	125
39	126
39	134
39	181
39	240
39	243
39	253
39	263
39	280
39	282
39	335
39	372
39	417
39	429
39	476
39	532
39	593
39	806
39	833
39	900
39	937
39	939
40	63
40	64
40	67
40	140
40	144
40	160
40	164
40	198
40	205
40	217
40	223
40	238
40	271
40	346
40	420
40	483
40	493
40	516
40	524
40	556
40	603
40	638
40	677
40	708
40	809
40	827
40	948
40	953
40	967
41	43
41	80
41	81
41	138
41	156
41	182
41	221
41	224
41	228
41	238
41	260
41	273
41	280
41	284
41	322
41	332
41	345
41	388
41	401
41	475
41	489
41	494
41	500
41	526
41	557
41	786
42	52
42	58
42	68
42	91
42	98
42	105
42	139
42	154
42	171
42	282
42	287
42	355
42	385
42	401
42	414
42	452
42	506
42	529
42	586
42	667
42	738
42	750
42	758
42	875
42	939
43	54
43	81
43	93
43	100
43	138
43	166
43	182
43	193
43	207
43	221
43	236
43	242
43	346
43	388
43	579
43	633
43	664
43	702
43	787
43	821
43	834
43	920
43	948
44	46
44	56
44	58
44	61
44	62
44	68
44	111
44	125
44	174
44	206
44	207
44	208
44	238
44	241
44	262
44	291
44	323
44	387
44	397
44	399
44	433
44	711
44	756
44	909
44	990
45	51
45	78
45	102
45	107
45	110
45	201
45	228
45	251
45	258
45	277
45	285
45	288
45	298
45	353
45	375
45	396
45	427
45	482
45	636
45	692
45	787
45	854
45	901
46	52
46	71
46	96
46	126
46	173
46	235
46	237
46	263
46	349
46	351
46	359
46	436
46	493
46	503
46	532
46	582
46	666
46	691
46	723
46	724
46	731
46	838
46	917
46	946
47	55
47	60
47	81
47	86
47	126
47	131
47	148
47	159
47	251
47	253
47	291
47	484
47	486
47	542
47	545
47	592
47	716
47	732
47	766
47	769
47	792
47	951
47	972
47	991
48	52
48	53
48	66
48	72
48	86
48	94
48	109
48	112
48	124
48	146
48	176
48	207
48	225
48	231
48	234
48	247
48	299
48	315
48	389
48	448
48	450
48	495
48	526
48	550
48	682
48	850
48	865
48	920
49	83
49	127
49	213
49	215
49	296
49	311
49	337
49	351
49	381
49	465
49	485
49	496
49	583
49	608
49	642
49	739
49	748
49	890
49	964
50	54
50	64
50	82
50	116
50	117
50	128
50	138
50	144
50	163
50	193
50	229
50	342
50	350
50	351
50	382
50	466
50	541
50	560
50	585
50	608
50	630
50	819
50	840
50	845
50	991
51	54
51	59
51	104
51	137
51	180
51	193
51	226
51	461
51	519
51	552
51	559
51	625
51	644
51	765
51	861
51	900
51	978
51	983
52	67
52	87
52	102
52	138
52	190
52	215
52	230
52	276
52	349
52	355
52	398
52	407
52	409
52	421
52	487
52	490
52	492
52	641
52	671
52	919
53	58
53	67
53	78
53	105
53	117
53	152
53	171
53	198
53	235
53	244
53	285
53	293
53	310
53	333
53	407
53	426
53	525
53	586
53	633
53	714
53	750
53	903
53	945
53	987
54	57
54	62
54	161
54	170
54	194
54	244
54	288
54	296
54	362
54	384
54	392
54	591
54	629
54	656
54	674
54	746
54	828
54	907
54	914
54	982
55	57
55	87
55	94
55	97
55	148
55	202
55	208
55	358
55	387
55	393
55	451
55	458
55	542
55	576
55	614
55	734
55	740
55	747
55	829
56	58
56	62
56	96
56	155
56	188
56	190
56	204
56	226
56	261
56	318
56	387
56	392
56	405
56	444
56	447
56	709
56	724
56	802
56	805
56	848
56	991
57	87
57	97
57	125
57	132
57	144
57	171
57	206
57	211
57	274
57	311
57	371
57	445
57	481
57	489
57	545
57	619
57	653
57	662
57	690
57	720
57	731
58	83
58	105
58	114
58	160
58	174
58	201
58	220
58	262
58	279
58	339
58	427
58	463
58	603
58	711
58	755
58	809
58	974
59	65
59	73
59	94
59	96
59	113
59	115
59	164
59	167
59	191
59	207
59	217
59	257
59	279
59	430
59	519
59	545
59	635
59	707
59	721
59	792
59	822
59	835
60	65
60	106
60	110
60	117
60	118
60	129
60	133
60	160
60	210
60	269
60	314
60	365
60	421
60	464
60	531
60	616
60	691
60	709
60	789
60	933
60	980
61	72
61	76
61	80
61	90
61	103
61	130
61	138
61	324
61	328
61	331
61	350
61	370
61	478
61	549
61	578
61	663
61	664
61	703
61	727
61	755
61	853
61	926
61	955
62	98
62	100
62	126
62	293
62	300
62	360
62	383
62	394
62	397
62	444
62	507
62	581
62	712
62	896
62	947
62	985
63	79
63	135
63	181
63	210
63	216
63	233
63	283
63	327
63	346
63	376
63	386
63	432
63	537
63	624
63	825
63	873
63	898
63	951
63	960
63	979
63	986
63	998
64	99
64	103
64	141
64	255
64	302
64	342
64	469
64	474
64	493
64	566
64	588
64	622
64	711
64	811
64	813
64	857
64	876
65	115
65	141
65	161
65	167
65	180
65	219
65	227
65	239
65	289
65	296
65	325
65	356
65	415
65	560
65	617
65	673
65	745
65	833
65	968
66	88
66	202
66	208
66	239
66	251
66	254
66	258
66	290
66	301
66	377
66	417
66	421
66	428
66	456
66	551
66	592
66	639
66	767
66	852
66	950
67	98
67	105
67	165
67	211
67	336
67	342
67	414
67	427
67	479
67	590
67	600
67	649
67	705
67	797
67	907
67	939
68	74
68	107
68	129
68	151
68	200
68	214
68	232
68	239
68	243
68	268
68	298
68	303
68	361
68	533
68	568
68	611
68	885
68	980
69	83
69	144
69	170
69	219
69	222
69	235
69	335
69	340
69	341
69	473
69	514
69	698
69	837
69	895
69	914
69	959
69	986
70	71
70	73
70	126
70	136
70	175
70	184
70	187
70	189
70	207
70	230
70	324
70	339
70	345
70	360
70	383
70	410
70	414
70	459
70	461
70	559
70	637
70	757
70	881
71	94
71	100
71	106
71	144
71	151
71	232
71	276
71	296
71	399
71	432
71	435
71	463
71	507
71	512
71	540
71	783
71	895
71	947
71	984
72	78
72	85
72	93
72	108
72	112
72	121
72	191
72	203
72	215
72	449
72	479
72	526
72	530
72	659
72	732
72	738
72	865
72	972
72	988
73	107
73	115
73	170
73	196
73	249
73	304
73	339
73	358
73	365
73	660
73	787
73	807
73	883
73	953
74	89
74	94
74	114
74	139
74	165
74	168
74	191
74	241
74	313
74	324
74	332
74	468
74	604
74	686
74	918
74	993
75	76
75	85
75	140
75	157
75	168
75	226
75	248
75	271
75	318
75	407
75	451
75	454
75	499
75	570
75	617
75	710
75	768
75	864
75	949
76	85
76	95
76	100
76	136
76	166
76	180
76	191
76	225
76	226
76	230
76	248
76	298
76	305
76	471
76	574
76	813
76	887
77	83
77	99
77	143
77	147
77	186
77	308
77	368
77	369
77	473
77	532
77	608
77	611
77	647
77	683
77	834
77	958
78	88
78	106
78	112
78	114
78	126
78	181
78	200
78	201
78	399
78	438
78	555
78	636
78	687
78	688
78	705
78	846
79	133
79	135
79	145
79	292
79	302
79	378
79	421
79	497
79	508
79	513
79	600
79	626
79	631
79	746
79	777
79	891
80	82
80	90
80	123
80	150
80	218
80	242
80	317
80	430
80	457
80	462
80	499
80	508
80	528
80	762
80	778
80	870
81	82
81	84
81	109
81	134
81	182
81	242
81	269
81	340
81	434
81	528
81	672
81	929
81	943
82	122
82	143
82	145
82	154
82	177
82	179
82	186
82	244
82	263
82	305
82	337
82	393
82	623
82	878
83	104
83	139
83	159
83	194
83	203
83	244
83	295
83	317
83	371
83	406
83	743
83	816
83	826
84	92
84	147
84	153
84	231
84	295
84	311
84	321
84	410
84	412
84	439
84	472
84	473
84	521
84	626
84	628
84	647
84	850
84	957
84	961
85	86
85	91
85	93
85	99
85	150
85	151
85	206
85	226
85	342
85	366
85	375
85	467
85	484
85	795
85	869
86	116
86	163
86	171
86	250
86	252
86	372
86	404
86	448
86	490
86	616
86	678
86	760
86	785
86	801
86	810
86	933
86	987
87	170
87	189
87	224
87	371
87	409
87	440
87	604
87	624
87	635
87	654
87	774
87	777
87	842
87	883
88	104
88	172
88	211
88	289
88	396
88	400
88	450
88	458
88	647
88	652
88	889
88	932
88	943
88	949
88	961
89	95
89	124
89	182
89	205
89	213
89	225
89	267
89	270
89	291
89	310
89	313
89	332
89	367
89	409
89	586
89	598
90	122
90	149
90	167
90	189
90	241
90	289
90	357
90	523
90	557
90	582
90	662
90	761
90	775
90	841
90	878
91	109
91	124
91	142
91	147
91	187
91	199
91	306
91	307
91	354
91	355
91	487
91	534
91	578
91	691
91	710
91	796
91	971
92	99
92	107
92	226
92	248
92	261
92	401
92	424
92	515
92	585
92	622
92	705
92	725
92	826
92	834
93	169
93	219
93	323
93	426
93	463
93	574
93	652
93	846
93	863
93	907
93	929
93	933
94	104
94	113
94	148
94	158
94	250
94	311
94	372
94	382
94	446
94	629
94	655
94	707
94	742
94	942
95	99
95	114
95	161
95	215
95	296
95	343
95	350
95	499
95	515
95	544
95	552
95	890
95	976
96	134
96	194
96	203
96	207
96	218
96	369
96	380
96	497
96	668
96	836
96	966
97	116
97	132
97	164
97	226
97	313
97	321
97	468
97	490
97	603
97	740
97	840
97	949
98	121
98	228
98	229
98	272
98	284
98	335
98	349
98	363
98	367
98	412
98	690
98	801
99	157
99	193
99	234
99	309
99	350
99	359
99	468
99	630
99	682
99	764
99	902
100	124
100	151
100	155
100	179
100	228
100	240
100	294
100	360
100	511
100	563
100	613
100	899
101	102
101	228
101	258
101	328
101	329
101	330
101	396
101	402
101	408
101	429
101	431
101	531
101	815
101	918
101	957
102	130
102	150
102	220
102	251
102	307
102	396
102	472
102	484
102	561
102	596
102	658
102	713
102	817
102	957
102	980
103	141
103	195
103	209
103	286
103	337
103	375
103	402
103	540
103	654
103	700
103	813
104	128
104	246
104	312
104	505
104	520
104	554
104	706
104	717
104	718
104	779
104	877
105	111
105	121
105	165
105	267
105	525
105	600
105	605
105	688
105	713
105	922
106	129
106	134
106	326
106	357
106	510
106	628
106	688
106	776
106	886
106	951
106	953
106	968
107	137
107	232
107	319
107	534
107	601
107	692
107	792
107	831
107	868
107	870
107	881
107	885
108	151
108	152
108	200
108	231
108	265
108	276
108	429
108	435
108	440
108	492
108	569
108	750
108	927
108	944
108	988
109	125
109	240
109	349
109	361
109	446
109	602
109	644
109	728
109	761
109	862
109	900
109	984
110	158
110	182
110	210
110	236
110	389
110	419
110	576
110	660
110	666
110	804
110	931
111	123
111	152
111	156
111	167
111	214
111	224
111	322
111	469
111	500
111	674
111	693
111	729
111	831
111	855
112	220
112	237
112	247
112	328
112	330
112	417
112	551
112	628
112	721
112	790
112	798
113	131
113	145
113	147
113	243
113	253
113	308
113	321
113	352
113	379
113	403
113	707
113	712
113	760
114	124
114	142
114	183
114	192
114	199
114	220
114	295
114	347
114	396
114	434
114	793
114	829
115	118
115	187
115	207
115	325
115	380
115	391
115	477
115	543
115	582
115	744
115	759
115	929
116	266
116	301
116	380
116	421
116	466
116	594
116	684
116	764
116	766
117	266
117	290
117	549
117	646
117	779
117	817
117	883
117	992
118	143
118	181
118	192
118	269
118	277
118	334
118	385
118	397
118	464
118	518
118	609
118	658
118	898
119	157
119	164
119	183
119	313
119	314
119	328
119	433
119	436
119	514
119	516
119	531
119	615
119	632
119	655
120	127
120	153
120	234
120	237
120	262
120	295
120	416
120	516
120	532
120	547
120	569
120	592
120	676
120	721
120	866
121	139
121	146
121	176
121	330
121	407
121	439
121	655
121	664
121	668
121	930
121	935
122	172
122	225
122	281
122	294
122	321
122	341
122	557
122	590
123	144
123	158
123	159
123	327
123	345
123	420
123	574
123	656
123	672
123	693
123	801
124	150
124	367
124	411
124	439
124	484
124	562
124	934
124	993
125	175
125	243
125	356
125	424
125	438
125	713
125	849
125	871
125	879
125	887
126	131
126	208
126	209
126	215
126	634
126	904
127	138
127	194
127	229
127	290
127	311
127	352
127	423
127	517
127	646
127	848
127	874
127	995
128	273
128	427
128	459
128	492
128	549
128	589
128	654
128	778
128	895
128	937
129	130
129	190
129	206
129	429
129	496
129	531
129	552
129	587
129	614
129	822
130	157
130	191
130	199
130	210
130	278
130	366
130	638
130	785
130	915
131	182
131	253
131	279
131	331
131	429
131	431
131	475
131	768
131	849
131	912
132	142
132	208
132	212
132	301
132	321
132	428
132	551
132	689
132	836
132	865
132	911
133	140
133	181
133	250
133	259
133	326
133	357
133	419
133	478
133	525
133	621
133	915
134	147
134	165
134	215
134	279
134	353
134	444
134	458
134	583
134	648
135	172
135	175
135	221
135	257
135	340
135	513
135	555
135	603
135	687
135	708
135	794
135	837
136	166
136	221
136	291
136	301
136	373
136	390
136	442
136	486
136	594
136	697
136	965
137	155
137	157
137	185
137	271
137	362
137	399
137	470
137	519
137	644
137	692
137	746
137	883
138	149
138	442
138	480
138	516
138	561
138	675
138	695
139	142
139	198
139	277
139	336
139	357
139	476
139	529
139	796
139	971
140	161
140	216
140	460
140	537
140	539
140	639
140	854
140	889
140	897
141	162
141	234
141	289
141	459
141	470
141	509
141	788
141	805
141	924
142	163
142	178
142	260
142	374
142	463
142	470
142	622
142	629
142	870
143	197
143	218
143	487
143	522
143	740
143	754
143	768
143	807
143	818
144	170
144	339
144	455
144	508
144	665
144	971
145	186
145	213
145	281
145	622
145	698
145	715
145	788
145	970
146	163
146	202
146	407
146	456
146	553
146	571
146	599
146	642
146	853
147	266
147	304
147	320
147	362
147	440
147	592
147	683
147	699
148	189
148	308
148	488
148	538
148	601
148	742
148	824
148	899
149	156
149	209
149	353
149	480
149	527
149	788
150	221
150	253
150	275
150	300
150	359
150	424
150	441
150	663
150	778
150	878
151	190
151	214
151	320
151	453
151	728
151	775
151	828
151	971
151	977
152	329
152	378
152	418
152	631
152	661
152	766
152	874
152	903
153	274
153	473
153	509
153	514
153	564
153	611
153	771
153	807
153	898
154	270
154	378
154	391
154	541
154	616
154	956
155	160
155	190
155	206
155	306
155	413
155	426
155	477
155	561
155	910
155	967
156	198
156	302
156	539
156	613
156	715
156	731
156	788
157	192
157	205
157	236
157	326
157	360
157	733
158	214
158	222
158	265
158	450
158	488
158	494
158	760
159	173
159	195
159	196
159	274
159	344
159	471
159	559
159	711
160	247
160	397
160	455
160	511
160	684
160	687
160	753
161	169
161	241
161	351
161	488
161	576
161	710
161	745
161	881
162	222
162	227
162	235
162	303
162	459
162	530
162	637
162	813
163	252
163	292
163	444
163	709
163	833
163	936
164	367
164	420
164	424
164	682
164	745
164	775
164	795
165	270
165	376
165	482
165	493
165	599
165	758
165	821
165	936
166	366
166	416
166	466
166	524
166	663
166	892
166	955
167	238
167	442
167	478
167	636
167	693
167	727
167	904
168	179
168	239
168	252
168	257
168	338
168	468
168	553
168	798
168	932
169	180
169	214
169	364
169	369
169	387
169	491
169	559
169	839
169	870
169	893
169	907
170	177
170	279
170	407
170	448
170	557
170	673
170	821
170	945
171	205
171	285
171	330
171	444
171	704
171	713
171	770
171	790
172	275
172	306
172	308
172	432
172	541
172	568
172	759
172	851
172	992
173	195
173	223
173	250
173	263
173	294
173	445
173	467
173	542
174	280
174	298
174	467
174	468
174	486
174	546
174	752
174	842
175	183
175	192
175	421
175	432
175	494
175	533
175	726
175	906
176	274
176	276
176	384
176	429
176	454
176	613
176	727
176	818
176	889
176	989
177	209
177	393
177	394
177	454
177	510
177	764
177	864
177	957
178	244
178	314
178	754
178	993
179	294
179	336
179	364
179	478
179	523
179	680
180	246
180	597
180	606
180	748
180	767
180	827
180	845
180	922
181	205
181	651
181	880
182	227
182	383
182	513
183	319
183	336
183	512
183	561
183	579
183	737
183	871
183	910
184	203
184	215
184	299
184	318
184	375
184	496
184	630
184	634
184	900
185	238
185	274
185	343
185	386
185	388
185	398
185	601
185	726
185	983
185	988
186	263
186	286
186	335
186	355
187	203
187	229
187	683
187	774
187	850
187	887
187	888
187	940
188	217
188	222
188	326
188	509
188	565
188	677
188	861
188	899
188	985
189	503
189	675
189	681
189	850
189	930
190	293
190	316
190	387
190	486
190	571
190	576
190	863
191	194
191	404
191	598
191	778
191	920
191	956
191	982
192	273
192	278
192	285
192	447
192	465
192	618
192	698
193	465
193	471
193	479
193	528
193	557
193	715
193	868
194	215
194	244
194	481
194	659
194	777
194	803
194	899
195	220
195	229
195	288
195	428
195	483
195	781
195	882
196	249
196	286
196	355
196	406
196	445
196	491
196	609
196	649
196	827
197	242
197	416
197	425
197	440
197	466
197	527
197	638
197	730
197	938
198	316
198	565
198	673
198	717
198	807
198	956
199	261
199	334
199	477
199	494
199	496
199	516
199	558
199	986
199	990
200	270
200	457
200	562
200	625
201	228
201	240
201	287
201	366
201	858
202	211
202	223
202	269
202	380
202	491
202	502
202	736
203	371
203	438
203	577
203	593
203	856
204	213
204	254
204	318
204	485
204	528
204	567
204	840
204	843
205	221
205	331
205	333
205	422
205	505
205	537
205	809
206	316
206	472
206	482
206	588
206	737
206	910
207	759
208	347
208	461
208	612
208	685
209	358
209	369
209	437
209	661
209	812
209	962
210	270
210	590
210	713
210	942
211	252
211	377
211	456
211	474
211	573
212	356
212	641
212	689
212	717
212	720
212	932
212	950
213	254
213	271
213	602
213	820
213	828
214	457
214	475
214	495
214	904
215	604
216	217
216	345
216	498
216	500
216	651
216	686
216	800
216	839
216	919
217	269
217	365
217	486
217	501
217	530
217	626
217	906
218	262
218	281
218	534
218	613
218	683
218	729
219	310
219	784
219	922
219	928
219	992
220	507
220	667
220	780
220	941
220	972
221	284
221	364
221	365
221	593
222	351
222	368
222	634
222	665
222	715
222	902
222	969
223	313
223	522
223	645
223	751
223	806
223	814
223	943
223	982
224	233
224	252
224	373
224	544
224	656
224	699
225	353
225	439
225	468
225	484
225	741
226	637
226	758
226	873
227	364
227	471
227	638
227	646
227	897
227	996
228	357
228	423
229	282
229	405
229	851
229	867
230	275
230	433
230	487
230	686
230	769
231	373
231	784
231	817
231	901
231	989
232	240
232	543
232	649
232	712
232	749
232	826
232	831
233	403
233	491
233	532
233	540
233	552
233	816
234	389
234	413
234	546
234	659
234	834
235	435
235	476
235	837
235	928
236	415
236	482
236	602
236	648
236	687
236	724
236	1000
237	259
237	286
237	295
237	857
237	995
238	314
238	518
238	751
238	855
238	976
239	264
239	313
239	490
239	699
239	945
240	254
240	262
240	446
240	806
241	304
241	443
241	642
241	755
241	974
242	273
242	278
242	373
242	543
242	787
242	966
243	324
243	326
243	379
243	432
243	536
243	583
244	319
244	372
244	829
245	253
245	270
245	315
245	365
245	376
245	584
245	708
245	856
245	975
246	368
246	494
246	658
246	662
246	812
246	845
246	965
247	389
247	404
247	460
247	535
247	612
247	685
247	825
248	296
248	374
248	517
248	549
248	662
249	253
249	406
249	417
249	581
249	621
249	738
249	793
249	823
250	292
250	410
250	470
250	485
250	744
251	277
251	394
251	633
251	761
251	967
252	264
252	413
252	538
252	547
252	640
253	331
253	794
253	833
254	311
254	362
254	535
254	793
255	339
255	362
255	437
255	465
255	551
256	316
256	347
256	350
256	353
256	405
256	588
256	590
256	664
256	799
256	812
257	261
257	408
257	483
257	629
257	715
257	859
257	926
258	325
258	353
258	396
258	405
258	631
258	942
259	262
259	398
259	454
259	488
259	494
259	563
259	719
260	597
260	624
260	649
260	697
260	786
260	978
261	442
261	623
261	665
261	803
262	280
262	446
263	275
263	312
263	701
263	710
264	269
264	301
264	538
264	623
264	640
264	824
264	844
265	272
265	302
265	346
265	533
265	652
265	655
265	943
266	295
266	300
266	409
266	521
266	714
266	877
267	427
267	438
267	451
267	546
267	890
268	328
268	341
268	525
268	580
268	845
268	880
268	915
268	941
269	313
269	370
269	447
269	518
270	573
270	633
270	844
270	960
271	345
271	381
271	562
271	763
272	273
272	298
272	334
272	442
272	579
272	652
273	302
273	326
273	469
273	965
275	344
275	495
275	884
276	323
276	404
276	653
276	826
276	925
277	310
277	519
277	577
277	625
277	716
278	421
278	492
278	557
278	626
278	679
278	723
279	359
279	404
279	702
279	867
280	282
280	283
280	296
280	585
280	772
281	294
281	297
281	618
281	627
281	756
281	814
282	300
282	319
282	545
282	772
283	354
283	494
283	506
283	634
283	934
283	960
284	497
284	498
284	556
284	733
284	781
284	847
284	998
285	419
285	460
285	561
285	669
285	842
286	292
286	564
286	784
286	851
287	349
287	479
287	504
287	512
287	719
287	950
288	369
288	502
288	876
288	889
288	994
289	609
289	718
289	810
290	338
290	554
290	930
290	974
291	575
291	689
291	940
292	309
292	342
292	376
292	774
293	585
293	682
293	782
293	816
293	975
294	622
295	320
295	489
296	668
297	374
297	676
297	778
297	946
298	547
298	562
298	636
298	779
299	450
299	477
299	546
299	584
299	754
300	463
300	555
300	896
300	921
301	380
301	451
301	550
302	378
302	408
302	931
303	340
303	463
303	540
303	758
303	804
304	694
304	797
305	364
305	453
305	521
305	729
305	996
306	319
306	385
306	527
307	381
307	592
307	749
307	905
308	392
308	522
308	574
308	613
309	342
309	359
309	474
309	609
310	332
310	935
310	993
311	709
311	766
312	350
312	377
312	381
312	548
312	553
312	780
313	517
314	632
314	768
314	832
314	873
315	383
315	594
315	595
316	333
316	378
316	979
317	543
317	650
317	703
318	325
318	561
318	563
319	374
319	887
319	904
320	370
320	415
320	478
320	598
320	800
320	990
321	448
321	503
321	640
322	453
322	486
322	542
322	657
322	671
322	762
323	360
323	385
323	533
323	649
323	820
323	963
324	403
324	408
324	815
324	868
325	487
325	752
325	861
326	437
326	620
326	879
327	373
327	388
327	426
327	632
327	913
328	506
328	613
328	697
329	576
329	693
329	773
329	830
329	860
329	973
330	398
330	452
330	625
330	819
331	535
331	683
331	719
331	775
332	438
332	631
332	935
332	972
333	588
333	705
333	955
334	343
334	403
334	733
334	885
335	433
335	669
335	964
336	369
336	583
336	659
336	911
337	339
337	444
337	634
337	670
337	803
337	995
338	390
338	420
338	446
338	511
338	591
338	852
338	932
339	415
339	427
340	395
340	497
340	605
340	687
340	900
341	386
341	405
341	725
341	770
341	902
342	502
342	794
343	407
343	509
343	587
343	993
344	434
344	488
344	672
344	815
344	855
345	632
345	802
346	360
346	527
346	695
347	431
347	512
347	880
347	894
348	382
348	390
348	509
348	530
348	606
348	917
348	922
349	456
349	488
349	704
349	879
350	536
350	606
350	662
351	581
351	706
351	890
352	393
352	591
352	628
352	707
352	887
352	911
352	984
353	455
353	966
354	435
354	558
354	576
354	585
354	672
354	745
355	565
355	668
355	835
356	558
356	589
356	601
356	605
357	362
357	867
358	703
358	844
358	934
358	986
359	979
359	981
360	726
360	747
361	543
361	730
361	791
361	841
362	476
362	481
363	482
363	867
363	891
363	916
364	739
365	728
365	982
365	1000
366	507
366	657
366	996
367	392
367	450
367	673
368	823
368	858
369	892
370	536
370	582
370	765
370	828
371	404
371	465
371	484
371	645
372	376
372	443
372	635
373	509
374	483
374	545
374	846
375	753
376	502
376	672
376	892
377	577
377	800
377	948
378	687
378	894
379	402
379	447
379	569
379	743
380	413
380	481
380	751
381	554
381	650
382	449
382	619
382	642
383	730
383	849
383	915
383	990
384	422
384	572
384	624
384	694
384	695
385	485
385	648
385	772
385	830
386	422
386	476
386	501
386	646
387	771
387	785
387	885
388	471
388	682
389	598
389	630
389	786
390	610
390	615
390	617
390	795
391	405
391	628
391	814
392	607
392	710
392	890
393	983
394	443
394	612
394	823
394	836
395	508
395	694
395	756
395	914
396	954
397	434
397	437
397	595
397	737
398	540
398	567
398	782
398	868
399	737
399	738
399	903
400	454
400	490
400	526
400	624
400	970
401	572
401	580
401	652
401	859
402	547
402	696
402	763
402	784
402	802
403	701
403	975
404	589
405	980
406	411
406	701
407	599
408	550
408	572
408	656
408	963
409	764
409	824
409	946
410	608
410	611
410	615
411	427
411	539
411	693
411	925
412	515
412	941
413	829
414	798
414	835
414	858
415	486
415	727
415	958
416	425
416	530
416	662
416	841
417	857
417	966
418	466
418	523
418	524
418	660
418	859
418	923
419	781
419	847
419	898
419	976
420	430
420	572
421	671
422	794
423	531
423	696
423	735
423	761
424	430
425	500
426	434
426	457
426	623
426	735
428	817
428	991
428	997
429	477
430	433
431	552
431	658
431	855
431	999
432	726
433	511
433	524
433	750
435	657
435	884
436	443
436	698
436	718
436	902
437	678
437	798
437	933
437	989
438	690
438	901
439	604
439	748
440	642
440	722
440	740
441	499
441	605
441	810
441	995
442	452
443	722
443	757
445	517
445	563
445	859
445	925
446	782
447	511
448	875
449	600
449	816
449	960
450	897
451	546
452	538
452	549
452	671
452	819
453	499
453	680
454	457
455	475
455	489
455	988
456	617
456	872
456	913
457	791
458	471
458	502
458	720
459	838
460	512
460	923
461	488
461	588
461	803
461	940
462	565
462	566
462	942
463	691
464	520
464	570
464	587
464	891
464	920
465	808
466	676
466	818
467	491
467	575
468	616
469	714
469	853
469	928
470	550
470	884
472	482
472	690
472	867
473	921
473	995
474	514
474	691
474	698
474	872
475	529
475	577
475	697
476	641
476	862
477	519
477	643
478	824
479	573
479	934
480	489
480	523
480	599
480	606
480	768
481	685
481	897
483	572
483	610
483	620
485	487
485	686
489	556
490	653
490	954
492	874
492	901
493	534
493	905
495	638
495	649
495	717
495	805
496	700
496	888
496	924
497	498
497	708
498	506
498	663
498	953
500	519
500	696
500	855
501	553
501	952
502	607
503	563
504	666
504	912
504	913
504	971
504	999
505	734
505	953
506	554
506	848
507	838
507	892
507	921
508	558
508	749
508	822
510	696
510	735
510	910
511	602
512	773
512	924
513	724
513	868
513	951
513	969
514	585
514	747
514	939
515	652
515	674
515	722
516	615
516	908
517	524
517	753
517	969
518	626
518	767
520	756
520	776
521	584
521	612
521	627
522	582
522	623
523	698
523	926
526	544
526	722
526	974
527	732
527	818
528	530
528	572
528	714
531	836
532	791
533	660
534	550
534	975
535	735
535	815
536	742
536	824
536	996
537	556
537	609
537	979
538	722
538	790
538	957
539	562
539	615
539	960
540	554
540	625
541	716
541	790
541	889
542	700
542	812
543	619
544	555
544	614
545	645
545	684
546	592
546	647
547	785
548	639
548	684
548	856
548	905
548	997
549	568
549	766
550	733
550	780
551	591
552	975
553	845
555	579
555	882
555	898
556	689
557	680
558	686
558	938
559	620
559	799
560	597
560	627
562	860
563	749
564	813
564	843
565	677
565	860
568	664
568	831
568	937
569	574
570	746
570	879
571	728
571	842
573	776
575	596
575	620
577	694
578	747
579	657
579	759
580	783
580	931
581	839
581	940
581	969
582	849
583	739
583	909
586	799
587	702
588	926
589	882
589	916
590	713
590	970
591	648
593	814
593	875
593	972
594	874
595	627
595	665
595	683
595	913
596	626
596	774
596	811
596	853
597	670
597	690
598	866
598	968
599	729
599	789
600	785
600	998
601	638
601	806
602	688
602	914
604	640
605	922
606	655
606	695
607	675
607	962
608	654
610	630
611	805
612	770
614	735
615	639
616	921
618	731
618	905
619	706
621	651
621	719
621	736
622	850
623	959
624	908
625	888
627	866
627	949
629	665
630	892
631	666
632	827
632	884
633	789
633	876
635	648
637	669
639	654
640	641
640	811
641	716
642	760
643	706
643	793
643	861
643	881
644	909
645	648
646	886
646	913
650	739
650	841
651	666
651	795
653	699
653	849
653	994
655	956
656	916
657	851
658	755
658	809
659	820
660	714
660	756
661	696
663	792
663	814
667	741
667	842
668	769
669	772
670	952
671	678
672	763
673	954
674	997
675	715
675	948
677	762
677	886
678	725
678	961
679	804
679	949
679	967
681	774
681	927
681	947
681	961
685	728
686	804
688	990
689	896
691	958
692	718
693	992
697	718
699	752
699	830
700	800
700	826
701	847
701	950
702	912
703	866
704	879
705	854
707	844
711	997
712	946
712	970
714	788
716	977
717	940
719	796
720	773
720	854
721	751
721	977
723	747
723	791
724	903
725	797
725	872
726	729
730	840
732	794
732	820
733	780
734	988
737	836
739	907
740	829
741	927
744	798
744	873
745	852
748	896
753	825
753	918
754	962
755	871
757	822
757	851
761	773
762	965
763	764
763	1000
767	828
767	919
769	801
770	811
771	817
771	955
772	877
776	837
779	801
780	786
781	906
787	929
790	985
791	888
792	909
796	996
800	906
803	809
804	862
805	838
808	865
808	878
808	937
810	875
811	919
815	947
818	991
819	844
819	925
823	883
823	967
825	944
825	948
830	923
831	998
832	981
833	885
834	969
839	901
847	944
848	983
854	860
857	923
857	987
859	914
861	917
862	985
863	894
866	952
869	927
871	963
873	981
874	941
878	983
881	912
895	958
895	994
902	944
903	935
909	936
910	965
912	968
915	930
916	926
920	932
921	978
923	997
924	978
927	955
934	976
936	973
945	998
964	978
966	987
970	973
977	982
