1	5
1	6
1	10
1	13
1	63
1	73
1	92
1	95
1	99
1	100
1	104
1	125
1	132
1	141
1	149
1	173
1	175
1	176
1	196
1	215
1	230
1	261
1	266
1	274
1	358
1	371
1	376
1	428
1	433
1	451
1	532
1	546
1	548
1	553
1	555
1	570
1	597
1	618
1	621
1	656
1	661
1	672
1	716
1	734
1	806
1	841
1	988
1	992
1	994
1	998
2	3
2	7
2	9
2	28
2	31
2	35
2	39
2	42
2	47
2	60
2	71
2	72
2	78
2	85
2	93
2	102
2	104
2	123
2	127
2	136
2	152
2	177
2	182
2	187
2	219
2	269
2	277
2	395
2	400
2	421
2	491
2	499
2	502
2	503
2	511
2	516
2	562
2	581
2	632
2	787
2	790
2	801
2	830
2	843
2	896
2	905
2	952
2	960
3	15
3	17
3	18
3	19
3	24
3	30
3	37
3	38
3	40
3	43
3	46
3	48
3	55
3	60
3	63
3	72
3	75
3	77
3	79
3	80
3	85
3	89
3	194
3	257
3	303
3	409
3	443
3	462
3	463
3	504
3	511
3	514
3	556
3	623
3	641
3	653
3	672
3	698
3	706
3	711
3	731
3	747
3	752
3	763
3	934
3	985
4	5
4	9
4	11
4	15
4	27
4	51
4	52
4	67
4	70
4	83
4	110
4	112
4	131
4	139
4	146
4	162
4	171
4	188
4	210
4	217
4	258
4	295
4	301
4	308
4	321
4	333
4	379
4	424
4	436
4	464
4	467
4	490
4	496
4	560
4	587
4	596
4	689
4	723
4	730
4	735
4	741
4	798
4	852
4	864
4	963
4	994
5	12
5	13
5	17
5	22
5	34
5	42
5	69
5	75
5	83
5	90
5	96
5	113
5	120
5	127
5	134
5	137
5	141
5	178
5	187
5	202
5	216
5	242
5	244
5	249
5	264
5	357
5	438
5	439
5	452
5	469
5	522
5	534
5	608
5	611
5	615
5	718
5	737
5	751
5	759
5	769
5	866
5	887
5	949
6	8
6	26
6	49
6	53
6	58
6	109
6	141
6	158
6	165
6	171
6	182
6	193
6	194
6	263
6	269
6	278
6	315
6	328
6	336
6	369
6	377
6	408
6	419
6	434
6	460
6	499
6	518
6	521
6	532
6	539
6	553
6	556
6	634
6	685
6	714
6	753
6	768
6	784
6	813
6	856
6	870
6	902
6	918
6	981
7	11
7	12
7	37
7	44
7	54
7	55
7	71
7	96
7	109
7	110
7	115
7	129
7	132
7	141
7	146
7	202
7	219
7	239
7	278
7	285
7	297
7	326
7	346
7	349
7	364
7	367
7	386
7	397
7	415
7	454
7	528
7	563
7	575
7	577
7	610
7	624
7	636
7	637
7	660
7	709
7	765
7	783
7	823
7	845
8	18
8	27
8	42
8	47
8	56
8	77
8	86
8	91
8	99
8	100
8	103
8	115
8	117
8	133
8	138
8	166
8	174
8	195
8	203
8	226
8	230
8	243
8	294
8	311
8	317
8	339
8	395
8	403
8	491
8	512
8	544
8	569
8	614
8	672
8	749
8	808
8	870
8	874
8	895
8	958
8	978
8	983
8	990
9	19
9	20
9	26
9	28
9	34
9	48
9	54
9	77
9	106
9	129
9	130
9	132
9	154
9	164
9	176
9	180
9	191
9	197
9	215
9	234
9	247
9	252
9	261
9	335
9	341
9	370
9	547
9	595
9	605
9	609
9	626
9	666
9	710
9	750
9	785
9	799
9	821
9	825
9	839
9	933
9	998
10	19
10	42
10	51
10	65
10	72
10	88
10	91
10	98
10	119
10	122
10	125
10	134
10	144
10	155
10	162
10	203
10	211
10	213
10	218
10	256
10	262
10	270
10	280
10	286
10	304
10	305
10	309
10	312
10	351
10	364
10	404
10	412
10	536
10	670
10	701
10	704
10	777
10	796
10	849
10	868
10	968
11	19
11	23
11	39
11	67
11	74
11	79
11	89
11	97
11	114
11	151
11	170
11	207
11	215
11	241
11	261
11	270
11	449
11	459
11	473
11	531
11	578
11	580
11	590
11	653
11	667
11	668
11	678
11	685
11	727
11	736
11	750
11	757
11	780
11	843
11	883
11	935
11	938
11	958
11	994
12	14
12	18
12	20
12	28
12	29
12	36
12	38
12	47
12	56
12	62
12	73
12	92
12	117
12	120
12	126
12	128
12	155
12	221
12	242
12	245
12	270
12	273
12	298
12	438
12	471
12	488
12	490
12	505
12	513
12	527
12	546
12	557
12	575
12	721
12	745
12	791
12	832
12	892
13	16
13	18
13	20
13	38
13	40
13	41
13	49
13	55
13	58
13	79
13	96
13	103
13	132
13	135
13	136
13	149
13	195
13	216
13	246
13	274
13	278
13	283
13	301
13	402
13	431
13	448
13	493
13	523
13	580
13	609
13	619
13	637
13	686
13	704
13	788
13	819
13	836
13	877
14	15
14	17
14	18
14	20
14	46
14	47
14	57
14	72
14	73
14	90
14	101
14	147
14	170
14	180
14	220
14	233
14	236
14	239
14	242
14	245
14	320
14	339
14	342
14	343
14	348
14	372
14	385
14	409
14	425
14	488
14	490
14	530
14	542
14	628
14	637
14	686
14	844
14	943
14	961
15	20
15	25
15	27
15	45
15	50
15	59
15	68
15	70
15	87
15	129
15	162
15	231
15	243
15	244
15	349
15	388
15	398
15	455
15	461
15	497
15	545
15	613
15	624
15	652
15	721
15	749
15	753
15	779
15	841
15	858
15	884
15	885
15	937
15	938
15	940
15	956
15	974
16	23
16	24
16	28
16	38
16	47
16	62
16	73
16	85
16	94
16	111
16	144
16	146
16	160
16	161
16	170
16	182
16	183
16	205
16	243
16	247
16	369
16	413
16	429
16	437
16	534
16	575
16	603
16	618
16	650
16	664
16	684
16	807
16	808
16	833
16	888
16	897
16	904
16	929
17	18
17	20
17	22
17	25
17	35
17	36
17	38
17	42
17	60
17	67
17	73
17	76
17	92
17	98
17	101
17	143
17	160
17	166
17	223
17	247
17	288
17	313
17	386
17	392
17	400
17	455
17	459
17	514
17	556
17	594
17	602
17	613
17	813
17	876
17	935
17	994
18	20
18	25
18	42
18	47
18	48
18	68
18	73
18	90
18	100
18	111
18	112
18	152
18	157
18	177
18	191
18	192
18	231
18	253
18	283
18	308
18	337
18	369
18	379
18	449
18	467
18	564
18	688
18	691
18	722
18	801
18	826
18	944
19	26
19	27
19	51
19	65
19	119
19	123
19	171
19	207
19	240
19	252
19	263
19	266
19	270
19	271
19	280
19	360
19	370
19	389
19	394
19	425
19	460
19	504
19	651
19	661
19	664
19	735
19	743
19	744
19	850
19	881
19	883
19	919
19	940
19	958
20	24
20	25
20	29
20	50
20	59
20	64
20	68
20	74
20	75
20	106
20	194
20	216
20	289
20	300
20	355
20	361
20	469
20	480
20	520
20	554
20	576
20	585
20	608
20	653
20	673
20	678
20	803
20	888
20	939
20	974
20	986
21	29
21	31
21	49
21	55
21	59
21	65
21	75
21	79
21	94
21	139
21	165
21	166
21	183
21	208
21	233
21	256
21	261
21	269
21	290
21	370
21	386
21	392
21	398
21	413
21	448
21	455
21	459
21	481
21	498
21	539
21	565
21	637
21	649
21	656
21	681
21	924
21	950
21	973
22	27
22	32
22	51
22	59
22	63
22	65
22	88
22	105
22	116
22	117
22	148
22	152
22	154
22	161
22	191
22	192
22	195
22	206
22	221
22	225
22	255
22	293
22	355
22	423
22	465
22	583
22	585
22	598
22	639
22	722
22	806
22	828
22	856
22	944
22	980
22	999
23	26
23	28
23	31
23	34
23	39
23	40
23	41
23	44
23	66
23	86
23	98
23	100
23	105
23	119
23	126
23	177
23	213
23	232
23	281
23	284
23	297
23	305
23	360
23	384
23	410
23	530
23	624
23	666
23	737
23	825
23	845
23	858
23	860
23	891
23	893
23	927
24	29
24	30
24	33
24	36
24	38
24	45
24	47
24	55
24	62
24	63
24	73
24	85
24	113
24	115
24	126
24	134
24	150
24	155
24	156
24	160
24	207
24	209
24	235
24	310
24	313
24	336
24	445
24	484
24	532
24	564
24	642
24	688
24	699
24	742
25	31
25	35
25	37
25	39
25	40
25	43
25	44
25	46
25	48
25	50
25	51
25	68
25	94
25	118
25	181
25	190
25	231
25	257
25	265
25	291
25	320
25	348
25	359
25	419
25	426
25	509
25	540
25	597
25	703
25	757
25	781
25	969
25	992
26	29
26	31
26	34
26	37
26	39
26	41
26	44
26	76
26	105
26	110
26	113
26	124
26	126
26	145
26	150
26	220
26	226
26	229
26	245
26	280
26	372
26	474
26	502
26	525
26	528
26	569
26	620
26	680
26	867
26	891
26	968
26	978
26	996
27	29
27	32
27	36
27	56
27	63
27	73
27	116
27	129
27	135
27	176
27	182
27	183
27	188
27	202
27	231
27	232
27	319
27	345
27	365
27	497
27	523
27	525
27	573
27	634
27	697
27	747
27	830
27	876
27	907
27	926
27	989
27	990
28	38
28	47
28	48
28	68
28	79
28	83
28	91
28	93
28	118
28	126
28	128
28	144
28	161
28	164
28	202
28	203
28	222
28	246
28	309
28	377
28	442
28	444
28	452
28	460
28	463
28	471
28	536
28	572
28	618
28	640
28	663
28	996
29	43
29	48
29	59
29	98
29	111
29	118
29	147
29	172
29	215
29	240
29	263
29	271
29	291
29	299
29	349
29	390
29	419
29	438
29	513
29	527
29	597
29	659
29	682
29	691
29	698
29	882
29	903
29	953
29	982
29	983
30	38
30	41
30	42
30	51
30	75
30	76
30	91
30	101
30	122
30	190
30	291
30	398
30	403
30	410
30	450
30	461
30	465
30	520
30	537
30	562
30	571
30	581
30	617
30	662
30	700
30	714
30	793
30	810
30	842
30	889
30	911
30	943
30	947
30	998
31	33
31	34
31	39
31	42
31	58
31	66
31	84
31	120
31	152
31	183
31	210
31	227
31	257
31	266
31	294
31	352
31	375
31	397
31	440
31	464
31	494
31	513
31	514
31	579
31	636
31	725
31	809
31	827
31	870
31	906
31	911
32	62
32	91
32	98
32	102
32	109
32	131
32	138
32	155
32	159
32	193
32	195
32	213
32	238
32	298
32	319
32	333
32	345
32	401
32	415
32	423
32	497
32	506
32	517
32	542
32	558
32	566
32	634
32	654
32	693
32	728
32	747
32	857
32	912
32	922
33	41
33	53
33	58
33	68
33	75
33	88
33	95
33	96
33	100
33	103
33	120
33	150
33	166
33	189
33	235
33	251
33	278
33	325
33	399
33	461
33	473
33	520
33	547
33	554
33	589
33	593
33	650
33	671
33	701
33	756
33	770
33	898
33	908
34	39
34	44
34	63
34	73
34	105
34	114
34	120
34	148
34	155
34	203
34	209
34	290
34	327
34	361
34	380
34	402
34	437
34	477
34	515
34	555
34	709
34	830
34	861
34	887
34	902
34	909
34	911
34	948
34	996
35	46
35	49
35	63
35	83
35	84
35	104
35	135
35	158
35	185
35	216
35	224
35	229
35	239
35	296
35	355
35	366
35	373
35	374
35	383
35	403
35	425
35	538
35	558
35	578
35	671
35	674
35	683
35	705
35	908
35	913
36	40
36	56
36	57
36	67
36	87
36	102
36	117
36	135
36	144
36	219
36	237
36	244
36	295
36	318
36	338
36	481
36	659
36	762
36	772
36	774
36	776
36	794
36	857
36	879
36	882
36	946
36	971
37	42
37	43
37	46
37	48
37	54
37	61
37	82
37	92
37	94
37	122
37	196
37	202
37	203
37	313
37	348
37	414
37	441
37	469
37	551
37	674
37	821
37	844
37	926
37	927
37	936
37	939
37	973
38	53
38	55
38	80
38	90
38	124
38	170
38	190
38	207
38	237
38	249
38	265
38	306
38	353
38	426
38	560
38	654
38	760
38	782
38	786
38	790
38	929
38	985
39	43
39	44
39	66
39	97
39	98
39	99
39	113
39	115
39	140
39	150
39	153
39	306
39	334
39	336
39	386
39	391
39	400
39	407
39	442
39	477
39	630
39	665
39	787
40	42
40	47
40	57
40	63
40	66
40	88
40	101
40	162
40	164
40	168
40	191
40	207
40	242
40	263
40	280
40	311
40	374
40	508
40	561
40	639
40	676
40	683
40	756
40	800
40	824
41	46
41	49
41	53
41	65
41	80
41	83
41	103
41	113
41	125
41	140
41	175
41	225
41	255
41	279
41	475
41	520
41	555
41	663
41	707
41	712
41	766
41	831
41	880
41	965
42	79
42	95
42	184
42	192
42	195
42	347
42	350
42	434
42	471
42	472
42	487
42	534
42	537
42	723
42	736
42	874
42	881
42	977
42	982
43	46
43	60
43	77
43	90
43	94
43	118
43	130
43	152
43	158
43	167
43	244
43	301
43	303
43	306
43	316
43	335
43	348
43	457
43	459
43	511
43	612
43	624
43	795
43	822
44	81
44	82
44	125
44	168
44	201
44	235
44	254
44	284
44	344
44	367
44	388
44	391
44	418
44	422
44	433
44	491
44	554
44	627
44	764
44	829
44	854
44	865
44	936
45	57
45	63
45	72
45	81
45	109
45	148
45	153
45	205
45	303
45	310
45	401
45	404
45	483
45	485
45	533
45	611
45	625
45	647
45	668
45	774
45	848
45	873
45	913
45	914
45	945
45	946
45	958
46	90
46	94
46	108
46	200
46	201
46	251
46	273
46	360
46	395
46	403
46	443
46	469
46	510
46	557
46	591
46	667
46	706
46	728
46	831
46	916
46	982
46	997
47	61
47	64
47	67
47	71
47	111
47	127
47	166
47	170
47	175
47	198
47	208
47	213
47	218
47	287
47	299
47	311
47	438
47	464
47	555
48	51
48	64
48	84
48	95
48	118
48	119
48	184
48	211
48	223
48	283
48	348
48	446
48	461
48	511
48	622
48	666
48	676
48	718
48	744
48	895
48	917
49	54
49	85
49	86
49	98
49	113
49	137
49	146
49	163
49	187
49	233
49	259
49	297
49	380
49	388
49	407
49	567
49	626
49	631
49	638
49	789
49	906
49	917
50	66
50	74
50	88
50	110
50	116
50	185
50	231
50	241
50	315
50	370
50	393
50	488
50	537
50	541
50	552
50	563
50	573
50	610
50	632
50	664
50	671
50	867
50	876
50	946
51	65
51	67
51	71
51	72
51	74
51	95
51	97
51	99
51	168
51	211
51	214
51	250
51	261
51	316
51	435
51	462
51	482
51	633
51	692
51	717
52	55
52	111
52	117
52	134
52	180
52	190
52	194
52	216
52	266
52	328
52	354
52	440
52	454
52	466
52	490
52	613
52	628
52	689
52	692
52	751
52	758
52	760
52	820
52	925
52	941
52	1000
53	72
53	107
53	143
53	153
53	179
53	192
53	201
53	204
53	236
53	312
53	324
53	330
53	399
53	430
53	438
53	472
53	500
53	568
53	646
53	702
53	762
53	883
53	887
54	118
54	147
54	224
54	228
54	234
54	241
54	451
54	476
54	507
54	561
54	564
54	592
54	685
54	694
54	727
54	789
54	795
54	846
54	876
54	896
54	898
54	915
55	83
55	146
55	149
55	154
55	162
55	266
55	284
55	411
55	412
55	470
55	539
55	634
55	635
55	705
55	731
55	761
55	826
55	904
55	978
56	57
56	66
56	75
56	99
56	158
56	164
56	182
56	198
56	205
56	214
56	244
56	388
56	451
56	489
56	511
56	554
56	598
56	660
56	815
56	870
56	906
56	993
57	59
57	64
57	65
57	94
57	119
57	122
57	221
57	270
57	292
57	299
57	330
57	355
57	370
57	424
57	537
57	556
57	613
57	808
57	824
57	854
57	895
58	65
58	79
58	96
58	105
58	114
58	153
58	242
58	295
58	333
58	366
58	380
58	387
58	428
58	431
58	468
58	500
58	528
58	819
58	833
58	849
58	871
58	920
59	82
59	107
59	112
59	157
59	169
59	194
59	238
59	281
59	336
59	371
59	394
59	449
59	459
59	486
59	562
59	566
59	740
59	962
59	987
60	61
60	89
60	97
60	112
60	114
60	168
60	226
60	253
60	261
60	273
60	314
60	442
60	480
60	493
60	495
60	604
60	677
60	693
60	830
60	893
60	969
61	74
61	77
61	129
61	137
61	142
61	161
61	162
61	231
61	267
61	270
61	271
61	283
61	322
61	424
61	480
61	512
61	571
61	668
61	743
61	802
61	867
61	941
62	68
62	73
62	91
62	98
62	108
62	157
62	177
62	239
62	268
62	335
62	343
62	363
62	390
62	429
62	488
62	493
62	543
62	586
62	742
62	770
62	878
63	67
63	71
63	102
63	111
63	114
63	116
63	214
63	288
63	291
63	418
63	428
63	596
63	661
63	811
63	837
63	869
64	65
64	93
64	106
64	156
64	158
64	186
64	188
64	201
64	219
64	248
64	271
64	521
64	639
64	645
64	662
64	665
64	702
64	708
64	712
64	773
64	804
65	93
65	95
65	123
65	199
65	204
65	282
65	425
65	489
65	496
65	581
65	590
65	649
65	656
65	670
65	821
65	919
66	138
66	141
66	178
66	222
66	252
66	375
66	443
66	452
66	514
66	541
66	566
66	602
66	608
66	609
66	848
66	863
66	874
66	916
67	70
67	89
67	112
67	165
67	215
67	261
67	335
67	358
67	423
67	434
67	567
67	644
67	689
67	705
67	711
67	925
67	974
68	73
68	111
68	126
68	143
68	170
68	250
68	306
68	313
68	367
68	389
68	438
68	455
68	476
68	527
68	710
68	935
69	82
69	113
69	124
69	127
69	139
69	144
69	171
69	197
69	253
69	284
69	302
69	316
69	366
69	482
69	617
69	635
69	682
69	779
69	839
69	899
69	916
69	934
70	78
70	82
70	88
70	100
70	102
70	129
70	139
70	226
70	228
70	243
70	267
70	390
70	424
70	528
70	563
70	640
70	757
70	856
70	885
70	926
71	78
71	93
71	142
71	197
71	220
71	247
71	322
71	411
71	462
71	478
71	479
71	632
71	699
71	746
71	768
71	797
71	922
71	955
72	87
72	94
72	109
72	119
72	139
72	148
72	173
72	221
72	258
72	378
72	479
72	524
72	798
72	891
72	963
72	989
73	87
73	88
73	105
73	135
73	144
73	265
73	354
73	401
73	471
73	654
73	776
74	97
74	98
74	104
74	110
74	113
74	114
74	168
74	216
74	261
74	279
74	362
74	412
74	430
74	474
74	717
74	861
74	917
75	93
75	107
75	147
75	236
75	265
75	295
75	377
75	418
75	470
75	484
75	498
75	682
75	733
75	804
75	964
76	84
76	98
76	112
76	117
76	141
76	172
76	220
76	254
76	337
76	372
76	390
76	492
76	522
76	615
76	623
76	733
76	784
76	856
76	993
77	97
77	99
77	133
77	135
77	143
77	149
77	205
77	228
77	383
77	406
77	471
77	490
77	524
77	580
77	703
77	818
78	82
78	97
78	101
78	122
78	142
78	185
78	200
78	233
78	237
78	252
78	363
78	410
78	501
78	626
78	872
78	888
78	895
78	928
79	98
79	102
79	133
79	147
79	192
79	197
79	274
79	331
79	374
79	394
79	522
79	543
79	975
79	989
80	104
80	201
80	211
80	231
80	236
80	265
80	286
80	289
80	300
80	317
80	336
80	366
80	391
80	487
80	543
80	588
80	776
80	840
81	86
81	87
81	96
81	99
81	153
81	211
81	261
81	268
81	309
81	338
81	357
81	444
81	575
81	594
81	683
81	707
81	775
81	841
81	956
82	85
82	94
82	184
82	222
82	224
82	264
82	277
82	296
82	380
82	410
82	453
82	532
82	570
82	796
82	962
83	94
83	115
83	138
83	225
83	242
83	267
83	272
83	339
83	391
83	402
83	537
83	560
83	635
83	715
83	925
84	90
84	111
84	165
84	166
84	189
84	210
84	225
84	242
84	245
84	496
84	512
84	533
84	535
84	546
84	572
84	693
84	866
85	133
85	154
85	157
85	166
85	170
85	194
85	224
85	229
85	234
85	370
85	378
85	435
85	466
85	516
85	659
86	92
86	117
86	140
86	143
86	235
86	241
86	276
86	307
86	325
86	334
86	419
86	453
86	458
86	468
86	535
86	676
86	995
87	99
87	102
87	109
87	143
87	144
87	152
87	211
87	232
87	526
87	597
87	632
87	707
87	709
87	807
87	906
88	191
88	215
88	240
88	257
88	364
88	383
88	426
88	429
88	456
88	483
88	509
88	608
88	792
89	104
89	128
89	132
89	149
89	165
89	176
89	385
89	414
89	420
89	465
89	527
89	705
89	757
89	803
89	865
89	929
90	95
90	159
90	191
90	306
90	325
90	417
90	448
90	505
90	650
90	801
90	812
90	942
90	982
91	95
91	102
91	125
91	126
91	174
91	271
91	302
91	444
91	497
91	498
91	570
91	648
91	754
91	818
92	127
92	148
92	186
92	291
92	300
92	305
92	310
92	321
92	363
92	381
92	609
92	655
92	666
92	774
92	920
93	115
93	168
93	205
93	327
93	334
93	352
93	415
93	571
93	608
93	746
93	838
93	942
93	987
94	150
94	177
94	361
94	448
94	488
94	611
94	662
94	794
94	960
95	123
95	125
95	174
95	197
95	496
95	523
95	577
95	595
95	634
95	670
95	824
96	110
96	159
96	175
96	205
96	217
96	227
96	392
96	430
96	574
96	584
96	777
96	789
96	825
97	128
97	174
97	279
97	304
97	336
97	347
97	382
97	500
97	509
97	538
97	629
97	690
98	105
98	145
98	177
98	384
98	486
98	850
98	952
98	970
99	109
99	116
99	171
99	249
99	262
99	265
99	316
99	550
99	565
99	576
99	988
100	159
100	162
100	209
100	255
100	258
100	334
100	477
100	620
100	621
100	777
100	862
100	901
101	103
101	105
101	131
101	151
101	211
101	255
101	272
101	275
101	300
101	516
101	697
101	703
101	750
102	117
102	165
102	461
102	528
102	574
102	595
102	635
102	754
102	852
102	959
103	120
103	264
103	275
103	324
103	330
103	335
103	396
103	399
103	536
103	552
103	603
103	738
103	888
104	117
104	177
104	261
104	278
104	466
104	515
104	531
104	575
104	615
104	879
104	928
104	967
105	156
105	238
105	367
105	400
105	600
105	683
105	738
105	947
105	987
105	991
106	129
106	159
106	226
106	249
106	374
106	545
106	549
106	565
106	584
106	596
106	603
106	612
106	645
106	718
106	835
107	116
107	169
107	192
107	197
107	218
107	232
107	233
107	267
107	347
107	428
107	468
107	659
107	698
107	816
107	893
108	149
108	227
108	246
108	248
108	253
108	292
108	321
108	354
108	359
108	441
108	523
108	582
108	674
108	693
108	914
108	984
109	145
109	148
109	188
109	214
109	232
109	258
109	347
109	376
109	912
109	949
110	169
110	199
110	222
110	296
110	317
110	361
110	411
110	648
110	688
110	701
110	836
111	156
111	166
111	242
111	287
111	407
111	558
111	603
111	729
111	824
112	136
112	175
112	210
112	362
112	375
112	408
112	484
112	497
112	678
112	850
112	861
113	124
113	171
113	191
113	223
113	542
113	594
113	649
113	713
113	887
114	305
114	320
114	352
114	398
114	442
114	486
114	602
114	619
114	652
114	667
114	845
115	125
115	130
115	141
115	176
115	227
115	364
115	657
115	680
115	783
115	878
115	979
116	119
116	143
116	144
116	212
116	270
116	441
116	472
116	482
116	731
116	792
116	995
117	151
117	169
117	245
117	387
117	671
117	717
117	811
117	885
118	211
118	237
118	268
118	379
118	389
118	521
118	563
118	685
118	820
118	980
119	123
119	131
119	151
119	307
119	345
119	347
119	628
119	921
119	963
120	139
120	222
120	274
120	400
120	515
120	559
120	595
120	650
120	655
120	984
121	136
121	151
121	206
121	279
121	294
121	353
121	385
121	430
121	450
121	451
121	469
121	638
121	650
121	704
121	881
121	961
122	167
122	170
122	178
122	298
122	354
122	403
122	406
122	586
122	610
122	771
122	838
123	135
123	292
123	318
123	362
123	489
123	617
123	623
123	764
123	797
123	811
123	967
124	310
124	314
124	378
124	495
124	500
124	615
124	630
124	666
124	680
124	862
124	979
125	156
125	223
125	291
125	382
125	507
125	577
125	600
125	722
126	138
126	153
126	155
126	258
126	450
126	536
126	635
126	779
127	190
127	196
127	225
127	291
127	535
127	557
127	700
127	705
127	763
127	835
128	160
128	161
128	205
128	206
128	232
128	342
128	436
128	485
128	523
128	644
128	948
129	147
129	256
129	302
129	347
129	393
129	548
129	685
129	712
130	233
130	236
130	245
130	315
130	337
130	345
130	467
130	597
130	662
130	675
130	880
130	962
131	149
131	162
131	189
131	239
131	277
131	373
131	470
131	599
131	728
131	806
131	912
132	133
132	192
132	194
132	365
132	394
132	405
132	493
132	568
132	588
132	789
133	143
133	285
133	302
133	333
133	374
133	493
133	700
133	869
133	901
133	983
134	170
134	184
134	200
134	360
134	420
134	445
134	487
134	504
134	651
134	684
134	982
135	187
135	220
135	240
135	251
135	257
135	395
135	551
135	912
136	234
136	253
136	309
136	343
136	387
136	436
136	508
136	817
136	859
136	905
136	907
137	223
137	231
137	265
137	333
137	569
137	622
137	633
137	782
137	790
137	829
137	972
137	999
138	145
138	174
138	221
138	334
138	424
138	678
138	802
138	812
138	950
138	995
139	171
139	200
139	229
139	260
139	269
139	413
139	420
139	621
139	641
140	176
140	199
140	248
140	272
140	291
140	338
140	371
140	491
140	775
140	908
140	915
141	253
141	264
141	307
141	487
141	752
141	763
141	779
142	193
142	197
142	266
142	279
142	331
142	368
142	434
142	582
142	672
142	772
142	858
143	149
143	223
143	264
143	326
143	374
143	815
144	502
144	506
144	574
144	728
144	860
144	981
145	183
145	198
145	264
145	294
145	308
145	550
145	672
145	778
145	868
145	946
146	156
146	180
146	322
146	327
146	501
146	514
146	766
146	886
146	918
147	236
147	344
147	469
147	538
147	639
147	714
147	850
147	915
148	315
148	348
148	383
148	427
148	519
148	732
148	846
148	964
149	173
149	278
149	340
149	366
149	520
149	973
150	156
150	181
150	191
150	226
150	353
150	358
150	365
150	376
150	928
151	182
151	250
151	387
151	452
151	475
151	492
151	621
151	651
151	851
152	258
152	262
152	301
152	332
152	351
152	401
152	734
152	790
153	210
153	382
153	513
153	829
153	840
153	860
153	918
153	989
154	342
154	402
154	417
154	429
154	510
154	519
154	657
154	833
154	918
154	946
155	170
155	207
155	234
155	260
155	447
155	628
155	659
155	821
156	164
156	379
156	584
156	809
156	871
156	971
157	162
157	196
157	243
157	311
157	438
157	457
157	661
157	703
157	805
158	189
158	380
158	532
158	639
158	696
158	767
158	888
158	971
159	186
159	204
159	211
159	302
159	353
159	730
159	743
159	853
160	275
160	398
160	468
160	477
160	557
160	662
160	663
160	698
160	908
161	167
161	174
161	249
161	307
161	381
161	815
161	910
161	962
162	300
162	301
162	331
162	654
163	180
163	267
163	322
163	325
163	421
163	471
163	486
163	559
163	599
163	683
163	819
163	866
164	181
164	306
164	393
164	625
164	847
164	861
164	890
164	993
165	168
165	215
165	349
165	543
165	735
165	800
165	991
166	247
166	326
166	342
166	558
166	721
167	172
167	184
167	199
167	212
167	234
167	287
167	289
167	363
167	524
167	773
168	259
168	285
168	352
168	458
168	547
168	923
169	182
169	303
169	416
169	418
169	625
169	669
169	882
169	968
169	971
170	283
170	564
170	759
171	174
171	239
171	423
171	439
171	600
171	786
172	193
172	359
172	366
172	367
172	402
172	440
172	462
172	676
172	808
172	1000
173	188
173	237
173	284
173	416
173	450
173	638
173	694
173	702
173	778
173	967
174	300
174	346
174	437
174	507
174	594
174	930
175	204
175	216
175	314
175	392
175	547
175	597
175	708
175	931
176	356
176	371
176	399
176	468
176	855
176	909
177	180
177	194
177	414
177	514
177	734
178	197
178	279
178	323
178	329
178	587
178	716
178	739
178	921
178	959
179	234
179	253
179	259
179	284
179	356
179	385
179	405
179	587
179	607
179	746
179	786
180	186
180	446
180	481
180	482
180	864
180	953
181	240
181	287
181	318
181	320
181	341
181	360
181	432
181	736
181	873
182	265
182	355
182	746
182	768
182	903
183	228
183	330
183	354
183	498
183	554
183	742
183	801
184	250
184	393
184	604
184	605
184	654
184	695
184	950
185	187
185	365
185	381
185	480
185	537
185	589
185	616
185	686
185	862
186	213
186	281
186	325
186	326
186	427
186	636
186	856
186	935
187	336
187	337
187	649
187	769
187	923
187	951
187	979
188	329
188	390
188	526
188	585
188	646
188	834
188	976
189	218
189	235
189	327
189	373
189	415
189	619
189	677
189	1000
190	269
190	308
190	432
190	592
190	700
190	914
190	968
191	332
191	504
191	817
191	902
192	280
192	416
192	498
192	549
192	842
193	394
193	401
193	566
193	775
193	804
193	829
193	877
193	931
194	269
194	306
194	386
194	700
195	390
195	401
195	423
195	833
195	887
195	915
195	975
196	201
196	225
196	238
196	286
196	436
196	553
196	566
196	572
197	204
197	292
197	321
197	368
198	231
198	307
198	373
198	423
198	456
198	709
198	784
198	811
198	943
199	213
199	218
199	382
199	608
199	620
199	702
199	967
199	985
200	281
200	431
200	496
200	535
200	591
200	715
200	735
200	933
201	301
201	399
201	542
201	545
201	633
201	674
202	238
202	299
202	417
202	509
202	517
202	561
202	921
203	248
203	250
203	402
203	431
203	451
203	543
203	880
204	361
204	414
204	640
204	834
204	920
204	949
204	964
205	256
205	414
205	462
205	545
205	719
206	218
206	254
206	279
206	293
206	447
206	555
206	702
206	739
207	245
207	324
207	618
207	859
207	973
208	230
208	264
208	272
208	313
208	490
208	864
208	872
208	916
208	936
209	258
209	281
209	328
209	394
209	677
209	865
209	912
209	930
210	294
210	305
210	375
210	399
210	837
210	931
211	602
211	606
212	328
212	335
212	350
212	489
212	515
212	529
212	644
212	720
212	740
213	327
213	362
213	446
213	467
213	951
214	295
214	331
214	348
214	454
214	746
214	882
214	885
215	335
215	711
215	894
215	900
216	607
216	792
216	826
216	878
217	228
217	256
217	276
217	357
217	381
217	499
217	539
217	650
217	770
218	360
218	382
218	622
218	756
218	954
219	251
219	263
219	544
219	570
219	838
219	875
219	914
220	362
220	384
220	411
220	478
220	614
220	818
221	436
221	503
221	530
221	561
221	567
221	582
222	234
222	312
222	617
222	631
222	665
222	921
223	333
223	356
223	406
223	457
223	485
224	313
224	478
224	508
224	560
224	647
224	712
224	726
225	272
225	282
225	332
225	625
225	871
226	228
226	350
226	442
226	628
226	641
227	235
227	251
227	297
227	340
227	359
227	658
227	976
228	292
228	343
228	620
228	622
228	816
229	474
229	478
229	501
229	531
229	553
229	604
229	900
230	328
230	339
230	406
230	505
230	571
230	765
230	973
230	991
231	383
231	551
232	275
232	354
232	475
232	800
232	919
233	331
233	433
233	519
233	695
233	886
234	277
234	616
234	867
235	415
235	573
235	594
235	825
235	905
236	341
236	373
236	387
236	461
236	484
237	273
237	358
237	425
237	579
237	618
237	755
238	268
238	329
238	413
238	655
238	696
238	979
239	277
239	417
239	422
239	554
239	894
240	332
240	682
240	712
240	740
240	827
240	927
241	290
241	393
241	506
241	579
241	643
241	837
241	923
242	299
242	866
242	908
243	338
243	547
243	613
243	658
243	963
243	970
244	257
244	368
244	403
244	409
244	778
244	847
245	441
245	687
245	772
246	311
246	313
246	326
246	397
246	537
246	541
246	613
247	336
247	347
247	583
247	894
247	930
248	304
248	372
248	449
248	644
248	951
248	997
249	368
249	480
249	528
249	796
249	994
250	357
250	455
250	492
250	642
250	774
251	343
251	713
251	878
251	884
251	949
252	277
252	458
252	506
252	682
252	783
252	907
253	258
253	404
253	580
254	370
254	382
254	590
254	687
254	870
254	907
254	975
255	493
255	524
255	584
255	740
255	751
255	880
256	257
256	327
256	433
256	752
256	929
257	528
257	531
257	693
258	309
258	378
259	342
259	443
259	499
259	562
259	800
259	943
259	984
260	344
260	350
260	357
260	420
260	476
260	518
260	625
260	852
262	300
262	429
262	558
262	651
262	676
262	840
262	986
263	312
263	489
263	546
263	560
263	771
264	276
264	394
264	910
265	568
265	711
266	410
266	587
266	836
266	853
267	475
267	503
267	590
267	715
267	749
268	373
268	604
268	708
268	840
268	957
268	978
269	368
269	584
269	765
269	944
270	640
270	657
270	917
271	350
271	367
271	505
271	548
271	802
272	325
272	412
272	582
272	725
272	741
273	417
273	433
273	562
273	645
273	792
273	835
274	293
274	480
274	506
274	631
274	715
274	786
275	337
275	381
275	542
275	643
275	714
275	966
276	285
276	289
276	309
276	359
276	364
276	577
276	811
277	289
277	524
277	747
277	814
278	314
278	330
278	555
278	714
279	283
279	419
279	690
280	382
280	408
280	478
280	793
280	922
281	282
281	331
281	706
281	716
281	797
282	349
282	396
282	397
282	435
282	580
282	734
282	950
283	497
283	593
283	857
283	981
284	400
284	492
284	675
284	868
285	302
285	546
285	691
285	719
285	780
285	831
286	288
286	474
286	707
286	791
286	804
286	968
286	984
287	421
287	444
287	498
287	916
287	930
287	966
288	340
288	377
288	513
288	526
288	627
288	658
288	788
289	293
289	442
289	587
289	592
290	351
290	352
290	396
290	435
290	699
290	799
291	312
292	334
292	538
292	819
292	872
293	349
293	406
293	551
293	610
293	904
294	513
294	546
294	758
294	965
295	505
295	530
295	842
295	926
296	303
296	349
296	421
296	630
296	847
296	928
297	298
297	368
297	465
297	609
297	752
298	354
298	355
298	492
298	627
298	738
299	377
299	426
299	429
299	829
300	484
300	695
301	343
301	448
301	599
302	385
302	416
302	526
303	317
303	340
303	413
303	648
304	362
304	505
304	540
304	690
304	706
304	845
305	342
305	416
305	466
305	475
306	523
306	810
307	452
307	543
307	783
307	862
308	369
308	442
308	473
308	599
308	631
309	319
309	353
309	668
310	462
310	468
310	473
310	508
310	586
311	391
311	723
311	778
311	948
312	470
312	541
312	629
312	939
313	524
313	716
314	508
314	549
314	729
314	736
314	960
315	346
315	439
315	544
315	556
315	701
316	609
316	617
316	765
316	937
316	969
317	363
317	418
317	533
317	823
317	895
318	447
318	509
318	536
318	664
318	923
318	990
319	385
319	397
319	570
319	769
319	780
319	905
320	352
320	362
320	458
320	745
320	795
321	332
321	360
321	369
321	770
321	842
322	455
322	596
322	859
322	894
322	921
323	472
323	521
323	526
323	568
323	691
323	722
323	822
323	952
324	431
324	439
324	478
324	784
324	797
324	938
325	339
325	396
325	732
326	526
326	567
326	712
326	764
327	395
327	411
327	605
328	473
328	553
328	787
328	902
329	598
329	663
329	673
329	694
329	902
329	905
330	800
330	810
330	925
330	954
331	403
331	896
331	977
332	361
332	369
332	716
332	731
333	431
333	667
333	940
334	525
334	732
334	897
335	408
335	658
336	889
337	527
337	529
337	619
337	990
338	432
338	687
338	837
338	847
338	901
339	517
339	544
339	926
339	996
340	486
340	605
340	614
340	896
340	948
341	344
341	494
341	552
341	729
341	733
341	736
342	437
342	516
342	631
343	363
343	555
343	762
344	440
344	529
344	558
344	642
344	785
345	464
345	823
345	835
345	873
345	964
346	367
346	468
346	485
346	518
346	585
346	601
347	476
347	637
348	511
348	620
349	392
349	843
350	507
350	679
350	807
350	995
351	444
351	500
351	568
351	582
351	699
351	825
352	384
352	646
352	995
353	559
353	561
353	598
353	629
354	495
354	837
355	592
355	923
356	405
356	463
356	656
356	846
356	849
357	635
357	924
357	965
358	514
358	690
358	795
358	816
359	588
359	699
359	828
360	476
361	511
361	978
362	576
363	378
363	831
364	553
364	855
364	934
365	374
365	678
365	718
365	757
366	579
366	907
367	408
368	475
368	492
369	647
369	832
370	561
371	397
371	499
371	610
371	719
372	491
372	578
372	841
372	1000
373	586
373	745
374	643
375	544
375	753
375	810
375	892
376	389
376	638
376	653
376	780
376	990
377	383
377	502
377	616
378	774
378	937
378	954
379	387
379	418
379	522
379	744
380	570
380	580
380	813
381	407
381	589
381	861
382	604
383	432
383	909
384	826
384	842
384	846
384	885
385	917
385	927
386	411
386	521
386	729
387	489
387	569
388	586
388	623
388	860
388	958
389	410
389	491
389	503
389	812
390	431
390	734
391	435
391	884
391	932
392	492
392	510
392	550
393	986
393	991
393	997
394	710
395	428
395	733
395	898
396	432
396	544
396	726
396	945
397	460
397	521
398	614
398	848
398	865
399	743
399	925
400	697
400	840
401	525
401	579
402	761
402	920
403	964
404	634
404	669
404	692
404	744
404	849
405	509
405	566
405	802
405	932
405	980
406	494
406	574
406	950
407	595
407	677
407	724
407	954
408	581
408	636
408	945
409	512
409	523
409	786
409	817
409	875
410	592
410	739
411	644
411	955
412	515
412	612
412	626
412	681
413	529
413	721
413	903
414	517
414	600
414	681
415	434
415	551
415	794
416	657
416	788
416	949
417	425
417	612
417	787
418	550
418	660
419	530
419	544
419	813
420	506
420	524
420	540
420	839
421	482
421	575
421	616
421	979
422	463
422	557
422	667
422	687
422	751
422	855
423	467
423	483
424	465
424	714
424	806
425	484
425	603
426	684
426	781
426	860
426	976
427	455
427	458
427	487
427	713
427	881
427	928
428	443
428	491
428	783
429	576
429	588
430	879
430	922
430	955
430	988
431	525
432	434
432	573
432	863
433	851
433	864
433	901
434	759
434	834
435	585
435	679
435	951
436	596
436	709
436	814
437	440
437	735
437	741
437	960
438	927
439	441
439	449
439	665
440	479
440	605
441	507
441	763
443	446
443	857
444	464
444	822
445	495
445	518
445	593
445	893
445	966
446	504
446	622
446	704
447	655
447	672
447	692
447	955
448	704
448	929
449	677
449	971
450	656
450	818
450	933
451	572
451	640
452	552
452	919
453	494
453	589
453	601
453	677
453	810
454	552
454	721
454	722
454	972
456	577
456	725
456	841
456	956
456	975
457	532
457	632
457	771
457	844
458	719
458	931
459	474
459	517
460	540
460	662
460	839
461	551
462	616
463	738
463	834
463	992
464	574
464	698
465	565
465	688
466	655
466	661
466	871
467	550
467	966
469	538
470	682
470	827
470	863
471	913
472	507
472	621
472	645
473	889
473	941
474	983
474	993
475	720
476	619
476	899
477	910
477	920
477	980
478	501
479	556
479	822
479	890
479	930
480	936
481	496
481	687
481	693
481	817
482	569
482	846
483	629
483	788
483	803
483	821
484	812
485	571
485	593
485	620
486	875
486	924
487	505
487	772
488	913
488	957
489	753
490	616
493	684
494	629
494	891
494	993
495	747
495	809
495	824
496	766
497	801
498	711
499	546
499	716
500	671
500	750
501	520
501	688
501	785
502	557
502	804
502	832
503	621
503	760
503	761
504	724
504	854
506	869
507	793
508	820
508	823
509	532
510	558
510	598
510	660
510	794
512	732
512	799
512	809
513	668
515	648
515	752
516	522
516	552
516	947
517	560
517	873
518	617
518	673
518	859
519	667
519	675
519	689
519	875
520	690
521	600
522	567
522	583
525	748
525	938
526	869
527	646
527	935
529	669
529	813
529	848
530	782
530	962
531	738
531	831
531	972
533	539
533	695
533	768
533	873
534	739
534	745
534	785
534	889
535	547
535	708
535	758
536	696
536	755
538	542
538	889
539	791
539	836
540	652
540	896
540	900
541	550
541	559
541	726
542	965
543	970
545	639
545	673
545	696
547	759
548	573
548	660
548	803
548	945
549	651
549	737
549	776
549	970
550	956
551	822
552	681
553	724
554	743
556	648
557	984
559	606
559	665
559	750
560	565
561	573
562	633
562	739
563	942
563	999
564	732
564	828
565	596
567	633
568	826
569	749
571	773
572	741
572	957
574	618
576	627
576	748
577	858
578	588
578	615
578	733
579	632
581	963
581	991
582	606
583	599
583	612
583	938
584	795
585	932
586	906
587	778
588	883
589	875
589	969
590	754
590	898
591	638
591	643
591	725
591	970
592	652
593	703
593	755
594	850
595	881
598	697
599	643
600	761
601	647
601	685
601	863
601	886
602	645
602	799
603	668
604	853
605	637
606	781
606	940
606	961
607	655
607	680
607	877
607	947
610	933
611	768
611	793
611	987
612	686
614	769
614	794
615	777
619	817
622	954
623	828
623	830
624	673
624	816
625	961
626	755
626	953
627	760
627	865
628	853
629	701
630	633
630	717
630	922
631	660
636	832
636	981
638	787
640	890
641	692
641	876
641	910
642	670
642	777
642	844
643	680
644	695
645	675
646	657
646	683
647	725
647	924
648	969
649	756
649	799
651	904
652	765
652	819
653	656
653	858
654	996
657	673
658	674
658	792
659	942
661	710
663	697
663	985
664	868
664	959
665	710
666	937
669	710
669	729
669	877
670	898
670	998
671	748
674	820
675	755
675	960
676	808
678	816
679	728
679	771
679	802
679	883
680	763
681	987
681	992
684	790
684	999
686	909
686	940
687	957
688	910
689	707
689	727
690	879
691	892
691	997
692	932
694	814
694	854
694	903
695	730
696	814
696	893
697	838
698	720
699	782
700	941
701	853
702	823
703	901
704	931
705	805
706	720
706	809
707	713
708	767
708	852
709	727
711	767
713	730
713	845
715	764
715	797
717	770
717	789
718	897
719	959
720	805
723	764
723	985
724	741
724	849
726	952
726	959
727	951
730	988
731	899
737	903
737	934
740	997
742	919
742	939
744	766
745	833
748	781
748	913
749	874
751	867
753	998
754	798
754	857
756	785
758	767
758	909
759	838
760	781
761	780
762	936
762	972
766	868
767	884
769	892
771	791
772	932
773	844
773	942
775	871
775	1000
776	839
779	818
782	796
784	944
788	980
791	834
793	854
796	983
798	806
798	851
803	953
805	900
805	976
807	879
807	914
812	847
814	977
815	934
815	989
820	866
827	835
827	981
828	897
832	836
843	872
843	945
848	965
851	924
851	953
852	864
855	859
855	937
862	967
863	911
869	872
874	986
877	976
878	894
880	904
882	988
884	992
886	897
886	955
890	892
890	947
891	941
899	915
899	918
900	999
911	933
939	961
943	977
944	974
948	975
952	956
957	974
966	977
972	986
