1	3
1	11
1	15
1	17
1	23
1	56
1	64
1	71
1	79
1	89
1	108
1	110
1	111
1	119
1	124
1	133
1	173
1	221
1	227
1	279
1	297
1	300
1	309
1	339
1	358
1	366
1	402
1	431
1	447
1	460
1	524
1	563
1	569
1	613
1	640
1	655
1	672
1	702
1	711
1	723
1	758
1	778
1	823
1	839
1	872
1	877
1	886
1	892
1	962
1	979
2	10
2	20
2	25
2	34
2	37
2	44
2	46
2	49
2	52
2	54
2	71
2	72
2	78
2	102
2	104
2	105
2	112
2	120
2	122
2	142
2	146
2	155
2	157
2	163
2	177
2	222
2	286
2	315
2	321
2	346
2	402
2	421
2	462
2	483
2	501
2	531
2	544
2	552
2	602
2	611
2	613
2	707
2	712
2	713
2	733
2	762
2	883
2	884
3	9
3	14
3	17
3	18
3	20
3	24
3	25
3	26
3	33
3	34
3	35
3	37
3	41
3	43
3	46
3	48
3	56
3	66
3	76
3	90
3	94
3	96
3	112
3	123
3	179
3	192
3	208
3	209
3	211
3	257
3	280
3	298
3	372
3	379
3	425
3	498
3	511
3	520
3	535
3	602
3	623
3	723
3	755
3	934
3	935
3	985
4	17
4	24
4	49
4	51
4	52
4	55
4	65
4	67
4	71
4	75
4	83
4	90
4	96
4	101
4	103
4	131
4	141
4	160
4	173
4	187
4	225
4	238
4	246
4	253
4	321
4	400
4	412
4	431
4	442
4	473
4	490
4	537
4	599
4	613
4	629
4	635
4	644
4	668
4	692
4	716
4	804
4	819
4	842
4	864
4	919
4	932
5	14
5	17
5	21
5	39
5	46
5	48
5	59
5	69
5	72
5	92
5	95
5	104
5	105
5	124
5	159
5	167
5	171
5	228
5	249
5	250
5	255
5	260
5	273
5	284
5	345
5	357
5	415
5	420
5	427
5	439
5	492
5	518
5	528
5	549
5	573
5	611
5	641
5	675
5	721
5	747
5	761
5	763
5	887
5	969
5	987
6	19
6	20
6	22
6	23
6	41
6	47
6	57
6	70
6	99
6	102
6	113
6	117
6	118
6	120
6	157
6	182
6	201
6	206
6	211
6	212
6	252
6	261
6	306
6	327
6	359
6	361
6	364
6	367
6	410
6	414
6	449
6	466
6	530
6	545
6	553
6	595
6	605
6	716
6	730
6	734
6	808
6	855
6	867
6	888
6	977
7	9
7	15
7	17
7	25
7	43
7	54
7	59
7	64
7	71
7	78
7	125
7	131
7	134
7	143
7	149
7	171
7	191
7	224
7	234
7	250
7	254
7	263
7	277
7	294
7	297
7	334
7	346
7	391
7	393
7	427
7	488
7	514
7	575
7	578
7	616
7	631
7	713
7	748
7	765
7	820
7	823
7	845
7	847
7	957
7	992
8	10
8	47
8	61
8	64
8	73
8	77
8	78
8	80
8	86
8	121
8	133
8	137
8	143
8	148
8	161
8	168
8	174
8	180
8	195
8	223
8	226
8	236
8	257
8	269
8	277
8	279
8	296
8	300
8	325
8	333
8	339
8	341
8	376
8	435
8	456
8	485
8	564
8	659
8	765
8	790
8	814
8	912
8	927
8	983
9	20
9	29
9	30
9	49
9	53
9	54
9	77
9	90
9	99
9	107
9	122
9	141
9	146
9	190
9	248
9	269
9	343
9	352
9	379
9	403
9	439
9	448
9	464
9	495
9	507
9	526
9	527
9	548
9	570
9	574
9	641
9	660
9	662
9	686
9	688
9	700
9	823
9	839
9	899
9	961
9	981
10	13
10	15
10	19
10	29
10	30
10	37
10	53
10	61
10	65
10	81
10	95
10	134
10	145
10	157
10	165
10	191
10	200
10	209
10	211
10	213
10	246
10	263
10	274
10	280
10	299
10	307
10	344
10	367
10	404
10	470
10	489
10	493
10	670
10	742
10	753
10	777
10	827
10	868
10	922
10	967
11	15
11	16
11	18
11	32
11	44
11	65
11	67
11	73
11	74
11	81
11	97
11	99
11	112
11	114
11	165
11	180
11	215
11	246
11	248
11	261
11	285
11	314
11	330
11	340
11	362
11	375
11	395
11	457
11	512
11	576
11	653
11	694
11	757
11	780
11	823
11	861
11	926
11	949
11	958
11	989
12	16
12	17
12	21
12	24
12	25
12	28
12	30
12	38
12	62
12	68
12	73
12	89
12	114
12	128
12	166
12	192
12	198
12	218
12	222
12	239
12	245
12	253
12	281
12	336
12	347
12	358
12	386
12	398
12	409
12	416
12	430
12	438
12	649
12	663
12	760
12	827
12	914
12	943
12	955
12	980
13	22
13	33
13	53
13	56
13	60
13	70
13	91
13	94
13	96
13	103
13	135
13	147
13	159
13	198
13	217
13	330
13	357
13	405
13	430
13	431
13	437
13	471
13	508
13	598
13	603
13	621
13	623
13	664
13	688
13	696
13	743
13	768
13	770
13	772
13	812
13	905
13	931
13	937
13	942
14	15
14	18
14	33
14	40
14	42
14	43
14	46
14	48
14	55
14	57
14	58
14	78
14	155
14	156
14	187
14	200
14	227
14	258
14	265
14	267
14	351
14	356
14	359
14	409
14	415
14	538
14	596
14	643
14	677
14	698
14	704
14	706
14	821
14	838
14	925
14	967
14	990
14	993
15	48
15	52
15	56
15	87
15	110
15	117
15	119
15	138
15	144
15	195
15	207
15	227
15	243
15	256
15	264
15	267
15	307
15	308
15	334
15	401
15	454
15	542
15	548
15	552
15	562
15	582
15	614
15	620
15	668
15	743
15	841
15	885
15	900
15	940
15	963
16	23
16	26
16	28
16	42
16	62
16	63
16	64
16	66
16	68
16	91
16	144
16	155
16	160
16	207
16	234
16	245
16	285
16	296
16	323
16	368
16	401
16	441
16	455
16	471
16	485
16	499
16	502
16	570
16	665
16	685
16	690
16	721
16	741
16	793
16	818
16	847
16	966
17	25
17	28
17	35
17	71
17	73
17	84
17	106
17	108
17	109
17	135
17	136
17	144
17	160
17	168
17	209
17	218
17	257
17	293
17	406
17	425
17	493
17	497
17	509
17	519
17	569
17	581
17	608
17	618
17	650
17	716
17	742
17	821
17	872
18	34
18	35
18	37
18	40
18	43
18	47
18	59
18	75
18	79
18	101
18	113
18	152
18	167
18	187
18	191
18	196
18	242
18	259
18	262
18	273
18	334
18	341
18	353
18	355
18	359
18	370
18	389
18	390
18	408
18	436
18	442
18	698
18	706
18	756
18	882
19	22
19	24
19	39
19	40
19	45
19	46
19	51
19	83
19	125
19	134
19	164
19	209
19	213
19	225
19	252
19	261
19	290
19	305
19	312
19	324
19	373
19	420
19	436
19	459
19	481
19	582
19	630
19	633
19	642
19	715
19	741
19	756
19	764
19	904
19	982
19	998
20	21
20	22
20	29
20	39
20	42
20	46
20	52
20	57
20	59
20	61
20	62
20	76
20	92
20	114
20	130
20	132
20	139
20	303
20	331
20	348
20	396
20	425
20	431
20	454
20	498
20	541
20	547
20	607
20	744
20	828
20	836
20	888
20	911
20	917
21	34
21	64
21	84
21	95
21	107
21	119
21	137
21	146
21	176
21	183
21	192
21	199
21	201
21	231
21	262
21	267
21	327
21	346
21	352
21	389
21	450
21	485
21	599
21	643
21	682
21	688
21	712
21	717
21	804
21	819
21	851
21	880
21	972
21	975
21	997
22	27
22	32
22	36
22	46
22	56
22	58
22	63
22	77
22	93
22	102
22	122
22	164
22	178
22	183
22	195
22	229
22	238
22	268
22	278
22	282
22	482
22	586
22	596
22	611
22	680
22	731
22	734
22	765
22	805
22	815
22	906
22	938
22	956
22	957
23	26
23	30
23	31
23	34
23	39
23	44
23	55
23	58
23	73
23	79
23	84
23	85
23	88
23	98
23	107
23	137
23	181
23	227
23	243
23	252
23	280
23	284
23	306
23	377
23	400
23	477
23	494
23	519
23	523
23	554
23	640
23	738
23	773
23	860
23	902
24	28
24	36
24	38
24	62
24	68
24	73
24	104
24	111
24	112
24	137
24	144
24	155
24	160
24	166
24	178
24	186
24	247
24	261
24	275
24	331
24	335
24	349
24	488
24	547
24	563
24	572
24	618
24	722
24	771
24	863
24	896
24	929
24	932
25	35
25	39
25	46
25	49
25	80
25	90
25	120
25	128
25	144
25	160
25	178
25	206
25	239
25	241
25	242
25	248
25	320
25	385
25	444
25	448
25	469
25	538
25	605
25	624
25	661
25	720
25	732
25	786
25	798
25	911
25	936
25	971
26	30
26	31
26	32
26	34
26	36
26	39
26	44
26	45
26	51
26	58
26	66
26	71
26	114
26	120
26	195
26	210
26	228
26	244
26	274
26	294
26	400
26	429
26	474
26	480
26	526
26	531
26	615
26	684
26	689
26	810
26	867
26	879
26	905
26	968
27	33
27	34
27	36
27	49
27	57
27	69
27	76
27	102
27	111
27	126
27	140
27	152
27	160
27	221
27	244
27	292
27	298
27	316
27	345
27	368
27	378
27	393
27	409
27	504
27	525
27	550
27	565
27	650
27	673
27	697
27	699
27	705
27	777
27	824
27	931
27	989
28	36
28	38
28	47
28	57
28	62
28	73
28	86
28	113
28	126
28	136
28	143
28	145
28	160
28	162
28	166
28	189
28	259
28	262
28	282
28	296
28	306
28	423
28	476
28	491
28	492
28	546
28	566
28	575
28	664
28	753
28	779
28	892
28	897
29	32
29	38
29	47
29	59
29	64
29	66
29	74
29	75
29	80
29	98
29	115
29	138
29	158
29	176
29	183
29	235
29	273
29	330
29	331
29	440
29	473
29	474
29	571
29	584
29	604
29	637
29	683
29	714
29	824
29	825
29	927
29	933
29	950
30	46
30	47
30	68
30	75
30	85
30	93
30	122
30	139
30	147
30	169
30	200
30	221
30	236
30	265
30	330
30	341
30	438
30	461
30	474
30	482
30	541
30	592
30	593
30	709
30	756
30	785
30	792
30	920
30	941
30	947
30	998
31	32
31	34
31	36
31	39
31	42
31	44
31	63
31	78
31	90
31	98
31	105
31	120
31	174
31	223
31	281
31	286
31	303
31	378
31	402
31	422
31	462
31	505
31	525
31	541
31	551
31	625
31	651
31	671
31	807
31	819
31	821
31	906
31	911
31	956
32	36
32	40
32	45
32	57
32	63
32	66
32	87
32	99
32	136
32	144
32	149
32	181
32	195
32	199
32	222
32	232
32	244
32	265
32	298
32	340
32	342
32	397
32	453
32	596
32	672
32	676
32	694
32	706
32	814
32	837
32	961
33	35
33	43
33	55
33	57
33	58
33	103
33	115
33	116
33	121
33	133
33	136
33	227
33	257
33	274
33	276
33	278
33	324
33	334
33	342
33	343
33	365
33	392
33	465
33	580
33	660
33	708
33	830
33	905
33	918
33	979
33	982
34	39
34	44
34	66
34	88
34	105
34	145
34	167
34	195
34	201
34	229
34	245
34	277
34	284
34	346
34	362
34	384
34	439
34	443
34	466
34	500
34	629
34	642
34	675
34	706
34	727
34	770
35	43
35	46
35	48
35	84
35	100
35	103
35	110
35	111
35	118
35	151
35	152
35	225
35	239
35	242
35	278
35	292
35	414
35	439
35	554
35	556
35	577
35	636
35	691
35	781
35	862
35	873
35	915
35	925
36	56
36	57
36	72
36	77
36	99
36	128
36	180
36	186
36	214
36	234
36	269
36	295
36	298
36	355
36	421
36	422
36	686
36	759
36	791
36	836
36	857
36	937
36	963
36	993
37	40
37	43
37	48
37	83
37	90
37	92
37	94
37	95
37	100
37	101
37	116
37	138
37	153
37	170
37	176
37	177
37	180
37	192
37	243
37	304
37	441
37	449
37	527
37	789
37	794
37	859
37	908
38	68
38	80
38	107
38	111
38	119
38	128
38	130
38	152
38	155
38	156
38	172
38	200
38	211
38	215
38	226
38	266
38	422
38	501
38	557
38	561
38	634
38	656
38	721
38	859
38	900
38	935
39	44
39	66
39	71
39	108
39	119
39	153
39	211
39	245
39	261
39	378
39	470
39	508
39	510
39	513
39	604
39	679
39	701
39	832
39	842
39	860
39	939
39	958
40	62
40	81
40	112
40	138
40	173
40	183
40	216
40	317
40	318
40	319
40	323
40	360
40	388
40	403
40	434
40	450
40	460
40	488
40	489
40	491
40	556
40	586
40	758
40	828
40	905
41	52
41	53
41	54
41	60
41	62
41	105
41	206
41	251
41	293
41	375
41	381
41	406
41	407
41	408
41	410
41	429
41	456
41	467
41	513
41	577
41	677
41	681
41	725
41	730
41	786
41	849
41	938
42	50
42	106
42	110
42	129
42	165
42	194
42	249
42	253
42	277
42	317
42	325
42	365
42	423
42	468
42	487
42	579
42	645
42	663
42	702
42	710
42	722
42	836
42	909
42	910
42	959
43	74
43	83
43	87
43	92
43	94
43	98
43	128
43	143
43	190
43	336
43	385
43	585
43	619
43	628
43	664
43	697
43	795
43	821
43	844
43	889
43	919
43	967
44	47
44	53
44	57
44	65
44	66
44	97
44	129
44	148
44	153
44	168
44	239
44	247
44	375
44	404
44	460
44	517
44	519
44	531
44	604
44	706
44	860
44	891
45	54
45	57
45	72
45	74
45	81
45	83
45	90
45	92
45	119
45	120
45	150
45	162
45	258
45	291
45	315
45	327
45	354
45	378
45	383
45	403
45	436
45	445
45	501
45	610
45	816
45	840
46	48
46	90
46	121
46	140
46	152
46	215
46	230
46	331
46	356
46	446
46	488
46	518
46	619
46	640
46	658
46	749
46	826
46	888
46	933
47	91
47	116
47	126
47	138
47	144
47	160
47	181
47	228
47	230
47	236
47	245
47	247
47	259
47	352
47	418
47	426
47	465
47	609
47	663
47	831
47	851
48	87
48	118
48	194
48	257
48	285
48	287
48	335
48	337
48	343
48	372
48	381
48	394
48	449
48	461
48	535
48	538
48	551
48	589
48	639
48	908
48	920
49	85
49	120
49	146
49	153
49	177
49	251
49	256
49	275
49	428
49	435
49	437
49	453
49	478
49	511
49	522
49	566
49	683
49	845
49	868
49	952
49	963
49	970
50	67
50	88
50	94
50	135
50	148
50	154
50	203
50	219
50	241
50	272
50	294
50	334
50	426
50	429
50	458
50	495
50	504
50	588
50	612
50	617
50	658
50	667
50	671
50	673
50	876
50	947
51	65
51	88
51	134
51	162
51	202
51	213
51	215
51	288
51	293
51	294
51	317
51	472
51	556
51	560
51	637
51	638
51	674
51	757
51	765
51	787
51	841
51	850
51	904
51	940
52	70
52	80
52	83
52	129
52	247
52	308
52	315
52	359
52	466
52	473
52	490
52	537
52	579
52	613
52	705
52	719
52	805
52	839
52	890
52	920
52	959
52	984
53	56
53	120
53	179
53	186
53	235
53	274
53	279
53	288
53	293
53	373
53	374
53	430
53	452
53	541
53	598
53	761
53	774
53	806
53	811
53	842
53	856
53	954
54	72
54	85
54	88
54	96
54	159
54	246
54	271
54	272
54	276
54	279
54	288
54	386
54	419
54	426
54	477
54	552
54	583
54	658
54	733
54	739
54	896
55	61
55	81
55	83
55	102
55	131
55	162
55	204
55	225
55	417
55	423
55	460
55	479
55	537
55	584
55	587
55	650
55	672
55	731
55	839
55	842
55	855
55	941
56	96
56	119
56	122
56	125
56	150
56	195
56	216
56	244
56	270
56	276
56	336
56	345
56	371
56	388
56	446
56	693
56	760
56	926
56	989
57	79
57	84
57	107
57	137
57	164
57	196
57	232
57	295
57	297
57	325
57	341
57	354
57	369
57	401
57	530
57	747
58	105
58	127
58	204
58	216
58	221
58	253
58	291
58	305
58	353
58	393
58	431
58	456
58	541
58	546
58	547
58	554
58	628
58	762
58	822
58	960
58	981
59	134
59	170
59	254
59	255
59	329
59	364
59	394
59	413
59	421
59	447
59	474
59	510
59	549
59	690
59	815
59	881
59	909
59	919
59	944
59	981
60	67
60	74
60	86
60	97
60	104
60	112
60	114
60	135
60	136
60	166
60	215
60	275
60	282
60	320
60	335
60	408
60	528
60	595
60	627
60	665
60	682
60	725
60	766
61	66
61	124
61	137
61	161
61	208
61	223
61	230
61	260
61	289
61	306
61	350
61	373
61	424
61	444
61	509
61	601
61	923
61	930
61	949
61	995
61	999
62	68
62	111
62	144
62	150
62	161
62	205
62	231
62	247
62	269
62	276
62	350
62	363
62	447
62	459
62	558
62	589
62	711
62	986
63	73
63	85
63	87
63	102
63	109
63	115
63	116
63	119
63	145
63	183
63	231
63	283
63	342
63	359
63	401
63	412
63	464
63	482
63	483
63	620
63	847
64	79
64	106
64	107
64	110
64	185
64	203
64	376
64	411
64	414
64	420
64	427
64	601
64	622
64	657
64	676
64	714
64	745
64	800
64	809
65	133
65	154
65	186
65	200
65	204
65	218
65	245
65	263
65	360
65	518
65	586
65	614
65	715
65	744
65	764
65	842
65	843
65	871
65	939
65	969
66	92
66	105
66	128
66	161
66	165
66	182
66	188
66	203
66	220
66	294
66	348
66	405
66	433
66	726
66	892
67	69
67	104
67	114
67	135
67	287
67	302
67	305
67	344
67	362
67	391
67	540
67	543
67	571
67	578
67	667
67	711
67	763
67	857
67	878
67	909
68	82
68	106
68	109
68	125
68	160
68	163
68	166
68	188
68	306
68	311
68	347
68	478
68	618
68	625
68	654
68	767
68	845
69	123
69	139
69	141
69	164
69	171
69	206
69	219
69	229
69	310
69	377
69	381
69	434
69	519
69	594
69	611
69	693
69	714
69	774
69	779
69	934
70	72
70	83
70	93
70	119
70	157
70	209
70	231
70	253
70	258
70	309
70	326
70	394
70	398
70	409
70	528
70	630
70	699
70	714
70	749
70	912
71	76
71	89
71	115
71	131
71	235
71	390
71	411
71	505
71	531
71	537
71	593
71	601
71	623
71	632
71	895
71	928
72	81
72	101
72	151
72	197
72	241
72	272
72	317
72	323
72	333
72	378
72	388
72	398
72	452
72	475
72	675
72	921
72	972
73	170
73	198
73	239
73	288
73	325
73	328
73	333
73	502
73	557
73	786
73	828
73	913
73	940
73	985
74	89
74	97
74	112
74	116
74	196
74	244
74	301
74	305
74	314
74	362
74	397
74	408
74	600
74	642
74	670
74	830
74	944
75	87
75	115
75	129
75	147
75	150
75	187
75	233
75	393
75	496
75	599
75	696
75	710
75	785
75	795
75	870
75	873
75	983
75	986
76	82
76	130
76	142
76	145
76	152
76	197
76	234
76	309
76	515
76	539
76	567
76	579
76	649
76	809
76	930
76	960
76	973
76	990
77	86
77	93
77	133
77	137
77	156
77	183
77	281
77	298
77	424
77	485
77	505
77	614
77	620
77	656
77	799
77	801
77	901
78	83
78	89
78	115
78	152
78	177
78	205
78	272
78	321
78	329
78	421
78	462
78	593
78	597
78	679
78	697
78	808
79	89
79	233
79	254
79	281
79	312
79	347
79	355
79	394
79	419
79	456
79	486
79	520
79	559
79	604
79	760
79	882
80	88
80	106
80	116
80	147
80	201
80	205
80	320
80	336
80	517
80	577
80	593
80	712
80	804
80	840
80	874
80	907
81	100
81	132
81	145
81	151
81	240
81	267
81	387
81	548
81	594
81	677
81	700
81	781
81	912
81	956
81	1000
82	85
82	102
82	113
82	119
82	120
82	142
82	224
82	246
82	286
82	331
82	414
82	420
82	445
82	476
82	521
82	583
82	781
82	805
82	872
83	94
83	111
83	332
83	440
83	490
83	537
83	583
83	609
83	717
83	757
83	852
83	868
84	101
84	113
84	129
84	170
84	211
84	230
84	248
84	312
84	324
84	374
84	379
84	581
84	621
84	648
84	674
84	693
85	89
85	153
85	224
85	226
85	276
85	290
85	466
85	514
85	544
85	600
85	685
85	734
85	747
85	873
85	930
86	95
86	97
86	100
86	129
86	138
86	191
86	208
86	264
86	283
86	387
86	465
86	881
86	901
86	904
86	921
86	928
86	986
87	100
87	135
87	234
87	239
87	263
87	280
87	495
87	582
87	621
87	728
87	820
87	838
87	937
87	966
88	97
88	132
88	148
88	232
88	315
88	330
88	340
88	343
88	512
88	713
88	846
88	876
88	923
88	948
89	104
89	107
89	165
89	168
89	170
89	204
89	302
89	416
89	419
89	490
89	652
89	690
89	770
90	101
90	231
90	248
90	311
90	321
90	491
90	514
90	522
90	648
90	668
90	686
90	906
91	137
91	161
91	291
91	339
91	348
91	390
91	406
91	417
91	455
91	523
91	546
91	603
91	636
91	736
91	845
91	975
91	995
92	128
92	184
92	192
92	199
92	267
92	276
92	309
92	534
92	549
92	646
92	726
92	737
92	751
92	942
93	106
93	135
93	181
93	184
93	199
93	296
93	421
93	481
93	606
93	632
93	668
93	843
93	878
93	914
93	981
94	173
94	263
94	374
94	383
94	441
94	511
94	531
94	550
94	566
94	603
94	696
94	756
94	969
95	134
95	154
95	199
95	203
95	236
95	283
95	382
95	446
95	521
95	626
95	634
95	647
95	744
95	882
96	103
96	121
96	123
96	153
96	226
96	274
96	324
96	380
96	431
96	555
96	723
96	782
96	819
96	995
97	112
97	156
97	162
97	168
97	204
97	311
97	363
97	432
97	453
97	531
97	560
97	752
97	879
98	117
98	146
98	193
98	252
98	258
98	335
98	381
98	427
98	609
98	704
98	709
98	791
98	864
98	873
98	936
99	109
99	116
99	185
99	273
99	283
99	301
99	345
99	352
99	364
99	445
99	463
99	625
99	716
99	806
100	117
100	145
100	151
100	179
100	338
100	387
100	413
100	628
100	749
100	767
100	843
100	897
100	984
101	107
101	147
101	274
101	338
101	575
101	622
101	653
101	808
101	817
101	862
101	945
101	974
102	140
102	164
102	185
102	244
102	290
102	319
102	355
102	396
102	761
102	818
102	996
103	136
103	153
103	192
103	225
103	242
103	283
103	353
103	394
103	471
103	547
103	589
103	651
103	798
104	113
104	146
104	208
104	322
104	424
104	444
104	472
104	559
104	652
104	746
104	766
104	954
105	139
105	197
105	229
105	327
105	384
105	415
105	422
105	433
105	705
105	716
105	752
106	107
106	109
106	144
106	192
106	394
106	404
106	434
106	536
106	639
106	672
106	769
106	885
107	174
107	205
107	326
107	349
107	422
107	803
107	854
107	897
107	991
108	118
108	178
108	196
108	240
108	277
108	313
108	440
108	452
108	470
108	533
108	534
108	572
108	691
108	698
108	998
109	111
109	116
109	117
109	274
109	373
109	462
109	476
109	747
109	772
109	915
109	977
109	981
110	158
110	187
110	203
110	372
110	475
110	507
110	536
110	632
110	639
110	801
110	805
110	808
111	170
111	173
111	259
111	264
111	395
111	535
111	574
111	636
111	974
112	114
112	302
112	304
112	311
112	314
112	659
112	689
112	698
112	928
113	124
113	139
113	217
113	250
113	297
113	316
113	468
113	594
113	617
113	669
113	737
114	147
114	260
114	285
114	298
114	469
114	557
114	644
114	690
114	787
114	984
115	120
115	149
115	151
115	188
115	225
115	331
115	399
115	607
115	645
115	788
115	961
116	355
116	471
116	475
116	528
116	614
116	638
116	676
116	968
116	997
117	138
117	193
117	221
117	315
117	323
117	371
117	423
117	495
117	690
117	702
117	737
117	866
118	128
118	146
118	191
118	221
118	361
118	376
118	499
118	540
118	721
118	772
118	865
118	908
119	159
119	195
119	257
119	266
119	307
119	915
120	206
120	308
120	375
120	428
120	492
120	575
121	139
121	148
121	324
121	347
121	381
121	492
121	688
121	697
121	770
121	786
121	811
121	979
122	123
122	140
122	152
122	162
122	214
122	254
122	355
122	356
122	466
122	507
122	847
123	134
123	192
123	242
123	270
123	280
123	305
123	363
123	382
123	390
123	414
123	854
123	922
124	167
124	171
124	245
124	265
124	316
124	368
124	370
124	430
124	585
124	608
124	878
125	168
125	173
125	182
125	214
125	268
125	385
125	405
125	651
125	768
125	801
125	888
126	128
126	138
126	166
126	207
126	360
126	412
126	471
126	663
126	727
126	744
126	852
126	915
127	128
127	164
127	184
127	212
127	225
127	312
127	319
127	439
127	472
127	545
127	751
127	924
127	934
127	994
128	156
128	487
128	575
128	782
128	894
129	133
129	134
129	260
129	318
129	344
129	592
129	682
129	933
129	986
130	210
130	299
130	468
130	469
130	507
130	602
130	646
130	647
130	705
130	751
130	797
130	924
131	227
131	256
131	412
131	440
131	557
131	681
131	722
131	741
131	757
131	894
131	925
132	162
132	246
132	293
132	317
132	320
132	343
132	359
132	394
132	451
132	655
132	669
132	939
133	220
133	230
133	315
133	318
133	424
133	505
133	551
133	809
133	994
134	197
134	218
134	262
134	290
134	587
134	870
134	985
135	286
135	380
135	389
135	425
135	428
135	775
135	817
135	868
136	235
136	240
136	313
136	332
136	407
136	451
136	547
136	648
136	784
137	464
137	504
137	569
137	589
137	825
137	861
137	916
138	169
138	184
138	230
138	776
138	794
138	865
138	930
139	167
139	232
139	255
139	393
139	395
139	633
139	652
139	665
139	669
140	183
140	198
140	208
140	301
140	389
140	533
140	557
140	824
140	883
140	972
141	229
141	233
141	394
141	426
141	518
141	565
141	594
141	666
141	771
141	832
141	840
142	310
142	341
142	470
142	616
142	692
142	703
142	739
142	744
142	799
142	817
142	962
143	174
143	190
143	223
143	406
143	475
143	499
143	512
143	569
143	638
143	649
144	413
144	441
144	459
144	502
144	935
145	164
145	221
145	258
145	310
145	314
145	495
145	828
146	183
146	234
146	363
146	666
146	769
146	844
146	952
147	190
147	205
147	249
147	256
147	404
147	435
147	813
147	972
148	217
148	239
148	315
148	366
148	443
148	459
148	535
148	559
148	938
149	172
149	203
149	275
149	391
149	466
149	494
149	532
149	700
149	703
149	897
149	958
150	172
150	198
150	292
150	419
150	583
150	649
150	715
150	724
150	856
150	930
151	408
151	454
151	486
151	527
151	591
151	749
151	800
151	885
151	912
152	196
152	248
152	446
152	467
152	483
152	695
153	259
153	332
153	353
153	415
153	477
153	650
153	902
154	160
154	299
154	316
154	483
154	500
154	576
154	606
154	607
154	658
154	750
154	811
155	256
155	493
155	513
155	764
155	790
155	831
155	897
155	950
155	991
156	218
156	257
156	285
156	300
156	303
156	384
156	533
156	624
157	305
157	349
157	401
157	410
157	457
157	553
157	579
157	581
157	593
158	256
158	260
158	288
158	327
158	396
158	435
158	548
158	665
158	735
158	748
158	783
159	179
159	217
159	250
159	312
159	430
159	673
159	704
159	899
159	993
160	732
160	757
160	934
161	244
161	251
161	271
161	308
161	331
161	859
161	949
161	996
162	322
162	392
162	479
162	689
162	731
162	975
163	297
163	342
163	358
163	364
163	436
163	595
163	598
163	626
163	631
163	743
163	884
164	262
164	382
164	510
164	655
164	806
164	950
165	248
165	261
165	397
165	678
165	690
165	816
165	875
165	935
166	282
166	340
166	615
166	810
166	880
166	915
166	924
167	169
167	171
167	299
167	404
167	503
167	674
167	796
167	941
168	408
168	416
168	432
168	540
168	631
168	660
168	796
169	282
169	289
169	432
169	539
169	549
169	550
169	570
169	670
169	788
169	807
170	245
170	363
170	523
170	707
170	822
170	852
170	880
171	174
171	237
171	269
171	291
171	432
171	502
171	553
171	929
172	176
172	207
172	252
172	366
172	612
172	633
172	755
172	854
172	956
172	973
173	178
173	217
173	311
173	329
173	365
173	542
173	970
174	264
174	325
174	339
174	376
174	459
174	472
174	512
174	633
175	210
175	211
175	217
175	227
175	266
175	276
175	397
175	434
175	554
175	677
175	724
175	910
175	964
176	347
176	351
176	358
176	388
176	644
176	667
176	682
176	708
177	316
177	386
177	437
177	538
177	570
177	789
177	925
177	976
178	179
178	239
178	451
178	532
178	591
178	876
178	912
179	197
179	273
179	453
179	508
179	600
179	725
179	806
180	360
180	467
180	481
180	525
180	620
180	684
180	777
180	980
181	194
181	214
181	341
181	433
181	646
181	763
181	835
181	871
182	186
182	304
182	310
182	515
182	538
182	592
182	608
182	835
182	884
183	188
183	397
183	581
183	613
184	255
184	316
184	540
184	614
184	718
184	881
184	934
184	1000
185	187
185	220
185	238
185	342
185	466
185	567
185	661
185	665
185	984
186	204
186	217
186	263
186	300
186	313
186	532
186	742
187	222
187	413
187	458
187	522
187	681
187	821
188	228
188	364
188	405
188	420
188	457
188	661
188	691
188	970
189	193
189	198
189	378
189	456
189	510
189	515
189	520
189	567
189	592
189	762
189	971
190	219
190	290
190	313
190	320
190	407
190	484
190	661
190	746
191	212
191	238
191	287
191	291
191	379
191	737
191	957
192	258
192	536
192	669
192	883
193	237
193	238
193	292
193	436
193	525
193	694
193	834
193	902
193	965
194	256
194	273
194	399
194	498
194	562
194	652
194	710
194	829
194	887
195	201
195	397
195	497
195	527
196	268
196	303
196	329
196	591
196	687
196	875
196	992
197	266
197	305
197	365
197	519
197	572
197	781
197	854
198	227
198	405
198	552
198	804
198	827
198	883
199	213
199	268
199	457
199	651
199	664
199	987
199	999
200	231
200	312
200	357
200	427
200	702
200	826
200	917
201	256
201	296
201	349
201	429
201	476
201	504
201	978
202	241
202	257
202	315
202	326
202	346
202	411
202	440
202	527
202	889
202	908
202	946
203	216
203	284
203	369
203	400
203	428
203	746
204	432
204	634
204	646
204	700
204	768
204	898
205	372
205	463
205	514
205	609
205	672
205	714
205	893
206	209
206	359
206	506
206	514
206	520
206	866
207	310
207	426
207	564
207	628
207	644
207	738
207	810
208	259
208	333
208	728
208	764
208	769
208	779
209	229
209	264
209	641
209	865
209	965
210	321
210	335
210	375
210	382
210	879
210	920
210	936
210	999
211	275
211	373
211	485
211	866
212	218
212	310
212	327
212	441
212	443
212	532
212	866
212	933
213	218
213	270
213	282
213	428
213	502
213	673
213	830
214	453
214	471
214	507
214	565
214	610
214	833
214	906
215	285
215	354
215	444
215	456
215	507
215	850
216	265
216	281
216	424
216	449
216	596
216	740
216	950
217	254
217	392
217	568
217	896
218	258
218	496
218	953
218	968
219	337
219	414
219	427
219	516
219	526
219	570
219	752
219	871
220	259
220	326
220	342
220	404
220	420
220	434
220	515
220	970
221	252
221	537
221	624
221	841
222	234
222	351
222	447
222	507
222	522
222	546
222	971
223	293
223	325
223	339
223	438
223	581
223	621
223	815
224	228
224	252
224	322
224	352
224	542
224	713
224	754
224	960
225	272
225	415
225	587
225	778
226	260
226	267
226	401
226	568
226	732
226	877
226	901
227	356
227	398
227	497
228	234
228	398
228	503
228	624
228	798
228	937
229	386
229	608
229	701
229	704
229	964
230	287
230	311
230	345
230	496
230	574
231	287
231	438
231	444
231	471
231	663
232	353
232	445
232	617
232	665
232	815
232	943
232	966
233	329
233	467
233	475
233	493
233	596
233	659
233	807
233	850
234	309
234	477
234	721
235	279
235	328
235	349
235	353
235	407
235	853
235	960
236	435
236	497
236	568
236	678
236	700
236	838
236	886
237	326
237	329
237	490
237	520
237	579
237	681
237	723
237	799
237	802
238	365
238	505
238	638
238	694
238	760
238	937
239	283
239	533
239	654
240	241
240	254
240	276
240	291
240	297
240	460
240	645
240	813
241	299
241	301
241	671
241	745
241	768
241	867
242	319
242	400
242	486
242	535
242	674
242	801
243	309
243	454
243	746
243	754
243	766
243	806
243	983
243	989
244	319
244	329
244	371
244	536
245	372
245	869
246	375
246	572
246	871
246	1000
247	263
247	296
247	363
247	392
247	727
248	796
248	799
248	916
249	289
249	386
249	530
249	532
249	534
249	641
249	723
250	420
250	451
250	516
250	591
250	666
250	774
251	279
251	345
251	431
251	508
251	594
251	696
251	988
252	558
252	825
252	920
253	330
253	392
253	562
253	589
253	800
254	262
254	416
254	776
254	826
255	351
255	413
255	476
255	524
255	592
255	900
256	855
256	938
257	412
257	446
258	354
258	490
258	620
259	558
259	779
259	800
260	584
260	740
260	910
260	947
261	385
261	540
261	576
261	898
262	411
262	489
262	543
262	885
263	446
263	853
263	917
264	671
264	710
264	818
264	853
264	943
265	291
265	347
265	659
265	728
265	953
266	308
266	311
266	392
266	599
266	852
266	890
267	356
267	528
267	558
267	936
268	352
268	517
268	566
268	675
268	812
268	939
269	484
269	487
269	505
269	524
269	881
270	280
270	322
270	382
270	402
270	681
270	698
270	758
271	350
271	465
271	495
271	505
271	508
271	736
271	811
271	983
272	301
272	468
272	834
272	864
272	916
273	481
273	490
273	524
273	932
274	302
274	470
274	743
275	277
275	558
275	611
275	622
275	624
276	554
276	988
277	391
277	482
277	622
277	629
278	496
278	650
278	743
278	849
278	894
278	901
278	948
279	488
279	580
279	655
279	913
280	327
280	353
280	814
280	850
281	323
281	349
281	447
281	459
281	657
282	303
282	339
282	370
282	596
283	389
283	510
283	874
283	921
284	294
284	340
284	480
284	489
284	637
284	830
285	302
285	344
285	380
285	473
286	559
286	621
286	648
286	707
286	753
286	781
287	325
287	332
287	350
287	670
287	995
288	385
288	519
288	552
288	612
288	923
289	351
289	421
289	437
289	482
289	634
289	903
290	767
290	785
290	961
290	977
291	320
291	857
292	323
292	533
292	593
292	812
292	929
293	500
293	793
293	858
294	395
294	454
294	976
295	338
295	402
295	423
295	590
295	626
295	968
295	994
296	318
296	773
296	831
297	569
297	580
297	911
298	483
298	625
298	667
299	336
299	417
299	772
299	846
300	369
300	477
300	597
300	687
300	987
301	635
301	649
301	692
301	705
302	370
302	624
302	627
302	739
303	377
303	400
303	696
303	889
304	385
304	409
304	461
304	678
304	759
304	861
305	388
305	448
306	399
306	545
306	574
306	720
307	500
307	552
307	745
307	754
307	962
307	963
308	412
308	666
308	728
308	787
309	334
309	548
309	964
310	615
310	694
310	950
311	834
311	856
312	404
312	437
312	893
313	345
313	438
313	447
313	546
313	943
314	567
314	717
314	729
314	858
314	933
315	506
316	356
316	457
316	496
317	351
317	773
317	877
317	947
318	361
318	429
318	464
318	695
318	997
319	497
319	503
319	504
319	656
320	856
320	924
320	993
321	332
321	400
321	470
321	518
322	445
322	636
322	788
322	906
322	938
323	403
323	425
323	597
324	363
324	380
324	545
324	944
325	464
325	595
326	501
326	807
326	911
326	918
327	704
327	794
328	436
328	534
328	557
328	560
328	618
328	719
328	979
329	330
329	451
330	547
330	893
331	469
331	708
332	442
332	499
332	553
332	871
333	339
333	398
333	406
333	518
333	634
334	590
334	702
334	946
335	588
335	667
335	729
335	736
336	497
336	720
336	833
336	913
337	556
337	625
337	641
337	651
337	719
337	844
337	865
338	602
338	610
338	740
338	792
338	798
338	857
339	506
339	916
340	482
340	500
340	750
340	809
341	375
341	418
341	448
342	411
342	632
342	951
343	469
343	516
343	770
343	875
344	360
344	568
344	633
344	660
344	914
345	545
345	940
346	494
346	518
346	561
346	622
347	396
347	423
347	487
348	398
348	441
348	551
348	556
348	612
348	653
349	374
349	508
349	633
350	610
350	654
350	730
350	733
350	755
351	385
351	450
351	945
352	548
352	620
352	954
353	399
353	684
354	411
354	433
354	438
354	467
354	903
355	895
355	965
356	510
356	551
357	492
357	513
357	567
357	779
357	837
358	566
358	600
358	637
358	989
359	873
360	398
360	582
360	868
361	396
361	540
361	944
361	955
361	991
362	440
362	484
362	598
362	671
363	458
364	536
364	582
364	742
365	371
365	391
365	948
366	555
366	604
366	630
366	872
366	884
367	442
367	516
367	759
367	830
367	843
367	942
368	439
368	544
368	641
368	658
368	835
369	373
369	390
369	481
369	550
369	711
370	565
370	623
370	662
370	927
371	542
371	645
371	778
371	797
372	560
372	840
372	879
373	618
373	880
374	605
374	801
374	955
374	957
375	735
376	543
376	602
376	678
376	954
377	383
377	389
377	533
377	559
377	561
378	576
378	965
379	418
379	546
379	613
379	922
380	399
380	635
380	662
380	899
381	430
381	529
381	851
382	470
382	822
382	835
383	463
383	500
383	558
383	601
383	869
384	488
384	861
384	863
384	867
384	885
385	492
386	586
386	767
386	785
387	427
387	452
387	472
387	753
387	992
388	469
388	565
388	619
389	454
389	503
390	562
390	606
390	783
391	639
391	702
391	891
392	529
392	580
393	413
393	472
393	575
395	511
395	666
395	750
395	866
396	733
396	751
396	844
397	573
397	635
399	578
399	880
399	960
400	688
401	926
401	991
402	477
402	509
402	685
403	583
403	625
403	662
403	824
404	803
405	450
405	610
405	870
406	556
406	730
406	840
407	577
407	592
407	617
407	731
408	417
408	510
409	412
409	895
409	980
410	504
410	521
410	531
410	627
410	909
411	433
411	874
412	941
413	528
413	942
414	462
414	534
415	460
415	611
415	862
416	685
416	748
416	849
416	958
417	750
417	780
417	792
417	860
418	571
418	687
418	799
418	874
418	882
419	423
419	532
419	598
419	976
420	492
421	503
421	890
422	675
422	814
422	863
423	796
424	442
424	513
424	994
425	740
425	961
425	969
426	584
426	712
426	951
427	789
428	453
428	817
428	982
429	509
429	573
429	615
430	711
430	713
431	630
432	543
432	545
432	725
433	679
433	886
433	978
434	468
434	677
434	695
435	695
435	719
435	788
436	599
436	844
437	458
437	726
437	791
438	536
438	607
439	846
440	712
441	635
442	563
442	736
443	677
443	683
443	784
443	983
444	535
444	655
445	563
445	993
446	982
447	895
448	618
448	889
448	958
449	693
449	735
449	798
450	521
450	530
450	662
451	619
451	700
452	455
452	834
452	972
453	996
454	784
455	480
455	523
455	640
455	875
456	820
457	573
457	606
458	607
458	951
458	957
459	708
460	472
461	482
461	634
461	776
461	825
462	504
462	962
463	578
463	636
463	853
463	922
464	756
464	802
465	467
465	539
465	812
467	837
468	680
468	718
469	551
473	689
473	706
473	881
474	541
474	758
474	853
475	662
475	895
476	514
476	600
477	914
478	524
478	591
478	616
478	727
478	862
479	615
479	780
479	831
479	848
479	987
480	598
480	707
480	784
480	926
481	511
481	755
483	588
483	966
484	647
484	699
484	862
484	980
485	894
485	918
486	659
486	669
486	793
486	859
487	561
487	585
487	597
488	726
489	630
489	814
489	904
491	550
491	574
491	794
491	891
493	522
493	664
493	687
494	650
494	774
494	829
494	967
495	795
496	735
496	919
497	778
498	539
498	907
498	932
498	945
499	573
499	941
499	971
500	526
501	530
501	623
501	632
502	629
502	654
503	686
503	815
506	762
506	792
506	869
506	975
508	606
509	560
509	658
509	876
511	710
511	788
512	569
512	785
512	851
513	525
513	687
514	928
515	563
515	858
515	887
516	718
516	783
516	903
517	628
517	656
517	804
517	904
519	899
520	555
520	888
521	657
521	771
521	984
522	838
522	951
523	557
523	878
523	918
524	577
524	783
525	738
525	824
526	560
526	573
526	686
527	544
527	746
528	942
529	549
529	643
529	699
529	784
529	953
530	636
530	854
532	846
533	599
534	616
534	718
535	719
536	973
537	538
538	682
539	561
539	887
539	998
540	657
541	623
542	546
542	990
542	996
543	603
543	683
543	734
544	764
544	810
544	899
545	722
547	692
548	998
549	646
549	729
550	790
550	988
551	932
552	668
553	818
553	892
553	1000
554	629
554	777
555	566
555	653
555	686
555	724
556	561
558	857
559	564
559	731
560	913
561	918
562	595
562	831
562	863
563	583
564	639
564	654
564	849
565	739
567	926
568	660
568	661
570	894
571	581
571	632
571	902
572	726
572	928
574	734
576	717
576	780
577	660
578	612
578	980
579	773
580	786
580	823
582	591
584	763
584	858
585	679
585	889
585	986
586	837
586	841
587	850
587	925
587	978
588	763
588	794
588	890
589	653
590	621
590	704
590	789
590	927
594	609
595	699
597	832
597	910
600	791
601	769
601	891
602	836
603	712
603	929
604	793
605	647
605	782
605	852
606	610
607	974
608	703
608	952
609	644
612	891
614	689
615	887
616	791
616	813
617	680
617	977
619	819
619	820
622	855
626	687
626	750
626	987
627	678
627	701
627	741
628	635
629	696
630	802
631	678
631	715
631	733
637	701
637	835
638	720
638	914
639	792
640	670
640	953
642	681
642	829
642	833
643	732
643	818
643	856
644	780
645	948
645	966
646	882
647	789
647	796
648	812
648	964
649	802
651	715
652	790
652	921
653	929
654	742
655	656
656	657
657	710
659	672
661	907
663	985
664	876
666	740
667	893
668	797
669	675
670	709
671	848
673	944
673	974
674	720
674	898
676	685
676	834
676	902
679	771
679	778
680	714
680	745
680	872
682	774
683	748
683	841
684	691
684	855
684	917
685	907
688	822
689	908
691	836
691	969
692	724
692	775
693	754
693	964
694	703
695	838
695	945
697	775
697	990
698	913
699	945
701	811
701	847
703	803
703	901
705	954
707	708
707	739
708	817
709	870
709	931
709	968
711	722
713	992
715	959
716	976
717	898
717	973
718	738
724	849
725	996
727	761
728	1000
729	737
729	905
730	766
732	802
735	900
736	861
738	953
741	805
745	973
747	896
748	829
749	848
751	810
752	883
752	924
753	846
754	988
755	877
758	878
759	828
759	865
760	761
762	848
765	884
766	875
767	978
768	772
769	995
771	892
773	869
775	890
775	978
776	903
776	935
777	991
782	907
782	975
783	803
787	803
787	903
790	959
793	825
795	813
795	832
797	939
797	974
800	858
807	860
808	826
809	833
813	923
816	833
816	848
816	864
820	990
822	971
826	898
827	851
827	886
829	947
832	893
837	845
839	874
843	979
859	927
863	946
864	965
867	992
869	952
870	931
877	943
879	959
886	951
896	921
900	949
909	985
910	970
916	936
917	919
922	999
923	946
931	962
940	956
946	948
949	977
952	997
955	967
955	994
963	999
976	997
982	988
