1	3
1	9
1	20
1	22
1	26
1	42
1	46
1	60
1	73
1	79
1	87
1	92
1	116
1	119
1	122
1	123
1	212
1	219
1	222
1	233
1	248
1	251
1	263
1	282
1	284
1	304
1	333
1	351
1	436
1	497
1	519
1	552
1	561
1	578
1	623
1	637
1	646
1	665
1	693
1	796
1	811
1	818
1	826
1	832
1	836
1	915
1	947
1	954
1	973
1	994
2	5
2	8
2	12
2	17
2	18
2	20
2	27
2	32
2	63
2	64
2	66
2	77
2	83
2	94
2	96
2	104
2	111
2	116
2	134
2	138
2	183
2	193
2	195
2	248
2	256
2	347
2	367
2	376
2	379
2	413
2	424
2	437
2	470
2	481
2	525
2	548
2	615
2	650
2	655
2	662
2	711
2	764
2	828
2	856
2	940
2	956
2	962
2	988
3	7
3	8
3	21
3	28
3	30
3	34
3	35
3	44
3	52
3	62
3	73
3	81
3	88
3	106
3	113
3	118
3	133
3	135
3	148
3	152
3	223
3	298
3	311
3	316
3	386
3	432
3	455
3	466
3	487
3	505
3	511
3	571
3	658
3	661
3	683
3	691
3	724
3	753
3	777
3	781
3	784
3	933
3	944
3	955
3	970
3	999
4	6
4	12
4	17
4	24
4	30
4	34
4	35
4	39
4	55
4	64
4	75
4	88
4	95
4	104
4	127
4	130
4	132
4	148
4	155
4	174
4	194
4	218
4	229
4	253
4	263
4	272
4	282
4	315
4	368
4	370
4	375
4	398
4	437
4	558
4	636
4	670
4	693
4	716
4	803
4	814
4	834
4	912
4	950
4	960
4	974
4	991
5	9
5	10
5	30
5	51
5	55
5	62
5	67
5	85
5	91
5	98
5	100
5	115
5	187
5	248
5	254
5	303
5	331
5	335
5	357
5	361
5	395
5	400
5	403
5	461
5	477
5	493
5	498
5	518
5	561
5	563
5	576
5	606
5	646
5	692
5	719
5	730
5	748
5	749
5	788
5	800
5	961
5	975
5	983
5	985
6	12
6	14
6	19
6	24
6	33
6	35
6	49
6	50
6	54
6	55
6	60
6	64
6	67
6	77
6	92
6	103
6	128
6	150
6	152
6	184
6	187
6	204
6	213
6	249
6	270
6	297
6	307
6	355
6	381
6	382
6	409
6	432
6	436
6	442
6	446
6	577
6	584
6	676
6	681
6	701
6	851
6	861
6	969
6	973
7	16
7	22
7	24
7	30
7	36
7	40
7	42
7	45
7	49
7	51
7	56
7	63
7	69
7	84
7	99
7	112
7	114
7	137
7	159
7	164
7	183
7	200
7	213
7	242
7	244
7	262
7	287
7	328
7	345
7	359
7	396
7	404
7	438
7	443
7	489
7	636
7	690
7	750
7	817
7	859
7	872
7	886
7	926
7	989
8	9
8	10
8	15
8	20
8	52
8	60
8	63
8	95
8	110
8	115
8	118
8	125
8	140
8	146
8	160
8	172
8	184
8	190
8	210
8	238
8	243
8	278
8	316
8	326
8	336
8	383
8	469
8	569
8	570
8	580
8	590
8	631
8	664
8	676
8	687
8	726
8	735
8	763
8	772
8	804
8	931
8	998
9	21
9	32
9	38
9	46
9	47
9	65
9	70
9	73
9	75
9	78
9	81
9	124
9	131
9	207
9	226
9	233
9	240
9	246
9	264
9	277
9	296
9	320
9	353
9	354
9	403
9	409
9	457
9	470
9	501
9	588
9	601
9	602
9	621
9	656
9	696
9	758
9	873
9	894
9	907
9	981
10	14
10	18
10	22
10	28
10	36
10	38
10	41
10	61
10	79
10	110
10	113
10	119
10	136
10	141
10	142
10	144
10	149
10	156
10	161
10	164
10	167
10	185
10	191
10	226
10	242
10	245
10	268
10	272
10	316
10	317
10	395
10	412
10	431
10	437
10	466
10	507
10	520
10	524
10	539
10	570
11	13
11	14
11	26
11	43
11	46
11	59
11	61
11	69
11	88
11	91
11	113
11	114
11	144
11	149
11	173
11	179
11	186
11	193
11	216
11	235
11	245
11	263
11	292
11	294
11	305
11	418
11	420
11	430
11	436
11	454
11	499
11	559
11	574
11	585
11	753
11	775
11	776
11	778
11	870
11	895
11	973
12	18
12	30
12	32
12	54
12	66
12	84
12	92
12	117
12	122
12	130
12	141
12	156
12	178
12	181
12	186
12	189
12	205
12	208
12	213
12	253
12	282
12	304
12	342
12	356
12	358
12	382
12	422
12	427
12	437
12	499
12	502
12	589
12	729
12	748
12	786
12	880
12	920
13	19
13	24
13	25
13	26
13	28
13	30
13	31
13	51
13	65
13	69
13	82
13	85
13	99
13	102
13	145
13	178
13	182
13	219
13	231
13	235
13	258
13	265
13	282
13	316
13	324
13	348
13	374
13	393
13	411
13	416
13	471
13	487
13	508
13	523
13	542
13	593
13	853
13	937
13	938
14	18
14	22
14	35
14	41
14	43
14	71
14	80
14	81
14	82
14	102
14	123
14	124
14	130
14	176
14	228
14	263
14	265
14	272
14	285
14	313
14	327
14	345
14	367
14	387
14	390
14	401
14	439
14	471
14	472
14	544
14	579
14	586
14	618
14	632
14	654
14	693
14	926
15	33
15	41
15	59
15	61
15	63
15	68
15	74
15	75
15	78
15	93
15	107
15	129
15	130
15	138
15	153
15	157
15	161
15	270
15	295
15	322
15	324
15	349
15	354
15	487
15	494
15	504
15	527
15	534
15	558
15	579
15	611
15	652
15	675
15	751
15	839
15	853
15	873
15	992
15	995
16	22
16	45
16	49
16	53
16	57
16	67
16	78
16	79
16	86
16	89
16	112
16	116
16	121
16	124
16	147
16	165
16	207
16	225
16	251
16	267
16	327
16	332
16	353
16	382
16	404
16	454
16	462
16	483
16	516
16	565
16	654
16	678
16	701
16	721
16	750
16	865
16	939
16	956
17	18
17	19
17	37
17	46
17	52
17	62
17	64
17	67
17	77
17	82
17	95
17	103
17	153
17	160
17	184
17	189
17	196
17	232
17	237
17	257
17	279
17	293
17	312
17	313
17	346
17	493
17	496
17	543
17	544
17	589
17	654
17	676
17	807
17	866
17	919
17	928
17	995
18	23
18	29
18	51
18	59
18	61
18	66
18	72
18	83
18	126
18	127
18	154
18	195
18	209
18	215
18	217
18	239
18	252
18	280
18	315
18	490
18	514
18	548
18	555
18	566
18	659
18	694
18	725
18	734
18	761
18	799
18	819
18	835
18	952
19	20
19	28
19	46
19	52
19	55
19	58
19	69
19	75
19	82
19	91
19	109
19	117
19	122
19	135
19	145
19	152
19	173
19	174
19	216
19	219
19	263
19	281
19	309
19	318
19	381
19	436
19	464
19	471
19	487
19	530
19	623
19	706
19	731
19	812
19	914
20	26
20	29
20	31
20	33
20	40
20	43
20	54
20	76
20	77
20	82
20	122
20	139
20	196
20	200
20	216
20	281
20	296
20	351
20	412
20	417
20	500
20	505
20	514
20	637
20	701
20	715
20	821
20	841
20	893
20	901
20	903
20	917
20	962
20	991
21	24
21	25
21	52
21	88
21	96
21	97
21	99
21	112
21	165
21	168
21	172
21	202
21	210
21	241
21	264
21	315
21	328
21	337
21	417
21	425
21	434
21	464
21	506
21	604
21	608
21	652
21	660
21	673
21	717
21	751
21	769
21	797
21	877
21	880
21	916
21	934
22	24
22	27
22	45
22	74
22	77
22	89
22	104
22	120
22	137
22	165
22	198
22	201
22	206
22	228
22	231
22	256
22	258
22	336
22	355
22	384
22	479
22	565
22	629
22	640
22	692
22	694
22	710
22	738
22	826
22	834
22	972
22	977
22	993
23	29
23	39
23	50
23	55
23	60
23	96
23	126
23	131
23	134
23	151
23	163
23	181
23	207
23	208
23	209
23	212
23	241
23	252
23	262
23	279
23	294
23	356
23	369
23	421
23	429
23	450
23	559
23	593
23	641
23	711
23	733
23	807
23	848
23	860
23	913
23	957
23	987
24	44
24	47
24	49
24	57
24	83
24	85
24	102
24	113
24	136
24	237
24	252
24	256
24	348
24	373
24	379
24	399
24	413
24	509
24	514
24	521
24	536
24	538
24	553
24	560
24	577
24	607
24	670
24	730
24	739
24	913
24	949
25	30
25	34
25	41
25	56
25	67
25	68
25	71
25	78
25	110
25	146
25	170
25	177
25	181
25	198
25	204
25	252
25	265
25	268
25	329
25	429
25	431
25	460
25	461
25	476
25	498
25	517
25	643
25	651
25	696
25	711
25	826
25	871
25	901
25	965
25	980
26	46
26	53
26	65
26	67
26	69
26	79
26	110
26	114
26	129
26	147
26	186
26	203
26	208
26	218
26	240
26	254
26	255
26	261
26	281
26	297
26	341
26	376
26	383
26	455
26	469
26	551
26	609
26	623
26	625
26	743
26	894
26	916
26	981
27	30
27	38
27	52
27	67
27	97
27	108
27	133
27	134
27	135
27	143
27	154
27	165
27	172
27	260
27	274
27	286
27	298
27	400
27	429
27	450
27	541
27	567
27	583
27	598
27	641
27	642
27	648
27	683
27	701
27	738
27	754
27	758
27	782
27	876
27	926
28	30
28	42
28	118
28	133
28	162
28	170
28	192
28	208
28	216
28	242
28	251
28	287
28	300
28	379
28	402
28	406
28	428
28	447
28	458
28	464
28	498
28	560
28	594
28	661
28	702
28	712
28	758
28	822
28	842
28	847
28	854
28	972
28	999
29	36
29	43
29	48
29	61
29	74
29	80
29	82
29	102
29	108
29	122
29	136
29	166
29	175
29	193
29	299
29	302
29	305
29	343
29	362
29	478
29	489
29	516
29	530
29	619
29	667
29	674
29	723
29	756
29	814
29	860
29	911
29	974
29	996
30	42
30	45
30	53
30	67
30	90
30	91
30	98
30	104
30	122
30	157
30	201
30	277
30	298
30	328
30	347
30	379
30	423
30	617
30	640
30	667
30	775
30	835
30	842
30	856
30	955
30	997
30	999
31	33
31	34
31	38
31	44
31	76
31	82
31	86
31	99
31	127
31	133
31	141
31	157
31	166
31	197
31	275
31	296
31	329
31	342
31	352
31	440
31	441
31	452
31	466
31	509
31	523
31	532
31	557
31	653
31	662
31	718
31	780
31	843
31	890
31	923
32	37
32	55
32	64
32	65
32	66
32	113
32	116
32	189
32	213
32	252
32	266
32	274
32	278
32	330
32	334
32	365
32	410
32	473
32	485
32	502
32	517
32	585
32	619
32	645
32	653
32	661
32	683
32	706
32	716
32	900
32	922
32	958
32	965
33	49
33	65
33	73
33	87
33	92
33	103
33	127
33	173
33	176
33	197
33	214
33	225
33	274
33	288
33	297
33	309
33	368
33	473
33	542
33	558
33	585
33	586
33	587
33	622
33	706
33	712
33	776
33	831
33	849
33	854
33	908
34	36
34	44
34	45
34	56
34	58
34	68
34	152
34	155
34	166
34	185
34	190
34	195
34	206
34	264
34	298
34	339
34	360
34	378
34	430
34	435
34	511
34	547
34	581
34	674
34	762
34	767
34	816
34	866
34	941
34	997
35	52
35	59
35	62
35	64
35	70
35	86
35	99
35	115
35	120
35	129
35	168
35	177
35	209
35	218
35	254
35	322
35	339
35	349
35	369
35	381
35	388
35	392
35	459
35	611
35	634
35	647
35	852
35	979
35	990
36	37
36	45
36	54
36	61
36	86
36	98
36	112
36	119
36	179
36	185
36	221
36	271
36	280
36	305
36	328
36	361
36	424
36	480
36	509
36	524
36	588
36	680
36	715
36	775
36	781
36	864
36	916
37	56
37	80
37	82
37	119
37	120
37	123
37	140
37	149
37	151
37	162
37	164
37	213
37	328
37	418
37	441
37	451
37	508
37	595
37	601
37	605
37	684
37	752
37	824
37	861
37	864
37	866
37	887
37	986
38	39
38	42
38	47
38	50
38	67
38	113
38	126
38	135
38	234
38	250
38	284
38	352
38	365
38	376
38	407
38	424
38	463
38	485
38	550
38	599
38	602
38	777
38	823
38	864
38	910
38	977
39	59
39	61
39	67
39	77
39	86
39	88
39	107
39	113
39	126
39	134
39	197
39	207
39	215
39	259
39	294
39	319
39	358
39	382
39	393
39	455
39	576
39	683
39	689
39	797
39	839
39	849
39	857
40	52
40	72
40	83
40	93
40	95
40	96
40	98
40	166
40	172
40	188
40	191
40	205
40	217
40	284
40	299
40	346
40	353
40	366
40	537
40	544
40	761
40	774
40	810
40	846
40	941
40	990
40	992
40	1000
41	80
41	98
41	118
41	123
41	125
41	156
41	180
41	249
41	322
41	340
41	344
41	367
41	411
41	431
41	448
41	500
41	524
41	555
41	604
41	696
41	697
41	811
41	956
41	983
41	996
42	43
42	50
42	52
42	56
42	58
42	64
42	78
42	98
42	102
42	149
42	188
42	218
42	227
42	287
42	303
42	310
42	353
42	414
42	512
42	633
42	712
42	894
42	906
42	945
43	63
43	94
43	102
43	122
43	133
43	136
43	185
43	190
43	192
43	235
43	273
43	334
43	343
43	345
43	346
43	359
43	406
43	516
43	518
43	555
43	657
43	672
43	868
43	887
44	62
44	68
44	93
44	129
44	138
44	143
44	262
44	271
44	295
44	383
44	387
44	399
44	426
44	432
44	447
44	506
44	540
44	592
44	628
44	691
44	705
44	752
44	845
44	873
44	952
45	53
45	59
45	96
45	106
45	121
45	124
45	206
45	270
45	292
45	299
45	310
45	333
45	344
45	357
45	362
45	431
45	435
45	584
45	586
45	610
45	846
45	899
45	963
46	55
46	93
46	99
46	139
46	143
46	162
46	188
46	196
46	227
46	240
46	276
46	294
46	364
46	445
46	460
46	586
46	609
46	617
46	634
46	783
46	787
46	946
46	980
47	48
47	50
47	54
47	80
47	86
47	113
47	116
47	123
47	132
47	224
47	239
47	241
47	255
47	282
47	315
47	330
47	375
47	393
47	449
47	567
47	647
47	684
47	844
47	940
47	956
48	54
48	72
48	110
48	111
48	115
48	124
48	177
48	191
48	424
48	440
48	448
48	451
48	454
48	468
48	478
48	549
48	698
48	709
48	798
48	828
48	848
48	875
48	918
48	943
48	966
48	968
49	64
49	72
49	176
49	180
49	231
49	237
49	251
49	295
49	312
49	317
49	375
49	413
49	463
49	498
49	520
49	525
49	577
49	659
49	692
49	703
49	875
49	918
50	56
50	66
50	73
50	79
50	83
50	88
50	93
50	196
50	272
50	311
50	326
50	371
50	409
50	521
50	532
50	607
50	608
50	786
50	827
50	828
50	925
50	943
51	55
51	57
51	70
51	78
51	107
51	115
51	119
51	188
51	318
51	387
51	389
51	420
51	433
51	487
51	488
51	501
51	577
51	578
51	639
51	744
51	815
51	831
51	864
52	72
52	93
52	94
52	107
52	221
52	228
52	247
52	279
52	287
52	437
52	468
52	504
52	681
52	723
52	739
52	782
52	931
52	942
53	65
53	67
53	74
53	78
53	101
53	139
53	160
53	251
53	256
53	316
53	330
53	378
53	462
53	469
53	667
53	689
53	747
53	793
53	796
53	867
53	952
53	962
53	963
54	64
54	87
54	97
54	115
54	144
54	161
54	211
54	239
54	250
54	303
54	406
54	461
54	471
54	481
54	496
54	521
54	533
54	546
54	628
54	921
55	63
55	97
55	152
55	163
55	201
55	244
55	264
55	274
55	275
55	422
55	439
55	468
55	496
55	523
55	591
55	594
55	630
55	736
56	58
56	62
56	100
56	113
56	151
56	206
56	229
56	259
56	290
56	368
56	441
56	460
56	465
56	472
56	535
56	588
56	720
56	755
56	849
56	912
57	66
57	108
57	131
57	146
57	148
57	155
57	163
57	194
57	195
57	203
57	245
57	270
57	294
57	321
57	376
57	391
57	456
57	551
57	591
57	788
57	829
57	842
57	911
58	66
58	72
58	73
58	76
58	102
58	116
58	139
58	147
58	155
58	227
58	261
58	277
58	280
58	300
58	369
58	438
58	536
58	569
58	625
58	713
58	845
58	860
59	65
59	73
59	115
59	147
59	191
59	238
59	249
59	250
59	279
59	281
59	286
59	359
59	529
59	672
59	680
59	690
59	707
59	833
59	851
60	65
60	79
60	118
60	172
60	175
60	268
60	269
60	278
60	326
60	391
60	419
60	486
60	590
60	676
60	687
60	735
60	740
60	816
60	898
60	952
60	961
61	65
61	76
61	90
61	95
61	135
61	214
61	248
61	252
61	356
61	393
61	453
61	469
61	511
61	583
61	613
61	932
61	935
61	982
62	71
62	84
62	160
62	170
62	190
62	285
62	323
62	333
62	351
62	387
62	405
62	411
62	449
62	497
62	633
62	729
62	858
62	925
62	963
63	79
63	133
63	148
63	151
63	195
63	216
63	232
63	342
63	377
63	386
63	421
63	514
63	535
63	677
63	679
63	737
63	880
63	918
63	951
64	141
64	159
64	229
64	290
64	335
64	341
64	391
64	419
64	464
64	472
64	528
64	546
64	622
64	781
64	852
64	949
65	100
65	101
65	119
65	126
65	162
65	200
65	250
65	370
65	403
65	466
65	663
65	668
65	727
65	827
65	929
65	984
66	88
66	94
66	118
66	159
66	172
66	288
66	321
66	340
66	343
66	374
66	397
66	417
66	481
66	539
66	608
66	893
66	924
67	78
67	105
67	108
67	116
67	172
67	247
67	267
67	327
67	391
67	409
67	757
67	794
67	823
68	83
68	85
68	86
68	87
68	90
68	101
68	104
68	155
68	246
68	263
68	319
68	325
68	331
68	410
68	649
68	670
68	691
68	709
68	767
69	103
69	143
69	189
69	193
69	227
69	233
69	285
69	289
69	309
69	348
69	351
69	369
69	436
69	445
69	515
69	568
69	786
69	994
70	91
70	107
70	187
70	189
70	231
70	300
70	318
70	348
70	362
70	401
70	492
70	552
70	568
70	595
70	617
70	656
70	764
70	793
70	822
70	979
71	73
71	107
71	130
71	210
71	230
71	262
71	273
71	312
71	317
71	482
71	486
71	500
71	581
71	601
71	644
71	748
71	838
71	882
71	984
71	997
72	85
72	93
72	146
72	170
72	176
72	232
72	239
72	325
72	404
72	456
72	469
72	526
72	836
72	874
72	876
72	892
72	992
73	79
73	126
73	143
73	234
73	271
73	329
73	425
73	480
73	493
73	519
73	576
73	749
73	868
73	934
74	75
74	124
74	135
74	137
74	145
74	154
74	176
74	191
74	220
74	231
74	281
74	293
74	440
74	598
74	610
74	910
74	927
74	950
75	90
75	104
75	140
75	177
75	201
75	220
75	269
75	328
75	398
75	457
75	474
75	500
75	519
75	550
75	746
75	931
75	960
76	91
76	150
76	151
76	162
76	172
76	229
76	243
76	249
76	275
76	370
76	458
76	603
76	685
76	689
76	812
76	818
76	853
76	951
77	97
77	196
77	220
77	229
77	261
77	310
77	344
77	359
77	364
77	406
77	590
77	698
77	795
77	831
77	964
78	205
78	251
78	267
78	333
78	367
78	554
78	557
78	596
78	871
78	923
78	939
78	950
78	993
79	85
79	106
79	110
79	117
79	130
79	160
79	215
79	216
79	231
79	405
79	525
79	679
79	867
80	104
80	120
80	150
80	164
80	167
80	169
80	247
80	266
80	297
80	313
80	343
80	344
80	453
80	610
80	731
80	778
81	83
81	93
81	111
81	154
81	195
81	233
81	238
81	284
81	302
81	362
81	384
81	442
81	500
81	530
81	579
81	592
81	610
81	964
82	122
82	141
82	149
82	234
82	273
82	286
82	364
82	482
82	646
82	703
82	723
82	841
82	980
83	101
83	103
83	234
83	272
83	279
83	299
83	308
83	543
83	663
83	794
83	834
83	888
83	924
83	970
84	88
84	99
84	117
84	128
84	132
84	209
84	211
84	290
84	377
84	386
84	579
84	648
84	778
84	822
84	873
84	889
84	895
84	960
85	106
85	107
85	172
85	197
85	211
85	366
85	408
85	423
85	525
85	543
85	622
85	806
85	840
85	885
85	912
86	131
86	202
86	266
86	270
86	298
86	330
86	349
86	380
86	400
86	417
86	430
86	510
86	665
86	753
87	96
87	169
87	191
87	223
87	291
87	428
87	454
87	496
87	500
87	502
87	538
87	561
87	601
87	650
87	766
87	809
88	117
88	215
88	252
88	338
88	369
88	380
88	452
88	559
88	568
88	639
88	734
88	988
89	105
89	188
89	220
89	229
89	258
89	267
89	277
89	330
89	361
89	374
89	438
89	460
89	489
89	517
89	741
89	751
89	790
89	995
90	95
90	155
90	163
90	187
90	193
90	218
90	343
90	373
90	411
90	416
90	430
90	431
90	522
90	631
90	662
90	992
91	137
91	175
91	180
91	214
91	232
91	265
91	306
91	552
91	596
91	648
91	762
91	815
91	944
91	971
92	111
92	219
92	236
92	255
92	309
92	335
92	341
92	351
92	405
92	556
92	692
92	694
92	718
92	730
92	780
92	843
93	124
93	151
93	167
93	202
93	233
93	236
93	313
93	319
93	476
93	745
93	948
94	96
94	148
94	163
94	205
94	280
94	282
94	285
94	288
94	296
94	486
94	545
94	575
94	589
94	966
94	978
95	99
95	111
95	198
95	221
95	246
95	370
95	395
95	560
95	636
95	727
95	759
95	788
95	830
96	99
96	126
96	146
96	154
96	225
96	253
96	279
96	310
96	427
96	538
96	790
96	922
97	146
97	150
97	202
97	235
97	452
97	553
97	588
97	678
97	708
97	760
97	778
97	792
97	892
97	899
98	102
98	103
98	201
98	349
98	447
98	503
98	573
98	643
98	685
98	705
98	761
98	863
98	901
99	201
99	239
99	348
99	412
99	445
99	602
99	719
99	812
99	818
99	844
100	125
100	174
100	185
100	544
100	553
100	554
100	581
100	597
100	620
100	707
100	805
100	825
100	840
100	913
100	995
101	105
101	140
101	152
101	171
101	285
101	343
101	363
101	402
101	526
101	531
101	539
101	658
101	732
101	802
102	114
102	179
102	309
102	330
102	396
102	399
102	474
102	482
102	495
102	631
103	153
103	156
103	166
103	184
103	238
103	292
103	294
103	351
103	412
103	560
103	703
103	924
104	120
104	202
104	203
104	241
104	258
104	348
104	358
104	575
104	606
104	608
104	947
105	112
105	202
105	231
105	257
105	287
105	376
105	426
105	484
105	528
105	616
105	671
105	673
105	694
105	793
105	835
106	135
106	193
106	194
106	219
106	256
106	293
106	365
106	396
106	472
106	504
106	671
106	804
106	869
106	903
107	133
107	137
107	149
107	289
107	392
107	426
107	428
107	511
107	644
107	768
107	839
108	144
108	274
108	285
108	362
108	438
108	454
108	483
108	583
108	635
108	645
108	709
108	758
108	814
108	908
109	151
109	240
109	243
109	253
109	282
109	304
109	372
109	512
109	593
109	728
109	757
109	806
109	819
109	849
109	923
109	935
110	112
110	136
110	154
110	182
110	194
110	199
110	236
110	271
110	537
110	587
110	953
111	123
111	166
111	174
111	288
111	418
111	445
111	447
111	455
111	547
111	652
111	655
111	989
112	170
112	223
112	270
112	276
112	329
112	412
112	480
112	565
112	645
112	649
112	822
113	248
113	249
113	253
113	341
113	595
113	701
113	794
113	939
114	139
114	171
114	189
114	200
114	225
114	256
114	482
114	552
114	603
114	646
114	650
114	821
114	854
115	173
115	178
115	200
115	202
115	300
115	368
115	377
115	544
115	700
115	832
116	128
116	129
116	168
116	176
116	254
116	414
116	564
116	602
116	605
116	717
117	123
117	168
117	177
117	227
117	229
117	234
117	281
117	406
117	412
117	502
117	554
117	677
118	181
118	225
118	230
118	324
118	336
118	596
118	745
118	846
118	915
118	919
119	185
119	194
119	340
119	478
119	520
119	530
119	556
119	661
119	891
119	925
120	227
120	295
120	379
120	428
120	457
120	521
120	642
120	767
120	895
120	905
120	915
121	124
121	202
121	203
121	329
121	371
121	372
121	435
121	492
121	508
121	513
121	539
121	555
121	625
121	829
122	147
122	263
122	364
122	492
122	536
122	570
122	618
122	936
123	178
123	198
123	238
123	346
123	377
123	378
123	399
123	796
123	811
124	184
124	198
124	281
124	353
124	586
124	815
124	920
125	146
125	240
125	243
125	259
125	326
125	360
125	403
125	415
125	627
125	702
125	732
125	774
126	139
126	161
126	277
126	334
126	358
126	386
126	410
126	437
127	199
127	237
127	273
127	304
127	314
127	383
127	432
127	520
127	554
127	797
127	977
128	136
128	153
128	192
128	196
128	288
128	301
128	448
128	473
128	538
128	669
128	688
128	863
129	210
129	243
129	360
129	397
129	416
129	419
129	504
129	505
129	525
129	871
130	133
130	184
130	326
130	421
130	446
130	726
130	825
130	975
130	1000
131	134
131	211
131	218
131	250
131	286
131	352
131	376
131	417
131	672
131	925
131	998
132	143
132	174
132	202
132	215
132	264
132	266
132	299
132	406
132	711
132	777
132	836
132	970
133	217
133	331
133	384
133	587
133	802
133	872
133	953
134	141
134	168
134	288
134	374
134	385
134	414
134	430
134	446
134	496
134	635
135	285
135	365
135	429
135	494
135	578
135	617
135	762
135	891
136	233
136	353
136	434
136	537
136	540
136	605
136	877
136	944
136	964
137	192
137	219
137	278
137	298
137	426
137	470
137	488
137	717
137	808
137	902
138	149
138	239
138	242
138	265
138	284
138	395
138	407
138	434
138	442
138	572
138	591
138	791
139	253
139	322
139	336
139	367
139	569
139	628
139	929
139	930
139	945
140	174
140	242
140	246
140	352
140	614
140	709
140	746
140	768
140	933
140	955
141	143
141	158
141	197
141	233
141	582
141	592
141	721
141	723
142	166
142	169
142	183
142	207
142	214
142	215
142	259
142	320
142	410
142	483
142	559
142	716
142	886
143	235
143	246
143	310
143	335
143	360
143	451
143	677
144	166
144	247
144	260
144	304
144	408
144	665
144	743
144	876
144	896
144	967
145	153
145	186
145	335
145	341
145	396
145	412
145	585
145	759
145	788
145	818
145	872
146	238
146	319
146	470
146	577
146	616
146	974
146	991
147	223
147	255
147	289
147	307
147	342
147	433
147	599
147	647
147	699
148	186
148	191
148	292
148	350
148	456
148	484
148	551
148	675
148	813
149	329
149	403
149	454
149	466
149	488
149	713
149	775
150	177
150	209
150	214
150	219
150	249
150	289
150	472
150	489
150	674
150	704
151	188
151	575
151	658
151	672
151	674
151	710
151	754
152	171
152	295
152	402
152	423
152	482
152	531
152	661
152	798
153	158
153	200
153	293
153	307
153	422
153	458
153	682
153	733
153	945
154	160
154	275
154	341
154	355
154	415
154	521
154	699
154	716
155	293
155	305
155	423
155	463
155	499
155	511
155	533
155	948
156	168
156	224
156	433
156	500
156	502
156	551
156	557
156	657
156	726
157	271
157	301
157	306
157	334
157	356
157	570
157	667
157	857
157	880
157	948
158	246
158	257
158	305
158	353
158	428
158	553
158	564
158	582
158	670
158	825
158	932
159	295
159	303
159	311
159	481
159	531
159	627
159	743
159	770
159	808
159	834
160	190
160	248
160	446
160	671
160	731
160	763
160	944
161	200
161	218
161	230
161	311
161	314
161	459
161	598
161	846
161	876
162	234
162	297
162	298
162	386
162	630
162	700
162	739
162	960
163	211
163	311
163	321
163	327
163	345
163	607
163	616
163	705
164	314
164	388
164	390
164	420
164	529
164	598
164	706
164	800
164	966
165	267
165	394
165	407
165	433
165	572
165	751
165	782
165	789
165	900
166	172
166	205
166	265
166	348
166	533
167	261
167	265
167	388
167	539
167	566
167	569
167	655
167	727
167	733
167	893
168	191
168	223
168	373
168	380
168	609
168	620
168	678
169	230
169	257
169	260
169	275
169	325
169	445
169	546
169	634
169	844
169	848
170	293
170	355
170	357
170	699
170	841
170	875
170	909
170	966
171	198
171	355
171	404
171	424
171	510
171	581
171	583
171	678
171	799
171	858
172	403
172	507
172	666
173	264
173	266
173	348
173	413
173	467
173	530
173	543
173	928
173	958
174	178
174	188
174	206
174	339
174	805
174	891
174	944
175	192
175	258
175	360
175	444
175	462
175	497
175	504
175	600
175	701
175	881
176	261
176	407
176	409
176	645
176	707
176	814
177	292
177	338
177	720
177	774
177	970
177	982
178	183
178	213
178	405
178	646
178	655
178	669
178	710
179	205
179	222
179	350
179	446
179	528
179	550
179	663
179	714
179	808
180	331
180	370
180	444
180	473
180	485
180	612
180	629
180	845
180	983
181	325
181	359
181	447
181	460
181	464
181	506
181	530
181	547
182	185
182	307
182	342
182	343
182	372
182	405
182	556
182	679
182	718
182	976
183	187
183	190
183	306
183	312
183	347
183	492
183	869
183	892
184	189
184	194
184	341
184	461
184	465
184	843
185	259
185	461
185	562
185	759
185	805
186	218
186	219
186	222
186	340
186	470
186	517
186	826
187	199
187	204
187	231
187	319
187	682
187	888
187	930
188	199
188	318
188	422
188	612
188	626
189	253
189	413
189	414
189	503
189	788
190	232
190	288
190	323
190	485
190	506
190	561
191	247
191	350
191	401
191	536
192	297
192	301
192	302
192	447
192	555
192	974
192	986
193	605
193	742
193	753
193	837
193	922
193	931
194	229
194	374
194	384
194	501
194	558
194	632
195	318
195	391
195	459
195	467
195	548
195	783
196	227
196	381
196	502
196	690
196	906
196	947
197	418
197	432
197	439
197	528
197	665
197	735
197	890
198	357
198	358
198	476
198	741
198	821
198	874
199	287
199	307
199	453
199	645
199	730
199	918
199	937
199	979
200	201
200	291
200	562
200	581
200	673
201	292
201	330
201	427
201	688
201	953
202	249
202	372
202	741
203	291
203	292
203	380
203	384
203	438
203	604
203	679
203	749
204	207
204	364
204	377
204	413
204	485
204	614
204	771
204	886
204	938
205	473
205	525
205	686
205	708
205	746
205	795
206	223
206	236
206	299
206	379
206	625
206	802
207	308
207	352
207	776
207	830
207	833
208	456
208	541
208	709
208	732
208	734
208	779
208	927
209	325
209	580
209	584
209	627
209	728
209	897
210	268
210	429
210	531
210	686
210	781
210	795
210	799
211	339
211	488
211	516
211	675
211	684
211	779
212	256
212	302
212	664
212	672
212	824
212	897
212	912
212	932
212	938
213	310
213	321
213	597
213	720
213	840
214	232
214	322
214	327
214	452
214	645
214	693
215	404
215	410
215	440
215	573
215	632
216	352
216	408
216	683
216	797
216	847
217	223
217	236
217	421
217	579
217	587
217	643
217	838
217	972
218	515
218	926
218	930
219	240
219	270
219	859
220	273
220	558
220	562
220	563
220	666
220	854
220	932
221	269
221	443
221	491
221	537
221	538
221	762
221	781
221	825
222	406
222	458
222	474
222	536
222	692
222	698
222	783
222	999
223	370
223	548
223	642
223	942
224	382
224	390
224	420
224	454
224	533
224	607
224	702
224	828
224	893
225	283
225	293
225	546
225	624
225	700
225	941
226	308
226	354
226	368
226	385
226	468
226	714
226	847
226	925
226	948
227	669
227	680
227	703
227	872
228	245
228	405
228	414
228	427
228	532
228	534
228	670
228	869
229	237
229	274
229	332
230	268
230	300
230	306
230	314
230	472
230	674
230	833
231	391
231	869
231	994
232	308
232	339
232	541
232	686
232	967
233	304
233	361
233	477
233	621
234	263
234	561
234	566
234	594
234	786
235	281
235	297
235	352
235	608
235	725
235	897
236	320
236	324
236	330
236	442
236	505
236	671
237	315
237	637
237	836
237	850
237	976
237	981
238	390
238	606
238	680
238	917
238	986
239	354
239	414
239	640
239	697
239	991
240	246
240	347
240	398
240	426
240	479
241	274
241	389
241	531
241	593
241	705
241	804
241	824
242	277
242	302
242	557
242	745
242	765
242	902
243	253
243	418
243	736
243	820
243	879
243	887
244	266
244	312
244	381
244	386
244	397
244	407
244	458
244	524
244	732
245	257
245	279
245	384
245	465
245	488
245	883
246	355
246	576
246	641
247	383
247	389
247	593
247	739
247	808
248	375
248	411
248	589
248	896
249	385
249	403
249	913
250	279
250	294
250	308
250	578
250	744
251	254
251	561
251	792
251	809
252	488
252	554
252	744
253	437
253	504
254	286
254	317
254	328
254	493
254	656
255	288
255	503
255	564
255	659
255	823
255	942
256	610
256	773
256	999
257	392
257	451
257	549
257	582
257	597
258	345
258	354
258	592
258	842
258	903
259	392
259	409
259	613
259	618
259	884
260	282
260	283
260	307
260	511
260	543
260	719
260	889
261	294
261	380
261	685
261	908
261	959
262	415
262	495
262	848
262	862
262	923
262	955
263	442
263	823
264	298
264	338
264	340
264	736
265	272
265	285
265	520
266	503
266	596
266	802
266	811
267	399
267	491
267	510
267	694
267	773
268	278
268	283
268	638
268	686
268	855
269	331
269	464
269	614
269	838
269	932
269	948
269	993
270	418
270	736
270	808
271	366
271	568
271	664
271	712
271	745
272	334
272	390
272	675
272	965
273	394
273	496
273	544
273	615
273	795
274	464
274	502
274	888
275	334
275	515
275	643
275	803
275	890
276	384
276	526
276	529
276	590
276	624
276	653
276	737
276	958
277	341
277	427
277	626
277	633
278	432
278	527
278	556
278	603
278	956
279	390
279	954
280	295
280	337
280	434
280	552
280	644
280	805
281	309
281	613
282	413
282	704
283	316
283	336
283	397
283	518
283	591
283	733
283	919
284	580
284	591
284	652
284	769
284	855
285	814
285	980
286	319
286	337
286	342
286	564
286	879
287	358
287	444
287	504
287	839
288	631
288	845
289	416
289	534
289	580
289	907
289	974
290	441
290	467
290	640
290	668
290	767
290	940
291	315
291	340
291	415
291	512
291	603
291	961
292	347
292	599
293	685
293	985
294	474
295	394
295	866
296	308
296	395
296	475
296	559
296	613
297	486
297	862
298	713
299	342
299	635
299	914
300	387
300	524
300	650
300	862
301	387
301	453
301	548
301	909
301	924
301	933
302	572
302	760
302	806
302	959
303	408
303	474
303	565
303	567
303	584
304	387
304	397
304	655
305	319
305	760
305	965
305	996
306	321
306	323
306	354
306	481
306	592
307	501
307	546
307	711
308	414
308	813
308	833
309	335
309	467
309	498
310	462
310	560
310	598
311	331
311	389
311	549
311	801
312	335
312	375
312	423
312	829
313	437
313	438
313	526
313	600
313	695
314	389
314	402
314	520
314	738
314	768
315	438
315	660
315	721
316	379
316	420
316	636
317	336
317	375
317	660
317	711
317	792
318	465
318	543
318	730
318	742
319	396
319	987
320	356
320	363
320	470
320	511
320	513
320	885
321	451
321	483
321	551
321	633
322	378
322	475
322	673
322	871
323	337
323	365
323	435
323	687
323	913
323	946
324	354
324	380
324	527
324	714
324	945
325	391
325	596
325	643
325	820
326	389
326	427
326	568
326	907
327	430
327	614
327	697
327	733
328	373
328	505
329	378
329	444
329	696
330	632
331	345
331	349
331	477
332	452
332	468
332	573
332	622
332	686
332	935
332	972
333	471
333	486
333	663
333	747
333	751
334	483
334	556
334	766
335	527
335	576
336	385
336	462
336	573
337	546
337	851
337	882
337	920
337	964
338	462
338	475
338	647
338	936
338	968
338	976
339	624
339	647
339	677
339	749
340	366
340	460
340	906
341	359
342	479
342	540
343	597
343	599
344	354
344	620
344	660
344	662
344	848
345	442
345	496
345	810
346	401
346	637
346	704
346	878
346	951
347	379
347	492
347	667
347	696
348	718
349	456
349	792
349	801
349	815
350	357
350	416
350	524
350	557
350	605
350	722
351	592
351	638
351	837
352	703
352	985
353	453
353	635
354	427
355	864
355	972
356	512
356	686
356	928
357	561
357	668
357	713
358	630
358	682
359	493
359	522
360	367
360	415
360	837
361	463
361	563
361	898
361	975
362	771
362	813
362	822
363	547
363	631
363	636
363	771
363	903
363	963
364	747
364	789
364	946
365	443
365	708
365	785
366	388
366	724
366	763
366	785
367	562
367	750
368	467
368	515
368	534
369	385
369	662
369	885
370	390
370	601
371	399
371	426
371	443
371	479
371	572
371	889
372	707
372	723
372	770
372	780
373	395
373	453
373	607
373	806
374	728
374	762
374	998
375	791
375	865
376	648
376	760
377	597
377	663
377	754
378	486
378	600
378	687
380	539
380	681
381	403
381	586
381	952
382	551
382	653
382	896
383	602
383	825
383	910
384	507
385	465
385	552
385	927
386	532
386	669
387	754
388	433
388	605
388	632
388	992
389	394
389	439
390	680
391	577
392	441
392	608
392	946
392	996
393	409
393	545
393	591
393	897
394	407
394	465
394	480
394	587
395	756
395	993
396	431
396	769
396	978
397	498
397	602
397	764
398	629
398	643
398	710
398	862
398	878
399	492
399	850
400	440
400	484
400	699
400	908
400	978
401	413
401	557
401	632
401	729
402	431
402	493
402	566
402	743
404	642
404	650
404	859
405	477
405	910
406	532
407	774
407	914
408	494
408	503
408	550
408	915
409	439
410	434
410	710
410	793
411	436
411	444
411	782
412	882
414	945
415	435
415	486
415	519
416	845
416	865
416	875
417	478
417	612
417	779
418	715
418	779
419	449
419	494
419	847
419	880
419	885
420	528
420	682
420	744
421	449
421	801
421	977
421	982
422	537
422	570
422	883
422	976
423	447
423	472
423	799
424	574
424	600
424	672
425	499
425	501
425	509
425	836
425	855
425	938
426	653
426	918
427	940
428	448
428	478
428	812
429	604
429	714
429	857
430	531
430	796
431	457
432	712
432	731
433	440
433	787
433	810
434	505
434	544
434	656
435	556
435	559
435	900
436	542
436	905
438	953
439	542
439	583
440	681
441	926
441	957
442	628
443	526
443	609
443	789
444	533
444	860
445	521
445	691
446	492
446	621
448	513
448	897
448	939
449	666
449	741
449	881
450	624
450	745
450	850
450	911
450	949
451	516
451	779
452	574
452	934
453	878
455	469
455	565
455	987
456	669
456	777
457	490
457	937
457	978
458	513
458	764
459	487
459	542
459	816
459	904
460	903
461	584
461	865
462	667
463	724
463	806
463	933
465	957
466	477
466	987
467	582
467	971
468	657
468	852
469	729
470	494
471	528
471	970
473	510
473	968
474	800
474	905
475	539
475	697
475	902
475	985
476	495
476	571
476	704
476	759
477	738
477	884
478	641
478	664
479	538
479	662
479	734
480	508
480	674
480	691
481	615
481	850
482	588
482	837
483	785
483	982
484	598
484	648
484	685
484	738
485	543
485	943
487	921
488	567
489	516
489	941
489	969
490	493
490	549
490	630
490	724
490	949
491	553
491	699
491	896
491	905
491	919
494	789
494	922
495	702
495	713
495	809
495	868
497	537
497	695
497	706
497	852
498	862
499	715
499	724
499	994
501	676
501	803
503	839
503	850
505	547
506	770
506	988
506	990
507	677
507	890
507	904
507	910
508	868
508	886
508	916
509	552
509	898
509	986
510	874
510	884
510	891
512	664
512	737
512	784
513	666
513	898
513	965
514	532
514	595
514	917
515	528
515	656
515	968
516	857
517	595
517	747
517	832
518	527
518	620
518	626
518	938
519	545
519	613
519	877
520	870
521	550
522	654
522	834
522	902
522	907
522	963
523	542
523	742
523	841
523	851
524	615
525	649
526	580
526	883
527	644
527	896
529	633
529	678
529	783
529	968
530	702
531	656
532	576
533	693
533	813
534	563
534	599
534	707
535	644
535	832
535	881
535	924
535	990
536	682
536	742
537	549
538	609
540	558
540	770
540	893
540	983
541	769
541	821
541	951
541	961
542	778
545	553
545	766
545	798
545	888
546	812
547	621
547	735
548	612
548	883
549	616
549	767
550	589
550	975
551	917
553	877
554	654
554	907
555	657
555	735
556	919
557	574
558	689
559	572
560	659
560	902
562	606
562	636
562	927
563	604
563	611
564	615
564	847
565	625
566	657
566	852
567	618
567	622
568	759
569	574
569	705
570	753
571	596
571	688
571	709
571	973
572	855
573	657
573	716
574	870
575	696
575	802
575	816
578	619
578	853
579	929
580	739
581	815
582	796
582	978
583	833
584	638
585	666
585	765
587	611
588	838
589	889
590	631
590	813
593	798
594	653
594	670
594	997
595	704
597	832
599	909
600	611
600	967
601	658
603	737
603	867
604	911
606	695
606	892
607	855
609	700
610	979
611	866
612	870
612	935
613	1000
614	629
614	881
615	624
616	823
616	981
617	943
617	976
618	627
618	669
619	661
619	746
619	997
620	651
620	652
621	685
621	858
622	838
623	748
623	775
623	882
624	668
625	729
626	765
626	772
626	980
627	854
627	957
628	665
628	858
629	800
629	831
630	658
630	688
633	671
634	717
634	783
634	785
635	909
635	911
637	747
637	899
638	680
638	708
638	915
639	642
639	787
639	819
639	844
640	879
640	954
641	678
641	987
642	801
644	936
646	959
647	851
648	1000
649	695
649	776
649	861
650	706
651	665
651	752
651	941
651	998
652	817
654	736
655	794
658	773
659	901
659	936
660	725
660	921
663	810
664	904
666	679
668	790
668	793
671	774
673	766
673	867
675	887
675	943
676	803
677	827
679	809
681	750
681	954
682	920
683	874
684	695
684	708
684	909
687	820
687	853
688	784
688	955
689	714
689	776
690	843
690	860
690	928
691	700
692	917
693	787
694	962
695	763
697	827
697	899
698	746
698	773
698	888
699	871
700	749
702	967
703	900
704	873
705	829
707	984
708	998
710	784
712	867
713	795
714	830
715	772
715	827
716	722
717	870
717	985
718	824
719	829
719	890
720	874
720	879
721	807
721	894
722	769
722	787
722	991
725	765
725	810
726	844
726	868
727	863
727	959
728	885
728	892
731	935
732	760
734	784
737	894
740	792
740	805
740	856
740	982
741	975
742	856
743	995
744	886
748	780
750	771
752	887
752	921
754	794
755	771
755	817
755	842
755	969
756	763
756	817
756	921
757	826
757	950
757	981
758	986
761	799
761	876
764	934
765	958
766	984
768	835
768	882
770	996
772	830
772	884
773	869
777	988
780	964
782	801
785	819
786	863
789	820
790	804
790	865
791	841
791	884
791	969
797	930
798	993
800	840
803	883
804	929
807	914
807	930
809	960
811	971
816	835
817	973
818	857
819	824
820	939
821	927
828	881
830	937
831	904
837	959
840	906
843	946
846	901
849	858
856	947
859	872
859	891
861	931
861	954
863	942
875	979
877	895
878	953
878	958
879	984
889	899
895	922
898	1000
900	940
904	928
905	947
906	951
908	988
912	966
914	969
916	961
920	983
923	934
929	937
933	962
936	989
942	949
950	977
957	989
967	994
971	989
971	990
