1	2
1	4
1	10
1	13
1	16
1	19
1	25
1	34
1	35
1	39
1	66
1	86
1	90
1	94
1	137
1	152
1	158
1	195
1	198
1	200
1	218
1	237
1	247
1	324
1	336
1	347
1	348
1	349
1	375
1	397
1	439
1	440
1	462
1	463
1	467
1	493
1	502
1	628
1	644
1	655
1	656
1	668
1	673
1	679
1	694
1	752
1	799
1	936
1	946
1	964
2	4
2	17
2	24
2	31
2	38
2	44
2	55
2	63
2	93
2	100
2	104
2	108
2	111
2	128
2	141
2	157
2	158
2	162
2	168
2	171
2	179
2	194
2	203
2	205
2	218
2	248
2	274
2	410
2	453
2	455
2	482
2	486
2	529
2	547
2	569
2	577
2	596
2	611
2	656
2	698
2	741
2	820
2	829
2	833
2	891
2	936
2	944
3	9
3	12
3	13
3	22
3	23
3	25
3	26
3	29
3	31
3	32
3	42
3	48
3	68
3	70
3	86
3	104
3	108
3	115
3	124
3	136
3	174
3	189
3	199
3	213
3	230
3	241
3	251
3	259
3	261
3	282
3	311
3	323
3	344
3	385
3	432
3	477
3	479
3	494
3	561
3	585
3	639
3	659
3	697
3	743
3	800
3	934
3	985
4	6
4	7
4	10
4	16
4	31
4	35
4	36
4	39
4	74
4	88
4	100
4	112
4	115
4	132
4	140
4	145
4	155
4	158
4	164
4	169
4	170
4	224
4	228
4	281
4	283
4	293
4	374
4	378
4	394
4	404
4	406
4	414
4	417
4	456
4	506
4	514
4	535
4	546
4	671
4	713
4	767
4	839
4	931
4	953
5	22
5	25
5	31
5	46
5	63
5	77
5	81
5	89
5	95
5	99
5	115
5	146
5	147
5	175
5	177
5	196
5	216
5	224
5	276
5	287
5	299
5	369
5	373
5	410
5	414
5	419
5	429
5	444
5	483
5	523
5	535
5	549
5	564
5	614
5	625
5	640
5	690
5	694
5	697
5	761
5	812
5	849
5	898
5	908
5	973
6	17
6	19
6	21
6	28
6	42
6	44
6	55
6	59
6	61
6	68
6	72
6	75
6	76
6	83
6	92
6	134
6	135
6	138
6	142
6	169
6	175
6	177
6	190
6	193
6	200
6	222
6	228
6	281
6	299
6	333
6	337
6	404
6	409
6	443
6	459
6	462
6	469
6	472
6	488
6	534
6	640
6	710
6	925
6	979
7	10
7	12
7	18
7	32
7	38
7	50
7	56
7	61
7	73
7	94
7	172
7	178
7	249
7	299
7	304
7	309
7	323
7	339
7	344
7	417
7	426
7	433
7	485
7	496
7	504
7	521
7	540
7	604
7	635
7	673
7	682
7	693
7	706
7	716
7	719
7	727
7	755
7	775
7	782
7	806
7	864
7	897
7	904
7	959
8	17
8	20
8	31
8	58
8	76
8	87
8	91
8	117
8	148
8	149
8	199
8	211
8	219
8	246
8	275
8	287
8	312
8	320
8	344
8	345
8	351
8	359
8	360
8	414
8	418
8	426
8	472
8	491
8	610
8	629
8	636
8	706
8	707
8	709
8	720
8	767
8	778
8	814
8	853
8	893
8	905
8	938
8	942
8	950
9	13
9	15
9	17
9	26
9	28
9	40
9	42
9	47
9	52
9	63
9	68
9	77
9	92
9	102
9	113
9	119
9	120
9	178
9	191
9	197
9	198
9	254
9	258
9	293
9	399
9	405
9	455
9	484
9	543
9	604
9	606
9	637
9	685
9	701
9	758
9	784
9	816
9	865
9	899
9	926
9	996
9	999
10	11
10	18
10	22
10	24
10	26
10	29
10	32
10	52
10	53
10	64
10	96
10	106
10	115
10	118
10	126
10	153
10	156
10	161
10	197
10	226
10	247
10	327
10	347
10	413
10	504
10	544
10	553
10	573
10	639
10	658
10	659
10	663
10	693
10	700
10	745
10	809
10	823
10	837
10	965
11	22
11	29
11	30
11	32
11	38
11	43
11	52
11	82
11	94
11	120
11	153
11	156
11	165
11	180
11	206
11	223
11	229
11	234
11	273
11	308
11	340
11	350
11	361
11	363
11	364
11	395
11	413
11	532
11	571
11	627
11	631
11	642
11	646
11	753
11	769
11	779
11	788
11	802
11	923
11	987
12	19
12	24
12	38
12	40
12	66
12	78
12	86
12	104
12	119
12	125
12	165
12	175
12	220
12	273
12	281
12	291
12	292
12	294
12	306
12	313
12	381
12	388
12	392
12	405
12	435
12	453
12	512
12	590
12	624
12	686
12	725
12	759
12	777
12	806
12	875
12	881
12	934
12	986
13	14
13	18
13	22
13	40
13	60
13	82
13	97
13	113
13	116
13	134
13	147
13	243
13	266
13	276
13	293
13	297
13	323
13	336
13	351
13	381
13	385
13	401
13	425
13	452
13	477
13	512
13	536
13	548
13	600
13	721
13	740
13	841
13	878
13	885
13	906
13	947
13	992
14	21
14	22
14	26
14	39
14	40
14	45
14	55
14	56
14	57
14	106
14	107
14	116
14	141
14	162
14	199
14	240
14	263
14	269
14	297
14	325
14	362
14	395
14	445
14	481
14	528
14	550
14	599
14	603
14	681
14	736
14	784
14	840
14	874
14	906
14	914
14	932
14	957
14	958
14	992
15	24
15	27
15	31
15	33
15	43
15	51
15	56
15	62
15	66
15	103
15	113
15	123
15	135
15	137
15	140
15	186
15	238
15	245
15	259
15	265
15	282
15	309
15	313
15	332
15	350
15	384
15	414
15	415
15	444
15	500
15	501
15	563
15	634
15	734
15	737
15	755
15	929
15	935
15	962
16	20
16	32
16	39
16	47
16	48
16	50
16	56
16	57
16	58
16	65
16	66
16	83
16	85
16	89
16	96
16	109
16	131
16	151
16	212
16	214
16	297
16	300
16	310
16	394
16	412
16	416
16	507
16	539
16	557
16	620
16	634
16	635
16	735
16	775
16	824
16	910
16	974
17	18
17	22
17	42
17	43
17	54
17	75
17	103
17	117
17	148
17	149
17	170
17	201
17	211
17	214
17	218
17	219
17	274
17	320
17	359
17	374
17	472
17	491
17	502
17	505
17	566
17	578
17	665
17	729
17	742
17	745
17	788
17	866
17	938
17	942
17	953
18	28
18	32
18	33
18	38
18	59
18	62
18	94
18	98
18	133
18	151
18	153
18	178
18	206
18	239
18	247
18	250
18	274
18	327
18	353
18	391
18	442
18	568
18	575
18	617
18	624
18	631
18	636
18	651
18	658
18	742
18	862
18	911
18	917
18	986
19	20
19	24
19	26
19	39
19	46
19	54
19	59
19	72
19	76
19	79
19	83
19	84
19	87
19	94
19	95
19	96
19	106
19	108
19	118
19	123
19	133
19	148
19	179
19	187
19	247
19	261
19	349
19	438
19	455
19	509
19	590
19	689
19	746
19	760
19	861
20	29
20	42
20	48
20	50
20	61
20	69
20	80
20	81
20	83
20	132
20	147
20	155
20	156
20	164
20	212
20	213
20	255
20	264
20	307
20	376
20	396
20	398
20	404
20	406
20	502
20	583
20	620
20	763
20	799
20	801
20	807
20	866
20	924
20	925
20	949
21	27
21	28
21	30
21	34
21	50
21	79
21	93
21	119
21	144
21	145
21	183
21	204
21	220
21	259
21	322
21	370
21	374
21	402
21	410
21	418
21	437
21	460
21	492
21	513
21	518
21	542
21	567
21	606
21	688
21	720
21	786
21	793
21	843
21	888
21	906
21	961
22	30
22	50
22	59
22	65
22	100
22	106
22	127
22	179
22	207
22	230
22	240
22	252
22	276
22	351
22	361
22	377
22	381
22	386
22	418
22	425
22	435
22	559
22	602
22	639
22	700
22	702
22	733
22	813
22	841
22	949
22	983
23	29
23	36
23	56
23	58
23	60
23	68
23	69
23	77
23	79
23	101
23	115
23	144
23	164
23	181
23	196
23	205
23	230
23	261
23	271
23	335
23	351
23	354
23	389
23	448
23	483
23	494
23	499
23	601
23	635
23	638
23	669
23	679
23	734
23	813
23	817
23	921
23	974
24	27
24	39
24	44
24	61
24	78
24	121
24	125
24	151
24	180
24	185
24	186
24	222
24	228
24	234
24	252
24	255
24	279
24	317
24	321
24	450
24	461
24	572
24	580
24	597
24	665
24	671
24	674
24	735
24	741
24	839
24	890
24	920
25	30
25	59
25	67
25	127
25	132
25	159
25	177
25	189
25	229
25	232
25	243
25	244
25	279
25	282
25	283
25	306
25	308
25	321
25	329
25	338
25	405
25	407
25	460
25	526
25	532
25	613
25	614
25	621
25	622
25	708
25	711
25	769
25	849
25	959
26	36
26	38
26	42
26	43
26	68
26	75
26	100
26	111
26	147
26	196
26	202
26	208
26	237
26	251
26	266
26	314
26	415
26	502
26	552
26	599
26	615
26	696
26	698
26	703
26	707
26	742
26	743
26	830
26	898
26	900
26	971
26	992
27	28
27	30
27	47
27	51
27	72
27	86
27	124
27	169
27	204
27	208
27	236
27	259
27	272
27	316
27	328
27	367
27	388
27	391
27	404
27	422
27	446
27	457
27	465
27	477
27	518
27	526
27	536
27	609
27	613
27	687
27	711
27	789
27	872
27	907
28	36
28	37
28	51
28	69
28	70
28	81
28	112
28	145
28	190
28	204
28	205
28	225
28	257
28	262
28	284
28	295
28	322
28	325
28	364
28	366
28	400
28	434
28	562
28	676
28	695
28	723
28	811
28	833
28	835
28	865
28	927
28	995
29	59
29	78
29	89
29	97
29	103
29	110
29	142
29	175
29	190
29	197
29	232
29	237
29	273
29	306
29	361
29	392
29	413
29	474
29	559
29	574
29	675
29	693
29	840
29	897
29	904
29	915
29	918
29	959
29	965
29	973
29	988
30	41
30	47
30	55
30	60
30	67
30	72
30	91
30	123
30	131
30	136
30	224
30	236
30	250
30	272
30	281
30	302
30	322
30	357
30	418
30	454
30	460
30	672
30	695
30	732
30	751
30	765
30	859
30	927
30	968
30	981
30	983
31	38
31	43
31	62
31	101
31	117
31	120
31	159
31	168
31	238
31	242
31	290
31	293
31	307
31	312
31	316
31	320
31	345
31	422
31	452
31	483
31	504
31	515
31	534
31	542
31	563
31	753
31	868
31	871
31	943
31	963
32	46
32	52
32	65
32	74
32	93
32	98
32	172
32	216
32	280
32	290
32	339
32	345
32	353
32	368
32	379
32	415
32	433
32	458
32	504
32	525
32	531
32	534
32	540
32	562
32	659
32	682
32	747
32	836
32	888
32	991
33	37
33	62
33	63
33	75
33	91
33	100
33	142
33	161
33	163
33	167
33	183
33	265
33	275
33	313
33	360
33	385
33	419
33	444
33	507
33	523
33	533
33	536
33	541
33	591
33	607
33	677
33	691
33	696
33	719
33	783
33	807
33	883
33	969
34	39
34	41
34	46
34	49
34	57
34	64
34	86
34	95
34	118
34	185
34	194
34	195
34	221
34	222
34	237
34	317
34	337
34	349
34	375
34	397
34	422
34	430
34	574
34	582
34	605
34	670
34	728
34	804
34	892
34	920
34	927
34	977
35	39
35	41
35	79
35	82
35	101
35	119
35	131
35	132
35	139
35	143
35	146
35	199
35	251
35	256
35	272
35	358
35	368
35	480
35	534
35	535
35	607
35	648
35	705
35	717
35	767
35	790
35	816
35	821
35	957
35	978
35	997
36	47
36	51
36	55
36	58
36	75
36	76
36	102
36	121
36	124
36	142
36	155
36	193
36	218
36	260
36	272
36	341
36	390
36	441
36	443
36	557
36	624
36	737
36	758
36	780
36	782
36	919
36	952
37	47
37	51
37	55
37	72
37	79
37	84
37	86
37	110
37	113
37	124
37	159
37	208
37	220
37	297
37	307
37	385
37	396
37	403
37	410
37	412
37	507
37	561
37	565
37	579
37	676
37	801
37	825
37	933
37	968
38	49
38	68
38	71
38	74
38	97
38	106
38	121
38	142
38	163
38	334
38	346
38	387
38	392
38	492
38	496
38	649
38	658
38	667
38	685
38	802
38	827
38	943
38	959
39	78
39	87
39	127
39	128
39	157
39	187
39	244
39	247
39	347
39	355
39	376
39	379
39	403
39	407
39	453
39	480
39	519
39	612
39	641
39	654
39	689
39	927
40	45
40	73
40	77
40	82
40	106
40	145
40	147
40	203
40	307
40	316
40	341
40	361
40	378
40	497
40	577
40	587
40	638
40	739
40	747
40	834
40	854
40	869
40	874
40	909
40	941
40	954
41	44
41	48
41	89
41	132
41	139
41	149
41	150
41	155
41	205
41	228
41	269
41	281
41	286
41	328
41	332
41	352
41	390
41	394
41	450
41	470
41	488
41	552
41	670
41	863
41	946
41	995
42	45
42	54
42	71
42	74
42	146
42	147
42	210
42	254
42	319
42	365
42	423
42	477
42	487
42	507
42	509
42	598
42	621
42	685
42	688
42	855
42	899
42	906
42	923
43	53
43	56
43	67
43	119
43	124
43	180
43	216
43	225
43	239
43	242
43	250
43	255
43	282
43	312
43	363
43	517
43	531
43	674
43	725
43	762
43	764
43	775
43	848
43	956
44	49
44	59
44	83
44	92
44	104
44	108
44	109
44	110
44	116
44	132
44	161
44	185
44	212
44	235
44	248
44	313
44	451
44	485
44	580
44	596
44	713
44	861
44	894
44	904
44	918
45	71
45	82
45	116
45	181
45	185
45	297
45	313
45	334
45	336
45	353
45	395
45	422
45	431
45	440
45	489
45	505
45	515
45	535
45	536
45	555
45	670
45	685
45	790
45	841
45	900
45	905
46	63
46	77
46	79
46	108
46	133
46	142
46	163
46	174
46	180
46	183
46	211
46	216
46	231
46	233
46	245
46	295
46	432
46	434
46	520
46	531
46	554
46	779
46	846
46	850
46	969
47	48
47	51
47	75
47	80
47	138
47	172
47	220
47	259
47	381
47	420
47	441
47	460
47	474
47	482
47	601
47	651
47	701
47	773
47	778
47	814
47	963
47	977
48	50
48	65
48	73
48	75
48	83
48	85
48	106
48	164
48	237
48	253
48	262
48	290
48	365
48	412
48	459
48	479
48	551
48	592
48	642
48	689
48	815
48	855
48	956
49	59
49	60
49	70
49	86
49	92
49	99
49	107
49	110
49	125
49	176
49	195
49	223
49	226
49	232
49	277
49	335
49	540
49	618
49	643
49	670
49	744
49	856
49	873
49	970
50	65
50	69
50	83
50	89
50	103
50	109
50	212
50	217
50	234
50	396
50	399
50	469
50	481
50	486
50	494
50	587
50	590
50	592
50	721
50	786
50	848
51	72
51	74
51	144
51	207
51	231
51	235
51	257
51	267
51	273
51	322
51	325
51	378
51	388
51	478
51	492
51	576
51	606
51	654
51	822
51	928
51	933
52	61
52	64
52	69
52	83
52	94
52	132
52	190
52	197
52	223
52	274
52	354
52	417
52	524
52	631
52	643
52	699
52	774
52	806
52	829
52	878
52	888
52	901
52	955
53	56
53	107
53	122
53	123
53	130
53	138
53	142
53	163
53	190
53	223
53	234
53	240
53	263
53	315
53	388
53	408
53	604
53	781
53	797
53	805
53	829
53	855
53	879
53	890
53	907
54	55
54	65
54	74
54	76
54	93
54	146
54	174
54	216
54	260
54	286
54	323
54	358
54	374
54	378
54	391
54	403
54	486
54	556
54	567
54	622
54	708
54	786
54	937
55	79
55	80
55	149
55	154
55	155
55	275
55	289
55	359
55	390
55	404
55	419
55	423
55	465
55	576
55	596
55	698
55	732
55	980
55	984
56	62
56	75
56	90
56	160
56	181
56	227
56	241
56	248
56	266
56	279
56	363
56	434
56	473
56	626
56	711
56	760
56	882
56	893
56	984
57	59
57	64
57	78
57	89
57	96
57	97
57	125
57	129
57	167
57	171
57	187
57	191
57	220
57	222
57	287
57	330
57	378
57	409
57	415
57	467
57	641
57	724
57	883
58	65
58	70
58	83
58	88
58	109
58	110
58	207
58	268
58	305
58	389
58	497
58	615
58	628
58	707
58	733
58	772
58	815
58	846
58	854
58	935
58	964
58	991
59	72
59	86
59	94
59	123
59	154
59	185
59	235
59	272
59	300
59	309
59	331
59	383
59	393
59	425
59	627
59	975
60	121
60	165
60	208
60	210
60	227
60	239
60	291
60	292
60	409
60	413
60	421
60	449
60	510
60	526
60	718
60	741
60	810
60	842
60	911
60	936
60	988
61	84
61	97
61	114
61	124
61	139
61	145
61	164
61	167
61	169
61	237
61	307
61	391
61	402
61	462
61	479
61	560
61	696
61	710
61	799
61	913
62	67
62	86
62	89
62	91
62	137
62	149
62	168
62	238
62	284
62	317
62	381
62	423
62	424
62	577
62	612
62	639
62	645
62	738
62	807
62	823
63	99
63	133
63	139
63	183
63	231
63	296
63	323
63	339
63	419
63	438
63	457
63	471
63	505
63	520
63	527
63	538
63	548
63	637
63	780
63	844
64	105
64	161
64	181
64	208
64	212
64	215
64	241
64	324
64	388
64	417
64	419
64	428
64	450
64	508
64	534
64	681
64	750
64	805
64	825
64	940
64	998
65	69
65	83
65	109
65	117
65	151
65	268
65	326
65	389
65	394
65	412
65	511
65	572
65	592
65	616
65	672
65	751
65	844
65	990
66	68
66	71
66	82
66	89
66	119
66	142
66	145
66	172
66	212
66	256
66	269
66	275
66	278
66	415
66	520
66	648
66	771
66	780
66	957
66	974
67	106
67	235
67	243
67	256
67	258
67	298
67	302
67	314
67	318
67	367
67	450
67	503
67	507
67	516
67	662
67	861
67	938
67	956
67	996
67	1000
68	100
68	240
68	249
68	301
68	380
68	404
68	416
68	429
68	447
68	477
68	528
68	604
68	704
68	847
68	862
68	927
69	83
69	85
69	111
69	127
69	234
69	249
69	268
69	269
69	653
69	656
69	669
69	677
69	694
69	815
69	904
69	924
69	1000
70	72
70	93
70	129
70	206
70	208
70	220
70	222
70	261
70	284
70	292
70	297
70	399
70	507
70	529
70	663
70	669
70	909
70	976
70	983
71	80
71	94
71	97
71	107
71	123
71	125
71	127
71	215
71	248
71	368
71	398
71	510
71	540
71	553
71	575
71	626
71	662
71	666
71	706
72	100
72	165
72	208
72	209
72	215
72	258
72	262
72	302
72	318
72	402
72	459
72	530
72	576
72	792
72	917
73	85
73	99
73	124
73	128
73	139
73	143
73	368
73	386
73	393
73	416
73	482
73	497
73	589
73	620
73	671
73	748
73	755
73	841
73	998
74	132
74	134
74	146
74	213
74	263
74	283
74	310
74	333
74	343
74	349
74	468
74	482
74	635
74	719
74	801
74	841
75	135
75	145
75	167
75	221
75	250
75	465
75	494
75	517
75	521
75	622
75	896
75	956
75	989
75	995
76	196
76	231
76	242
76	275
76	288
76	366
76	392
76	428
76	518
76	521
76	531
76	588
76	645
76	796
76	851
76	891
76	922
77	82
77	107
77	115
77	116
77	202
77	382
77	417
77	567
77	603
77	612
77	636
77	681
77	685
77	748
77	797
77	818
78	98
78	110
78	112
78	188
78	218
78	241
78	314
78	387
78	401
78	495
78	580
78	628
78	638
78	729
78	922
78	956
79	119
79	172
79	195
79	204
79	209
79	251
79	295
79	328
79	363
79	474
79	621
79	645
79	676
79	912
80	95
80	103
80	121
80	133
80	159
80	234
80	236
80	264
80	497
80	563
80	569
80	664
80	730
80	795
80	891
80	899
80	901
81	112
81	265
81	268
81	339
81	366
81	509
81	519
81	520
81	586
81	616
81	619
81	665
81	705
81	725
81	798
81	811
81	984
81	993
82	206
82	254
82	271
82	323
82	336
82	400
82	512
82	531
82	552
82	678
82	710
82	864
82	873
82	978
83	107
83	109
83	117
83	144
83	249
83	415
83	482
83	572
83	802
83	831
84	104
84	130
84	209
84	276
84	369
84	388
84	449
84	543
84	545
84	605
84	617
84	619
84	631
84	664
84	752
84	847
84	890
84	908
85	89
85	150
85	157
85	166
85	205
85	217
85	343
85	420
85	503
85	579
85	633
85	727
85	809
85	867
85	870
85	875
85	919
86	128
86	177
86	210
86	223
86	471
86	544
86	548
86	650
86	674
86	792
86	799
86	926
87	108
87	123
87	125
87	129
87	161
87	179
87	191
87	201
87	218
87	225
87	286
87	313
87	382
87	799
87	822
87	843
87	896
88	95
88	111
88	151
88	211
88	284
88	351
88	373
88	460
88	473
88	483
88	486
88	571
88	603
88	704
88	816
88	907
88	921
88	933
89	116
89	212
89	235
89	257
89	269
89	288
89	357
89	412
89	715
89	838
89	990
90	102
90	110
90	120
90	122
90	181
90	211
90	230
90	241
90	243
90	289
90	310
90	347
90	609
90	694
90	728
90	791
90	890
90	902
91	102
91	155
91	160
91	199
91	291
91	355
91	403
91	407
91	414
91	448
91	493
91	747
91	757
91	870
91	903
91	972
92	99
92	143
92	202
92	209
92	236
92	258
92	343
92	352
92	358
92	559
92	601
92	695
92	759
92	835
92	931
92	933
93	104
93	160
93	173
93	233
93	388
93	485
93	547
93	584
93	611
93	645
93	665
93	722
93	804
93	861
94	150
94	215
94	226
94	280
94	365
94	369
94	443
94	544
94	618
94	675
94	740
95	96
95	194
95	200
95	367
95	376
95	383
95	442
95	537
95	584
95	590
95	593
95	655
95	712
95	825
96	155
96	190
96	383
96	389
96	391
96	475
96	513
96	603
96	612
96	712
96	734
96	932
96	951
96	972
97	140
97	142
97	176
97	273
97	330
97	347
97	418
97	582
97	657
97	722
97	820
97	873
97	876
98	100
98	175
98	176
98	200
98	209
98	317
98	524
98	539
98	544
98	568
98	617
98	683
98	803
98	939
98	965
98	970
99	158
99	174
99	192
99	293
99	386
99	462
99	477
99	694
99	704
99	772
99	892
99	901
99	931
99	984
100	140
100	179
100	224
100	276
100	310
100	335
100	354
100	715
100	945
100	976
101	134
101	141
101	143
101	179
101	220
101	267
101	286
101	377
101	567
101	653
101	823
101	868
101	930
101	943
101	987
102	169
102	231
102	248
102	265
102	298
102	332
102	444
102	541
102	570
102	661
102	680
102	711
102	902
102	989
103	266
103	290
103	296
103	326
103	379
103	557
103	598
103	609
103	691
103	699
103	718
103	733
103	939
104	141
104	162
104	248
104	295
104	348
104	372
104	547
104	635
104	644
104	765
104	826
104	877
105	118
105	121
105	215
105	243
105	253
105	278
105	294
105	332
105	337
105	369
105	428
105	446
105	528
105	633
105	697
105	860
105	879
106	113
106	189
106	233
106	405
106	421
106	436
106	498
106	528
106	603
106	990
107	202
107	309
107	377
107	436
107	458
107	468
107	528
107	743
107	746
107	828
107	884
107	887
108	118
108	135
108	152
108	165
108	176
108	191
108	272
108	408
108	537
108	720
108	790
108	813
109	117
109	131
109	134
109	194
109	198
109	341
109	401
109	459
109	551
109	597
109	682
110	150
110	152
110	281
110	372
110	390
110	471
110	670
110	881
110	965
110	975
111	191
111	241
111	300
111	461
111	467
111	583
111	612
111	632
111	668
111	712
111	756
111	773
111	801
112	155
112	164
112	177
112	253
112	403
112	408
112	420
112	461
112	560
112	622
112	660
112	751
112	898
113	219
113	295
113	409
113	458
113	464
113	468
113	489
113	538
113	550
113	582
113	866
113	994
114	128
114	172
114	175
114	275
114	299
114	310
114	328
114	364
114	640
114	697
114	714
114	786
114	821
114	860
114	940
114	985
115	136
115	144
115	342
115	422
115	498
115	571
115	708
115	790
115	794
115	816
115	948
116	147
116	192
116	266
116	363
116	526
116	555
116	681
116	686
116	699
116	716
116	822
117	182
117	304
117	320
117	475
117	515
117	516
117	555
117	557
117	831
117	853
117	942
118	129
118	239
118	338
118	397
118	461
118	638
118	674
118	684
118	816
118	903
118	923
119	152
119	325
119	454
119	530
119	544
119	604
119	730
119	767
119	912
120	186
120	264
120	340
120	413
120	438
120	561
120	564
120	593
120	616
120	677
120	779
120	858
121	170
121	179
121	232
121	245
121	356
121	383
121	387
121	686
121	774
121	920
122	130
122	141
122	166
122	250
122	253
122	263
122	280
122	315
122	324
122	369
122	683
122	783
122	832
122	948
123	136
123	232
123	294
123	376
123	382
123	457
123	475
123	490
123	935
124	137
124	306
124	307
124	495
124	520
124	727
124	973
124	979
125	130
125	154
125	186
125	327
125	464
125	478
125	579
125	648
125	754
126	165
126	268
126	274
126	277
126	440
126	526
126	569
126	624
126	627
126	700
126	754
126	811
126	914
126	945
127	143
127	207
127	215
127	230
127	338
127	468
127	479
127	745
127	808
127	982
128	129
128	187
128	285
128	398
128	403
128	425
128	509
128	647
128	857
128	947
129	191
129	241
129	305
129	352
129	425
129	440
129	655
129	735
129	755
129	826
130	253
130	285
130	300
130	323
130	471
130	487
130	543
130	545
130	565
130	791
130	837
131	164
131	227
131	258
131	329
131	396
131	420
131	514
131	517
131	525
131	761
131	778
132	134
132	168
132	205
132	456
132	578
132	622
132	832
133	189
133	216
133	228
133	247
133	260
133	267
133	387
133	453
133	812
133	911
134	144
134	406
134	510
134	553
134	554
134	677
134	703
134	954
134	958
135	139
135	145
135	159
135	364
135	367
135	400
135	563
135	640
135	739
135	925
135	969
136	149
136	161
136	188
136	196
136	198
136	426
136	467
136	483
136	516
136	894
136	964
137	171
137	181
137	316
137	375
137	499
137	505
137	549
137	684
137	713
137	769
137	879
138	139
138	192
138	213
138	271
138	343
138	355
138	427
138	705
138	796
138	835
138	957
138	970
139	167
139	174
139	220
139	577
139	715
139	795
139	904
139	982
140	146
140	198
140	227
140	231
140	250
140	340
140	410
140	578
140	778
140	855
141	219
141	225
141	250
141	265
141	345
141	370
141	375
141	667
141	716
142	178
142	239
142	682
142	739
142	873
143	151
143	192
143	466
143	511
143	519
143	801
143	856
143	862
143	868
144	166
144	183
144	204
144	239
144	258
144	475
144	639
144	916
145	155
145	184
145	243
145	534
145	710
145	917
146	192
146	205
146	244
146	289
146	342
146	472
146	538
146	940
147	181
147	282
147	366
147	431
147	525
147	595
147	636
148	157
148	158
148	165
148	193
148	206
148	262
148	517
148	592
148	623
148	716
148	759
149	157
149	334
149	344
149	410
149	610
149	703
149	733
149	783
150	224
150	327
150	333
150	350
150	400
150	511
150	637
150	669
150	674
150	843
151	214
151	271
151	301
151	603
151	881
151	884
151	948
151	950
152	278
152	375
152	451
152	600
152	626
152	629
152	655
152	770
152	909
152	936
153	236
153	247
153	326
153	348
153	402
153	540
153	542
153	618
153	675
153	958
153	961
154	156
154	171
154	218
154	226
154	280
154	291
154	306
154	650
154	666
154	852
154	886
155	336
155	384
155	761
155	971
155	993
156	193
156	204
156	215
156	219
156	326
156	446
156	489
156	804
156	986
157	188
157	252
157	327
157	348
157	472
157	609
157	682
157	958
158	171
158	198
158	263
158	437
158	480
158	502
158	601
158	608
159	175
159	293
159	309
159	318
159	411
159	446
159	585
159	632
160	168
160	270
160	372
160	406
160	410
160	513
160	554
160	561
160	948
160	955
161	232
161	273
161	291
161	382
161	514
161	822
161	925
162	173
162	191
162	278
162	312
162	426
162	455
162	665
162	770
162	902
162	950
163	203
163	360
163	432
163	542
163	554
163	613
163	673
163	803
163	934
164	207
164	299
164	342
164	397
164	585
164	965
165	176
165	246
165	308
165	330
165	710
165	777
166	182
166	210
166	252
166	259
166	260
166	263
166	896
166	963
166	981
166	993
167	188
167	205
167	285
167	352
167	450
167	464
167	649
167	685
168	242
168	358
168	384
168	436
168	679
168	810
168	881
168	915
169	231
169	261
169	332
169	437
169	509
169	514
169	880
169	925
170	190
170	238
170	345
170	546
170	581
170	728
170	794
170	863
170	960
170	989
171	193
171	215
171	644
171	720
171	743
171	819
171	834
171	951
172	200
172	202
172	206
172	240
172	290
172	802
172	986
173	375
173	380
173	382
173	410
173	431
173	500
173	611
173	637
173	746
173	833
173	891
174	284
174	290
174	333
174	429
174	463
174	522
174	726
174	858
175	197
175	271
175	339
175	478
175	598
175	663
176	180
176	235
176	306
176	346
176	407
176	574
176	930
177	338
177	350
177	665
177	680
177	820
177	866
177	886
178	226
178	230
178	246
178	322
178	431
178	692
178	797
178	857
179	270
179	292
179	349
179	728
179	752
180	195
180	201
180	231
180	234
180	345
180	850
180	918
181	273
181	561
181	830
181	876
181	999
182	254
182	285
182	383
182	418
182	427
182	538
182	548
182	650
182	831
182	907
183	250
183	264
183	695
183	724
183	845
183	931
183	941
184	228
184	359
184	386
184	396
184	487
184	652
184	689
184	732
184	766
184	771
184	892
185	237
185	352
185	373
185	432
185	607
185	821
185	932
186	238
186	255
186	451
186	466
186	586
186	668
186	726
186	981
187	206
187	337
187	347
187	545
187	566
187	734
187	789
187	911
188	287
188	345
188	372
188	499
188	538
188	587
188	594
188	894
189	286
189	311
189	393
189	448
189	510
189	653
189	787
189	945
190	241
190	256
190	263
190	304
190	558
191	203
191	305
191	387
191	445
191	853
192	238
192	286
192	360
192	366
192	394
192	450
192	682
193	198
193	372
193	398
193	651
193	658
193	707
193	860
194	196
194	273
194	337
194	381
194	518
194	537
194	720
194	990
195	210
195	233
195	349
195	488
195	501
195	656
195	712
196	222
196	376
196	430
196	547
196	674
196	834
197	368
197	544
197	558
197	619
197	690
197	692
197	828
198	223
198	431
198	547
198	991
198	994
199	257
199	262
199	277
199	294
199	461
199	714
199	950
200	353
200	361
200	504
200	555
200	775
200	842
200	875
201	237
201	239
201	337
201	477
201	484
201	587
201	591
201	615
201	680
202	209
202	520
202	550
202	625
202	649
202	866
202	922
203	266
203	276
203	385
203	430
203	445
203	512
203	723
203	842
204	352
204	533
204	887
204	889
204	917
204	949
205	529
205	764
205	782
205	824
206	326
206	360
206	458
206	700
207	249
207	318
207	354
207	517
207	559
207	824
208	295
208	492
208	560
208	721
209	369
209	452
209	758
209	914
209	975
210	270
210	277
210	331
210	380
210	395
210	845
211	287
211	329
211	466
211	610
211	764
211	810
212	359
212	425
212	551
212	667
213	334
213	374
213	782
213	790
213	805
213	870
213	877
214	217
214	269
214	308
214	611
214	686
214	798
214	854
214	1000
215	309
215	342
215	630
216	231
216	624
216	820
216	850
216	928
217	260
217	360
217	362
217	396
217	462
217	517
217	673
217	809
218	680
218	817
218	924
218	947
219	411
219	557
219	639
219	728
219	794
219	953
220	454
220	715
220	772
221	419
221	511
221	564
221	567
221	632
221	661
221	672
221	916
221	931
222	266
222	278
222	533
222	858
222	951
223	438
223	545
223	558
223	647
223	708
224	267
224	298
224	329
224	366
224	814
224	940
225	272
225	466
225	500
225	653
225	795
225	966
225	967
226	327
226	368
226	522
226	584
226	805
226	939
227	293
227	305
227	416
227	597
227	644
227	763
227	987
228	302
228	535
228	867
228	939
228	954
229	321
229	329
229	408
229	465
229	649
229	712
229	741
229	872
229	889
230	317
230	337
230	605
230	870
230	996
231	290
231	379
232	242
232	308
232	412
232	570
232	723
233	436
233	501
233	505
233	666
233	738
233	892
233	926
234	427
234	637
234	832
234	988
235	258
235	346
235	383
235	730
235	837
236	327
236	408
236	460
236	572
236	770
236	951
237	296
237	305
237	706
238	248
238	411
238	438
238	520
238	793
239	326
239	337
239	825
239	853
240	302
240	303
240	482
240	545
240	813
240	915
241	324
241	734
241	774
242	485
242	649
242	726
242	762
242	826
242	942
243	350
243	651
243	843
243	859
243	905
244	254
244	282
244	356
244	373
244	737
244	907
244	937
244	980
245	286
245	312
245	355
245	493
245	599
245	713
245	830
246	252
246	324
246	464
246	495
246	543
246	702
246	896
247	294
247	430
247	807
248	416
248	431
248	975
249	344
249	442
249	776
249	793
249	949
250	285
250	438
251	277
251	338
251	573
251	581
251	833
251	915
252	260
252	370
252	646
252	800
252	928
253	278
253	426
253	750
253	763
253	831
254	317
254	404
254	484
254	813
254	834
255	288
255	310
255	328
255	420
255	431
255	607
256	298
256	299
256	491
256	846
256	869
256	961
257	259
257	600
257	702
257	843
257	880
257	929
258	426
258	446
258	871
259	340
259	424
259	518
260	371
260	393
260	449
260	737
261	297
261	335
261	372
261	571
261	994
262	427
262	432
262	474
262	777
262	808
263	541
263	595
263	914
264	306
264	319
264	373
264	533
264	549
264	679
265	268
265	500
265	581
265	676
265	712
266	362
266	411
266	794
267	311
267	321
267	360
267	419
267	538
267	876
268	380
268	448
268	483
268	764
269	447
269	497
269	854
269	895
270	442
270	549
270	550
270	716
270	836
270	924
270	986
271	284
271	389
271	484
271	632
271	983
272	588
272	617
272	819
273	449
273	982
274	317
274	458
274	568
274	921
274	955
275	283
275	501
275	537
275	981
276	350
276	498
276	864
276	865
277	349
277	399
277	593
277	643
277	698
278	387
278	397
278	722
278	932
279	344
279	414
279	749
279	789
279	836
279	928
279	964
280	365
280	430
280	495
280	573
280	630
280	825
281	548
281	565
281	590
281	722
282	473
282	604
282	664
282	836
283	339
283	380
283	390
283	556
283	592
283	871
284	557
284	756
284	789
284	954
285	484
285	495
285	598
285	835
285	998
286	331
286	574
286	898
287	304
287	399
287	447
287	453
287	480
288	371
288	398
288	501
288	579
288	612
288	856
288	869
289	445
289	455
289	530
289	569
289	905
289	977
290	522
290	991
291	305
291	333
291	495
291	630
292	296
292	580
292	802
292	829
292	951
293	530
293	810
294	460
294	465
294	717
294	847
295	508
295	691
295	731
296	319
296	348
296	374
296	481
296	491
297	581
297	740
298	318
298	397
298	399
298	507
298	666
299	444
299	539
299	599
300	355
300	376
300	566
300	702
300	743
301	429
301	522
301	594
301	667
301	796
301	859
301	889
302	522
302	576
302	579
302	979
303	320
303	356
303	384
303	446
303	518
303	683
303	746
303	780
304	309
304	433
304	706
304	791
304	974
305	383
305	511
305	749
306	561
306	980
307	429
307	687
307	815
308	327
308	693
308	711
308	772
309	467
309	618
310	530
310	629
310	731
311	332
311	367
311	395
311	571
311	668
311	998
312	336
312	395
312	587
312	623
313	442
313	476
313	798
314	338
314	496
314	576
314	589
314	719
314	839
315	348
315	508
315	625
315	742
315	827
315	883
315	948
316	353
316	395
316	408
316	640
316	787
317	791
317	987
318	640
318	824
318	949
318	966
319	335
319	336
319	549
319	691
319	708
319	895
320	391
320	502
320	766
320	942
321	361
321	523
321	770
321	779
321	886
322	566
322	686
322	706
322	913
323	633
323	681
324	429
324	441
324	442
324	589
325	408
325	506
325	586
325	597
325	772
326	553
326	558
326	929
327	766
328	330
328	428
328	506
328	885
329	443
329	763
329	901
329	963
330	409
330	439
330	583
330	646
330	947
331	519
331	630
331	845
331	934
331	997
331	998
332	340
332	411
332	641
333	645
333	657
333	798
333	805
334	356
334	599
334	602
334	634
334	651
335	725
335	773
335	867
335	969
336	405
336	840
337	476
338	435
338	792
338	870
339	342
339	659
339	788
340	428
340	602
340	616
340	744
341	361
341	437
341	588
341	852
341	913
341	930
342	501
342	514
342	568
342	988
343	420
343	470
343	546
343	565
343	913
344	480
344	500
344	779
345	396
345	457
346	509
346	613
346	768
346	782
346	820
346	911
347	402
347	587
347	947
348	583
348	703
348	722
349	412
349	468
350	409
350	657
350	768
351	469
351	479
351	483
351	739
352	394
352	553
352	784
353	647
353	660
353	797
353	860
354	358
354	376
354	525
354	750
354	773
355	462
355	521
355	943
356	580
356	661
356	698
356	876
357	392
357	425
357	492
357	646
357	738
357	977
358	421
358	646
358	867
359	427
359	516
359	960
360	582
361	476
362	452
362	461
362	590
362	631
362	999
363	434
363	979
363	985
364	450
364	556
364	558
364	880
365	433
365	512
365	865
365	900
366	549
366	945
367	397
367	541
367	654
368	376
368	992
369	484
369	822
370	540
370	569
370	672
370	737
370	957
371	421
371	441
371	467
371	498
371	648
371	690
372	529
372	783
373	768
373	806
373	811
374	481
374	541
375	690
375	817
377	524
377	528
377	709
377	736
377	926
378	429
378	546
378	551
379	510
379	711
379	826
379	903
380	396
380	404
380	982
381	654
381	792
382	543
382	668
382	972
383	796
384	467
384	523
384	532
384	862
385	454
385	552
385	845
386	456
386	721
386	731
386	738
387	398
387	692
388	405
389	413
389	437
389	638
390	516
390	591
390	877
391	506
391	730
392	554
392	882
392	952
393	415
393	448
393	454
393	572
394	632
394	709
395	714
397	650
398	430
398	696
399	488
399	627
400	417
400	849
400	877
400	920
401	445
401	740
401	830
401	909
401	941
402	423
402	539
402	548
403	701
403	913
405	525
405	619
406	435
406	608
406	671
406	830
407	644
407	662
407	760
407	795
408	657
409	485
409	662
411	578
411	846
411	954
412	908
413	672
413	749
414	420
414	576
415	851
416	432
416	514
416	678
417	436
417	846
418	621
418	860
419	886
420	1000
421	559
421	800
421	884
421	980
422	435
422	464
422	999
423	714
423	751
423	789
423	946
424	457
424	463
424	707
424	747
424	754
424	960
425	753
426	636
426	795
427	575
427	656
427	664
428	633
428	655
428	863
429	934
430	508
430	593
431	573
432	863
432	878
433	553
433	575
433	699
433	969
434	476
434	753
434	968
434	973
435	490
435	535
435	621
436	534
436	810
436	872
437	529
437	597
437	966
438	499
438	889
439	452
439	479
439	487
439	536
439	543
440	446
440	681
440	912
441	489
441	851
441	852
442	574
443	595
443	659
443	930
444	470
444	726
445	688
445	701
447	532
447	581
447	692
447	975
448	545
448	919
449	481
449	676
449	755
451	515
451	655
451	890
451	966
452	859
452	872
453	513
453	836
454	903
454	912
455	742
455	885
456	564
456	588
456	869
456	985
457	851
457	898
458	486
458	544
459	717
459	976
459	992
461	574
462	506
463	469
463	470
463	490
463	701
464	823
464	978
465	575
465	955
466	583
466	857
466	868
468	524
468	817
469	542
469	565
469	607
470	806
470	853
470	903
471	664
471	718
471	883
472	690
472	882
473	559
473	761
473	773
473	776
474	707
474	878
474	994
475	776
475	794
475	803
476	478
476	627
476	695
478	486
478	494
478	595
479	978
480	641
480	988
481	897
481	991
482	941
484	916
485	492
485	651
486	705
487	819
487	916
487	994
488	732
488	976
488	997
489	828
489	899
489	989
490	494
490	556
490	634
490	702
491	550
491	645
491	709
492	660
493	548
493	568
493	688
493	703
494	732
495	672
496	498
496	597
496	704
496	887
497	785
497	814
498	503
498	642
499	555
499	586
499	887
500	513
500	832
501	535
502	611
503	684
503	756
503	824
503	944
504	508
504	702
505	623
505	966
506	842
506	919
508	589
508	905
509	641
510	718
510	769
511	537
511	788
512	758
512	900
513	567
513	744
514	571
515	652
515	677
515	709
516	566
516	996
517	935
518	627
519	584
519	631
519	684
521	687
521	704
521	861
522	605
522	613
523	553
523	729
523	796
524	659
524	739
524	923
525	698
525	828
526	529
526	560
527	532
527	537
527	717
527	757
527	827
527	914
528	761
529	621
530	608
530	781
531	625
531	922
532	562
532	680
533	570
533	594
533	785
536	688
536	865
537	670
538	871
539	618
539	757
539	837
540	617
541	687
541	979
542	610
542	811
543	895
545	888
546	593
546	714
546	982
547	560
547	809
549	771
550	714
550	884
551	592
551	716
551	727
552	594
552	724
552	819
554	582
554	850
555	577
555	980
556	693
556	852
556	940
557	838
558	624
558	945
559	669
560	677
560	973
561	840
562	582
562	839
562	842
562	944
563	568
563	874
564	757
564	798
565	752
566	629
569	919
570	679
570	725
570	833
572	859
573	585
573	598
575	818
577	895
578	652
578	952
579	944
580	700
581	729
583	768
584	749
584	753
585	620
585	636
586	717
586	960
588	917
588	955
589	863
589	960
591	616
591	690
591	961
593	876
594	601
594	862
595	646
595	692
596	600
596	689
596	834
598	910
599	808
600	703
600	809
601	787
602	671
602	684
602	735
605	686
605	997
606	630
606	683
606	715
607	839
608	731
608	828
608	985
609	629
609	848
610	970
610	995
611	897
613	821
614	617
614	777
614	781
614	963
615	736
615	759
615	893
616	652
618	923
619	738
619	889
620	632
620	894
622	784
623	626
623	920
623	964
625	666
625	827
626	697
626	918
628	759
628	922
628	944
629	829
630	657
633	643
633	744
634	856
634	930
635	893
637	768
638	800
641	750
642	688
642	887
642	939
643	893
643	981
644	678
647	800
647	831
647	881
648	649
648	838
650	745
650	780
652	687
652	715
653	709
653	819
654	781
654	972
656	765
657	935
658	695
658	875
660	692
660	741
660	901
661	667
661	850
661	894
662	760
662	808
663	701
663	765
663	880
664	678
666	697
667	717
668	886
669	921
671	899
673	754
673	908
675	745
675	771
675	847
676	915
678	821
678	962
679	972
680	995
683	752
683	962
684	869
687	774
689	788
691	837
691	953
693	857
694	918
696	723
696	967
699	757
699	845
700	762
704	823
705	769
705	771
708	896
710	785
713	721
713	952
718	877
719	735
723	961
724	781
724	871
726	933
727	989
729	1000
730	959
731	968
733	971
736	844
736	888
740	749
744	885
746	953
747	967
748	885
748	908
748	962
750	971
751	774
754	765
756	817
756	854
758	844
760	976
762	848
762	929
763	873
764	785
766	857
766	897
767	770
775	891
776	804
776	872
777	921
778	804
783	849
784	882
785	838
786	818
787	793
787	879
791	916
792	962
793	946
797	874
803	808
803	938
807	990
812	879
812	892
812	984
814	952
815	910
818	852
818	864
826	883
827	929
832	924
835	902
838	868
840	997
844	926
847	878
848	867
849	993
851	950
855	983
856	858
858	900
864	996
874	946
875	967
880	938
882	909
884	910
895	971
902	943
906	967
910	987
912	937
928	937
932	941
936	968
937	970
958	993
974	999
977	978
