1	3
1	7
1	14
1	20
1	29
1	38
1	42
1	59
1	71
1	79
1	82
1	83
1	89
1	105
1	110
1	115
1	149
1	150
1	172
1	173
1	178
1	182
1	193
1	236
1	237
1	238
1	290
1	291
1	292
1	323
1	364
1	365
1	390
1	462
1	481
1	528
1	562
1	572
1	595
1	597
1	639
1	672
1	694
1	767
1	781
1	788
1	877
1	910
1	944
1	955
2	7
2	29
2	35
2	49
2	68
2	78
2	85
2	98
2	104
2	146
2	163
2	177
2	185
2	187
2	203
2	220
2	222
2	252
2	253
2	263
2	277
2	286
2	297
2	322
2	342
2	357
2	391
2	421
2	427
2	435
2	458
2	463
2	483
2	492
2	516
2	522
2	544
2	567
2	632
2	635
2	636
2	683
2	685
2	785
2	883
2	952
2	960
2	984
3	10
3	14
3	17
3	18
3	22
3	25
3	35
3	37
3	40
3	42
3	43
3	46
3	48
3	58
3	84
3	90
3	94
3	101
3	152
3	169
3	242
3	245
3	257
3	337
3	343
3	372
3	376
3	395
3	415
3	425
3	444
3	448
3	449
3	469
3	488
3	535
3	538
3	622
3	638
3	648
3	680
3	702
3	704
3	812
3	862
3	889
4	49
4	51
4	52
4	54
4	55
4	83
4	104
4	131
4	162
4	171
4	225
4	230
4	246
4	266
4	272
4	301
4	306
4	308
4	321
4	328
4	332
4	336
4	339
4	412
4	436
4	473
4	479
4	503
4	537
4	560
4	587
4	599
4	613
4	689
4	692
4	705
4	731
4	775
4	852
4	864
4	871
4	894
4	904
4	925
4	941
4	959
5	25
5	62
5	69
5	82
5	85
5	113
5	124
5	127
5	134
5	139
5	141
5	159
5	167
5	171
5	184
5	197
5	212
5	224
5	249
5	310
5	316
5	357
5	368
5	420
5	423
5	439
5	482
5	492
5	518
5	524
5	534
5	594
5	609
5	611
5	615
5	665
5	666
5	670
5	718
5	737
5	751
5	763
5	782
5	835
5	934
6	9
6	15
6	20
6	21
6	64
6	76
6	80
6	97
6	107
6	136
6	172
6	194
6	196
6	205
6	238
6	292
6	311
6	315
6	320
6	347
6	349
6	358
6	361
6	365
6	366
6	430
6	462
6	472
6	553
6	556
6	579
6	593
6	644
6	646
6	688
6	699
6	703
6	739
6	743
6	795
6	808
6	856
6	902
6	942
6	976
7	54
7	71
7	82
7	85
7	98
7	104
7	135
7	146
7	185
7	187
7	224
7	234
7	297
7	322
7	326
7	391
7	458
7	466
7	476
7	493
7	501
7	503
7	522
7	559
7	600
7	601
7	626
7	631
7	682
7	707
7	709
7	713
7	749
7	750
7	753
7	792
7	815
7	884
7	921
7	928
7	946
7	984
7	992
8	20
8	31
8	47
8	61
8	77
8	86
8	91
8	114
8	123
8	133
8	137
8	138
8	140
8	143
8	161
8	174
8	190
8	208
8	223
8	226
8	230
8	231
8	242
8	259
8	271
8	287
8	325
8	332
8	335
8	339
8	438
8	464
8	465
8	489
8	505
8	512
8	564
8	569
8	732
8	790
8	800
8	916
8	983
8	995
9	14
9	25
9	37
9	42
9	64
9	75
9	80
9	93
9	96
9	115
9	123
9	129
9	132
9	158
9	160
9	181
9	182
9	190
9	194
9	201
9	205
9	233
9	256
9	418
9	432
9	460
9	466
9	568
9	581
9	597
9	605
9	645
9	662
9	768
9	779
9	785
9	807
9	825
9	838
9	924
9	947
9	954
10	19
10	24
10	62
10	65
10	95
10	123
10	125
10	134
10	180
10	186
10	199
10	204
10	218
10	245
10	263
10	270
10	280
10	305
10	312
10	360
10	382
10	415
10	424
10	481
10	489
10	496
10	503
10	633
10	634
10	640
10	642
10	651
10	684
10	689
10	715
10	735
10	744
10	803
10	814
10	917
10	922
11	22
11	51
11	57
11	60
11	67
11	74
11	89
11	97
11	104
11	112
11	114
11	122
11	165
11	234
11	237
11	261
11	285
11	297
11	302
11	304
11	314
11	335
11	362
11	408
11	416
11	435
11	442
11	540
11	576
11	584
11	627
11	652
11	667
11	685
11	690
11	719
11	787
11	861
11	879
11	900
11	902
12	16
12	24
12	28
12	32
12	34
12	38
12	47
12	49
12	62
12	73
12	91
12	111
12	112
12	126
12	128
12	144
12	155
12	160
12	161
12	166
12	170
12	207
12	227
12	245
12	247
12	313
12	363
12	364
12	402
12	438
12	446
12	454
12	485
12	502
12	546
12	564
12	810
12	821
12	897
12	985
13	14
13	33
13	41
13	44
13	53
13	79
13	93
13	103
13	121
13	135
13	136
13	148
13	175
13	180
13	198
13	206
13	217
13	235
13	256
13	276
13	278
13	353
13	356
13	359
13	373
13	384
13	428
13	430
13	431
13	480
13	540
13	555
13	586
13	619
13	766
13	784
13	812
13	849
13	866
13	880
14	17
14	35
14	37
14	40
14	43
14	46
14	48
14	60
14	81
14	84
14	93
14	94
14	111
14	118
14	135
14	170
14	211
14	275
14	336
14	348
14	372
14	373
14	379
14	390
14	395
14	441
14	449
14	469
14	488
14	619
14	622
14	758
14	793
14	821
14	826
14	873
15	31
15	70
15	72
15	81
15	87
15	97
15	100
15	117
15	119
15	138
15	145
15	209
15	221
15	226
15	228
15	243
15	264
15	307
15	309
15	343
15	379
15	387
15	452
15	475
15	513
15	614
15	620
15	624
15	716
15	749
15	756
15	816
15	841
15	885
15	908
15	912
15	956
15	963
15	965
16	17
16	24
16	26
16	28
16	33
16	38
16	47
16	62
16	68
16	73
16	91
16	93
16	126
16	128
16	144
16	155
16	160
16	166
16	170
16	207
16	275
16	303
16	306
16	313
16	336
16	363
16	405
16	452
16	471
16	502
16	628
16	663
16	744
16	768
16	833
16	894
16	913
16	935
17	18
17	24
17	28
17	35
17	37
17	38
17	46
17	54
17	62
17	68
17	94
17	100
17	101
17	125
17	128
17	144
17	156
17	166
17	207
17	208
17	222
17	247
17	305
17	306
17	348
17	372
17	376
17	412
17	535
17	558
17	693
17	878
17	894
17	898
17	929
17	988
18	24
18	25
18	37
18	40
18	43
18	46
18	48
18	81
18	84
18	90
18	94
18	101
18	118
18	140
18	193
18	211
18	242
18	245
18	248
18	257
18	275
18	359
18	415
18	425
18	481
18	491
18	556
18	598
18	622
18	688
18	697
18	794
18	822
18	893
18	908
18	971
19	56
19	65
19	95
19	123
19	134
19	186
19	199
19	213
19	231
19	233
19	240
19	263
19	270
19	280
19	312
19	360
19	382
19	385
19	390
19	404
19	446
19	481
19	493
19	496
19	504
19	630
19	651
19	670
19	684
19	693
19	744
19	764
19	814
19	922
19	953
19	982
19	999
20	29
20	59
20	72
20	75
20	87
20	92
20	106
20	124
20	201
20	233
20	240
20	289
20	318
20	331
20	394
20	397
20	432
20	433
20	434
20	529
20	639
20	644
20	669
20	696
20	701
20	711
20	813
20	836
20	843
20	870
20	882
20	886
20	942
20	955
20	997
21	29
21	42
21	59
21	79
21	80
21	93
21	125
21	130
21	157
21	176
21	205
21	243
21	256
21	262
21	281
21	286
21	289
21	318
21	349
21	352
21	360
21	396
21	466
21	481
21	517
21	527
21	543
21	606
21	655
21	673
21	688
21	714
21	797
21	827
21	950
21	974
21	991
22	27
22	32
22	36
22	40
22	45
22	56
22	63
22	90
22	99
22	102
22	109
22	116
22	122
22	152
22	195
22	221
22	250
22	295
22	298
22	304
22	313
22	338
22	345
22	401
22	482
22	495
22	497
22	528
22	628
22	655
22	676
22	778
22	815
22	828
22	906
22	990
23	25
23	26
23	31
23	34
23	39
23	44
23	58
23	66
23	98
23	105
23	120
23	220
23	229
23	347
23	365
23	381
23	384
23	386
23	391
23	400
23	480
23	494
23	513
23	541
23	554
23	636
23	675
23	701
23	748
23	771
23	775
23	819
23	853
23	860
23	892
23	903
23	916
23	931
24	28
24	38
24	47
24	62
24	68
24	73
24	111
24	126
24	128
24	144
24	155
24	156
24	160
24	174
24	207
24	239
24	247
24	428
24	463
24	557
24	558
24	574
24	575
24	618
24	663
24	742
24	831
24	913
24	926
24	929
24	949
24	996
25	35
25	37
25	40
25	43
25	46
25	50
25	84
25	101
25	114
25	117
25	118
25	140
25	216
25	239
25	242
25	248
25	348
25	379
25	409
25	441
25	535
25	619
25	628
25	648
25	794
25	822
25	898
25	908
25	909
25	967
25	980
25	985
26	31
26	34
26	37
26	39
26	40
26	44
26	58
26	59
26	66
26	87
26	98
26	105
26	120
26	153
26	203
26	229
26	284
26	297
26	375
26	384
26	400
26	422
26	477
26	494
26	499
26	500
26	513
26	519
26	675
26	679
26	829
26	858
26	877
26	892
26	936
27	36
27	40
27	49
27	56
27	57
27	63
27	87
27	93
27	99
27	102
27	109
27	116
27	140
27	145
27	152
27	170
27	195
27	298
27	300
27	388
27	423
27	445
27	458
27	467
27	482
27	542
27	550
27	575
27	629
27	759
27	772
27	824
27	837
27	906
27	926
27	989
28	42
28	47
28	62
28	68
28	73
28	91
28	111
28	126
28	128
28	144
28	149
28	155
28	160
28	161
28	170
28	207
28	263
28	298
28	313
28	336
28	366
28	409
28	546
28	557
28	574
28	603
28	742
28	831
28	884
28	913
28	943
28	980
28	996
29	59
29	64
29	80
29	106
29	115
29	130
29	176
29	181
29	191
29	205
29	242
29	262
29	282
29	296
29	300
29	318
29	369
29	383
29	396
29	467
29	481
29	486
29	529
29	609
29	656
29	657
29	722
29	819
29	890
29	939
29	945
29	961
30	43
30	62
30	75
30	93
30	100
30	113
30	129
30	130
30	132
30	147
30	181
30	190
30	236
30	254
30	265
30	317
30	323
30	341
30	344
30	351
30	352
30	370
30	414
30	418
30	484
30	507
30	571
30	592
30	624
30	700
30	793
30	807
30	825
30	838
30	924
30	939
31	34
31	39
31	44
31	66
31	98
31	105
31	210
31	229
31	252
31	276
31	277
31	284
31	294
31	351
31	375
31	384
31	388
31	400
31	402
31	422
31	431
31	463
31	525
31	604
31	748
31	771
31	853
31	860
31	863
31	891
31	936
31	938
32	36
32	45
32	56
32	57
32	63
32	102
32	111
32	122
32	195
32	214
32	244
32	254
32	295
32	298
32	301
32	345
32	354
32	355
32	397
32	401
32	467
32	475
32	482
32	495
32	497
32	565
32	605
32	747
32	815
32	837
32	906
32	926
32	993
32	994
33	41
33	53
33	58
33	96
33	103
33	113
33	153
33	189
33	198
33	235
33	253
33	283
33	330
33	380
33	381
33	392
33	453
33	456
33	480
33	508
33	520
33	530
33	547
33	555
33	598
33	718
33	724
33	725
33	757
33	820
33	821
33	905
33	907
34	39
34	44
34	49
34	58
34	66
34	91
34	105
34	116
34	210
34	220
34	229
34	277
34	294
34	375
34	400
34	472
34	474
34	513
34	515
34	525
34	604
34	629
34	679
34	701
34	726
34	829
34	891
34	920
34	936
34	968
35	37
35	39
35	40
35	43
35	46
35	48
35	84
35	90
35	156
35	257
35	348
35	444
35	448
35	488
35	491
35	511
35	533
35	538
35	556
35	583
35	653
35	674
35	706
35	756
35	833
35	844
35	873
35	971
36	56
36	57
36	87
36	99
36	101
36	107
36	116
36	119
36	122
36	135
36	145
36	183
36	214
36	232
36	240
36	244
36	282
36	319
36	388
36	403
36	423
36	434
36	440
36	495
36	565
36	759
36	806
36	993
37	40
37	43
37	46
37	90
37	94
37	156
37	170
37	202
37	239
37	275
37	301
37	395
37	409
37	423
37	441
37	450
37	469
37	556
37	628
37	674
37	758
37	794
37	971
38	47
38	66
38	68
38	91
38	111
38	121
38	128
38	156
38	160
38	161
38	166
38	182
38	185
38	207
38	306
38	313
38	336
38	455
38	502
38	564
38	631
38	721
38	742
38	809
38	810
39	44
39	66
39	105
39	120
39	137
39	156
39	168
39	252
39	375
39	384
39	422
39	474
39	477
39	494
39	515
39	525
39	541
39	554
39	582
39	604
39	637
39	819
39	863
39	891
39	911
40	43
40	46
40	63
40	117
40	122
40	145
40	178
40	265
40	338
40	354
40	371
40	397
40	424
40	448
40	467
40	533
40	565
40	697
40	720
40	772
40	799
41	42
41	53
41	96
41	103
41	136
41	153
41	198
41	206
41	330
41	359
41	373
41	392
41	399
41	405
41	430
41	519
41	524
41	551
41	580
41	598
41	653
41	730
41	743
41	820
41	870
41	880
41	915
42	64
42	78
42	92
42	107
42	120
42	182
42	183
42	192
42	194
42	201
42	256
42	290
42	347
42	450
42	527
42	545
42	645
42	682
42	823
42	907
42	955
42	986
42	991
43	46
43	48
43	84
43	90
43	101
43	159
43	216
43	239
43	257
43	348
43	373
43	389
43	409
43	448
43	565
43	630
43	693
43	698
43	720
43	817
43	940
44	105
44	153
44	157
44	252
44	370
44	474
44	477
44	513
44	525
44	531
44	597
44	675
44	683
44	737
44	748
44	752
44	771
44	867
44	892
44	920
44	936
44	959
44	968
45	70
45	72
45	75
45	81
45	100
45	102
45	109
45	115
45	116
45	138
45	164
45	354
45	371
45	378
45	398
45	416
45	552
45	590
45	624
45	625
45	754
45	828
45	834
45	841
45	865
45	885
45	989
46	71
46	84
46	108
46	118
46	135
46	204
46	216
46	239
46	242
46	248
46	251
46	261
46	343
46	389
46	421
46	487
46	533
46	817
46	895
46	969
47	61
47	68
47	73
47	77
47	133
47	138
47	143
47	167
47	174
47	208
47	231
47	239
47	285
47	303
47	306
47	404
47	483
47	654
47	732
47	862
47	878
47	930
48	57
48	84
48	90
48	99
48	101
48	108
48	118
48	239
48	242
48	245
48	248
48	252
48	257
48	444
48	448
48	511
48	706
48	852
48	862
48	873
48	889
48	900
48	969
49	54
49	71
49	85
49	98
49	146
49	177
49	187
49	219
49	222
49	234
49	342
49	402
49	421
49	466
49	514
49	600
49	627
49	707
49	733
49	753
49	928
49	951
50	54
50	79
50	88
50	148
50	154
50	288
50	340
50	377
50	383
50	426
50	429
50	432
50	500
50	502
50	526
50	559
50	561
50	563
50	583
50	588
50	671
50	750
50	860
50	876
50	896
50	946
51	55
51	60
51	83
51	97
51	112
51	133
51	200
51	213
51	226
51	260
51	270
51	285
51	298
51	304
51	359
51	382
51	404
51	440
51	473
51	540
51	560
51	642
51	692
51	715
51	850
52	55
52	65
52	83
52	131
52	220
52	225
52	246
52	301
52	308
52	321
52	332
52	412
52	436
52	440
52	473
52	479
52	490
52	587
52	641
52	692
52	717
52	728
52	731
52	787
52	890
52	941
53	58
53	159
53	189
53	198
53	227
53	241
53	251
53	253
53	274
53	276
53	283
53	324
53	381
53	415
53	419
53	473
53	547
53	555
53	580
53	589
53	650
53	700
53	770
53	806
54	71
54	76
54	82
54	88
54	148
54	154
54	157
54	163
54	172
54	187
54	222
54	241
54	299
54	315
54	339
54	340
54	429
54	526
54	707
54	752
54	984
55	83
55	112
55	154
55	162
55	204
55	266
55	272
55	287
55	321
55	332
55	354
55	479
55	537
55	587
55	613
55	681
55	705
55	717
55	731
55	852
55	890
55	925
55	989
56	57
56	79
56	87
56	99
56	116
56	117
56	122
56	140
56	195
56	200
56	214
56	232
56	245
56	354
56	397
56	401
56	477
56	550
56	586
56	610
56	806
57	63
57	87
57	96
57	116
57	119
57	140
57	195
57	221
57	268
57	295
57	354
57	371
57	467
57	495
57	497
57	625
57	717
57	778
57	847
57	989
58	78
58	103
58	203
58	253
58	343
58	353
58	356
58	381
58	386
58	399
58	400
58	405
58	477
58	531
58	589
58	752
58	794
58	819
58	853
58	987
59	92
59	107
59	116
59	125
59	130
59	181
59	227
59	240
59	254
59	282
59	323
59	349
59	498
59	517
59	597
59	609
59	813
59	854
59	956
59	975
60	74
60	86
60	114
60	165
60	168
60	175
60	215
60	284
60	285
60	304
60	305
60	335
60	385
60	416
60	540
60	546
60	678
60	690
60	729
60	736
60	787
60	861
61	77
61	91
61	133
61	137
61	138
61	143
61	161
61	208
61	223
61	231
61	271
61	333
61	367
61	381
61	399
61	406
61	438
61	457
61	512
61	525
61	569
61	802
61	809
62	68
62	73
62	91
62	111
62	144
62	160
62	245
62	247
62	259
62	275
62	284
62	313
62	363
62	453
62	499
62	518
62	557
63	99
63	109
63	116
63	117
63	122
63	140
63	221
63	244
63	291
63	319
63	355
63	401
63	403
63	437
63	574
63	747
63	766
63	790
63	857
63	945
64	94
64	107
64	142
64	192
64	201
64	212
64	216
64	240
64	281
64	290
64	300
64	331
64	349
64	377
64	433
64	643
64	659
64	874
64	888
64	977
64	991
65	95
65	123
65	134
65	172
65	199
65	200
65	213
65	218
65	263
65	266
65	270
65	404
65	489
65	496
65	635
65	715
65	764
65	904
65	917
65	953
65	963
65	999
66	85
66	98
66	105
66	153
66	203
66	210
66	413
66	468
66	477
66	480
66	531
66	554
66	629
66	683
66	863
66	892
66	931
66	991
67	74
67	75
67	89
67	97
67	112
67	114
67	164
67	165
67	168
67	204
67	223
67	261
67	285
67	304
67	328
67	408
67	417
67	618
67	667
67	691
67	736
67	780
67	861
68	73
68	128
68	155
68	156
68	166
68	236
68	259
68	313
68	438
68	546
68	603
68	707
68	933
68	980
68	996
69	71
69	92
69	113
69	124
69	127
69	139
69	141
69	167
69	184
69	260
69	273
69	277
69	291
69	368
69	474
69	518
69	605
69	609
69	615
69	617
69	692
69	779
70	72
70	81
70	86
70	87
70	100
70	117
70	119
70	224
70	258
70	264
70	309
70	325
70	334
70	527
70	624
70	657
70	816
70	857
70	865
70	956
70	965
71	78
71	170
71	173
71	178
71	193
71	224
71	266
71	286
71	342
71	390
71	410
71	458
71	553
71	683
71	713
71	822
71	856
72	86
72	87
72	100
72	106
72	177
72	209
72	243
72	258
72	454
72	562
72	590
72	620
72	621
72	754
72	848
72	865
72	885
72	901
72	911
73	120
73	160
73	166
73	209
73	247
73	363
73	369
73	523
73	574
73	610
73	618
73	654
73	831
73	859
73	913
74	86
74	89
74	97
74	114
74	149
74	165
74	168
74	202
74	215
74	261
74	302
74	305
74	372
74	408
74	416
74	435
74	685
74	850
74	959
75	93
75	103
75	158
75	186
75	233
75	320
75	393
75	450
75	461
75	498
75	568
75	585
75	623
75	662
75	700
75	714
75	947
76	82
76	115
76	149
76	177
76	187
76	191
76	193
76	196
76	249
76	252
76	323
76	374
76	437
76	457
76	476
76	559
76	570
76	579
76	713
76	761
77	133
77	137
77	161
77	174
77	189
77	259
77	287
77	339
77	424
77	476
77	499
77	512
77	569
77	614
77	622
77	689
77	809
77	983
78	85
78	95
78	177
78	185
78	224
78	237
78	308
78	364
78	451
78	522
78	572
78	687
78	808
78	854
78	872
78	895
78	979
79	93
79	106
79	141
79	183
79	194
79	262
79	369
79	396
79	447
79	493
79	607
79	660
79	722
79	776
79	847
79	907
80	110
80	118
80	183
80	192
80	211
80	290
80	300
80	302
80	327
80	411
80	447
80	500
80	585
80	633
80	797
80	836
80	893
81	86
81	100
81	119
81	138
81	145
81	151
81	228
81	387
81	398
81	452
81	590
81	606
81	749
81	798
81	857
81	901
82	115
82	127
82	188
82	196
82	234
82	292
82	322
82	329
82	366
82	393
82	419
82	421
82	614
82	703
82	755
82	883
83	131
83	253
83	272
83	301
83	412
83	490
83	506
83	537
83	560
83	689
83	690
83	705
83	728
83	852
83	864
83	941
84	90
84	101
84	109
84	118
84	348
84	374
84	379
84	628
84	698
84	769
84	822
84	891
84	898
85	120
85	163
85	185
85	220
85	342
85	358
85	437
85	476
85	616
85	707
85	709
85	712
85	765
85	972
85	992
86	100
86	123
86	161
86	219
86	228
86	230
86	287
86	307
86	325
86	333
86	339
86	388
86	465
86	569
86	621
87	102
87	104
87	140
87	151
87	334
87	401
87	403
87	668
87	760
87	912
87	937
88	187
88	255
88	281
88	288
88	426
88	429
88	500
88	506
88	544
88	561
88	563
88	573
88	578
88	583
88	601
88	869
88	899
88	948
89	97
89	114
89	121
89	168
89	215
89	285
89	296
89	302
89	305
89	314
89	335
89	367
89	578
89	627
89	949
89	958
90	101
90	191
90	213
90	274
90	283
90	372
90	556
90	648
90	674
90	721
90	826
90	889
91	133
91	144
91	166
91	187
91	325
91	372
91	406
91	444
91	464
91	465
91	558
91	866
92	141
92	184
92	260
92	279
92	300
92	363
92	439
92	487
92	524
92	526
92	545
92	641
92	659
92	816
92	832
92	975
93	110
93	147
93	169
93	320
93	356
93	461
93	527
93	696
93	807
93	998
94	108
94	140
94	211
94	283
94	335
94	409
94	441
94	602
94	633
94	673
94	822
94	866
94	908
95	180
95	186
95	218
95	267
95	270
95	312
95	360
95	485
95	489
95	651
95	664
95	670
95	739
95	904
95	953
96	121
96	175
96	179
96	189
96	203
96	217
96	356
96	392
96	480
96	547
96	557
96	577
96	762
96	770
96	988
97	114
97	176
97	215
97	252
97	302
97	304
97	362
97	408
97	425
97	540
97	667
97	830
98	105
98	249
98	322
98	474
98	503
98	507
98	525
98	604
98	649
98	719
98	786
98	788
99	102
99	122
99	187
99	244
99	445
99	528
99	542
99	759
99	915
99	926
99	961
99	974
99	990
100	226
100	309
100	590
100	594
100	614
100	668
100	749
100	777
100	963
100	972
101	135
101	140
101	191
101	248
101	389
101	484
101	758
101	862
101	967
102	109
102	122
102	219
102	386
102	397
102	467
102	530
102	548
102	550
102	824
102	857
102	964
103	179
103	235
103	251
103	276
103	321
103	324
103	381
103	428
103	510
103	520
103	677
103	784
103	875
104	114
104	146
104	165
104	168
104	185
104	314
104	427
104	478
104	557
104	567
104	652
104	729
104	825
105	210
105	277
105	391
105	402
105	477
105	588
105	679
105	738
105	824
106	110
106	115
106	153
106	256
106	262
106	273
106	303
106	493
106	549
106	644
106	665
106	726
106	768
106	978
107	110
107	158
107	192
107	262
107	273
107	318
107	393
107	394
107	544
107	645
107	823
107	961
107	992
108	111
108	118
108	157
108	191
108	246
108	366
108	501
108	566
108	638
108	844
108	854
108	878
108	895
108	973
108	980
109	122
109	145
109	152
109	195
109	319
109	354
109	434
109	824
109	847
109	857
109	892
110	192
110	194
110	347
110	539
110	546
110	595
110	657
110	699
110	711
110	930
110	961
110	986
111	135
111	166
111	448
111	523
111	535
111	543
111	638
111	712
111	996
112	114
112	165
112	168
112	285
112	302
112	416
112	540
112	551
112	576
112	736
112	757
112	958
113	127
113	249
113	250
113	255
113	273
113	289
113	439
113	468
113	492
113	594
113	680
113	887
113	934
114	165
114	215
114	271
114	314
114	362
114	408
114	435
115	149
115	246
115	266
115	311
115	320
115	413
115	532
115	772
115	958
115	981
116	214
116	221
116	267
116	290
116	319
116	345
116	596
116	964
117	122
117	226
117	272
117	403
117	497
117	552
117	609
117	693
117	781
117	865
117	972
118	337
118	372
118	514
118	623
118	826
118	833
118	898
118	967
119	164
119	244
119	264
119	309
119	378
119	587
119	669
119	694
119	754
119	989
119	990
120	163
120	210
120	222
120	284
120	443
120	516
120	738
120	765
120	789
120	992
121	179
121	203
121	274
121	276
121	324
121	405
121	428
121	453
121	508
121	598
121	858
121	919
122	183
122	355
122	445
122	586
122	656
123	125
123	134
123	199
123	385
123	404
123	470
123	681
123	735
123	868
123	922
124	170
124	171
124	249
124	255
124	310
124	357
124	420
124	524
124	737
124	745
124	796
124	829
125	176
125	199
125	213
125	327
125	378
125	393
125	432
125	436
125	868
125	923
126	144
126	166
126	314
126	455
126	485
126	557
126	575
126	618
126	721
126	800
126	874
127	171
127	184
127	250
127	291
127	328
127	357
127	420
127	461
127	524
127	782
127	796
128	130
128	362
128	438
128	488
128	508
128	603
128	742
128	897
129	143
129	169
129	331
129	395
129	527
129	597
129	615
129	669
129	688
129	797
129	845
129	881
129	933
130	152
130	169
130	320
130	344
130	361
130	418
130	472
130	673
130	817
130	998
131	217
131	229
131	328
131	332
131	470
131	741
131	753
131	775
131	842
131	871
131	890
131	959
132	147
132	205
132	212
132	236
132	283
132	287
132	354
132	365
132	581
132	746
132	773
132	907
132	947
133	137
133	223
133	271
133	287
133	464
133	509
133	512
133	711
133	818
134	180
134	203
134	218
134	278
134	280
134	446
134	493
134	496
134	630
134	640
135	210
135	242
135	278
135	330
135	337
135	580
135	589
135	849
136	175
136	189
136	227
136	248
136	399
136	430
136	443
136	516
136	547
136	766
136	812
136	819
137	223
137	247
137	271
137	424
137	444
137	505
137	569
137	800
137	802
137	833
138	208
138	209
138	271
138	330
138	816
138	901
138	916
138	953
138	973
139	249
139	273
139	292
139	310
139	342
139	439
139	460
139	492
139	524
139	584
139	608
139	641
139	774
140	156
140	393
140	395
140	747
141	182
141	254
141	269
141	391
141	450
141	539
141	608
141	673
141	745
141	927
142	147
142	157
142	173
142	178
142	191
142	193
142	329
142	521
142	530
142	694
142	799
142	801
142	902
143	208
143	261
143	333
143	350
143	471
143	512
143	732
143	818
143	916
143	995
144	186
144	247
144	422
144	455
144	471
144	575
145	267
145	334
145	427
145	522
145	550
145	624
145	625
145	706
146	158
146	199
146	386
146	578
146	631
146	686
146	733
146	761
146	845
146	884
147	190
147	369
147	394
147	498
147	548
147	659
147	747
147	780
147	825
147	948
148	285
148	315
148	383
148	573
148	588
148	612
148	619
148	671
148	712
148	792
148	846
149	173
149	358
149	376
149	716
149	734
149	854
149	877
149	921
149	962
150	173
150	197
150	210
150	238
150	268
150	358
150	410
150	419
150	490
150	591
150	663
150	716
150	739
151	221
151	228
151	309
151	338
151	387
151	398
151	452
151	454
151	460
151	705
151	806
151	972
152	211
152	232
152	374
152	548
152	586
152	756
152	875
152	898
152	966
153	229
153	330
153	428
153	512
153	598
153	738
153	860
153	885
154	315
154	333
154	340
154	474
154	506
154	544
154	559
154	573
154	578
154	658
154	923
155	170
155	239
155	313
155	363
155	486
155	663
155	732
155	859
155	954
156	471
156	561
156	691
156	698
156	897
157	173
157	268
157	366
157	723
157	799
157	872
157	962
157	979
158	219
158	233
158	256
158	390
158	536
158	611
158	910
158	975
158	987
159	279
159	283
159	405
159	456
159	545
159	555
159	577
159	677
159	724
159	811
160	245
160	387
160	523
160	859
160	943
161	166
161	275
161	327
161	465
161	499
161	935
162	225
162	272
162	332
162	360
162	376
162	554
162	587
162	599
162	613
162	635
162	834
163	342
163	376
163	437
163	631
163	709
163	789
163	880
163	951
163	952
164	232
164	238
164	371
164	445
164	565
164	586
164	695
164	697
164	915
164	966
165	215
165	334
165	461
165	717
165	780
165	958
166	429
166	573
166	663
167	171
167	316
167	482
167	637
167	729
167	734
167	740
167	774
167	779
167	910
168	408
168	616
168	627
168	850
168	869
168	879
169	232
169	342
169	344
169	351
169	355
169	447
169	571
169	695
169	974
170	389
170	557
170	704
170	826
171	250
171	310
171	340
171	420
171	737
171	773
171	782
171	887
172	197
172	323
172	410
172	462
172	530
172	694
172	834
172	854
172	970
173	188
173	193
173	212
173	237
173	364
173	365
173	602
174	230
174	231
174	274
174	287
174	325
174	333
174	564
174	778
174	790
175	179
175	235
175	251
175	279
175	350
175	430
175	456
175	883
175	988
176	259
176	290
176	323
176	411
176	584
176	711
176	932
176	977
177	322
177	516
177	632
177	853
177	921
177	960
177	999
178	197
178	292
178	329
178	364
178	457
178	488
178	591
178	760
179	232
179	279
179	288
179	392
179	494
179	510
179	525
179	866
180	200
180	280
180	293
180	633
180	634
180	670
180	814
180	999
181	205
181	225
181	236
181	265
181	273
181	344
181	826
181	914
182	433
182	536
182	836
182	855
182	893
182	932
182	941
183	214
183	298
183	304
183	371
183	411
183	797
183	828
184	260
184	273
184	543
184	584
184	648
184	718
184	835
184	998
185	286
185	626
185	684
185	726
185	765
185	938
186	200
186	218
186	254
186	281
186	549
186	560
186	672
187	234
187	567
187	783
187	928
188	196
188	237
188	238
188	266
188	270
188	329
188	566
188	606
188	856
188	954
189	276
189	278
189	400
189	443
189	510
189	784
189	786
190	233
190	236
190	265
190	280
190	344
190	647
190	662
190	785
191	379
191	457
191	676
191	716
191	908
191	944
192	291
192	373
192	396
192	429
192	433
192	601
192	840
193	366
193	572
193	702
193	723
193	781
193	928
194	201
194	212
194	222
194	323
194	369
194	434
194	459
195	232
195	397
195	403
195	426
195	441
195	495
196	279
196	349
196	353
196	376
196	410
196	532
196	703
196	895
197	238
197	410
197	419
197	456
197	623
197	694
197	703
197	739
198	206
198	274
198	293
198	373
198	380
198	479
198	725
198	896
199	204
199	214
199	263
199	446
199	640
199	777
200	382
200	394
200	404
200	489
200	630
200	900
200	919
201	240
201	282
201	290
201	296
201	331
201	543
201	881
202	315
202	326
202	340
202	417
202	500
202	869
202	876
202	918
202	938
202	962
203	217
203	297
203	459
203	531
203	547
204	261
204	305
204	308
204	382
204	627
204	692
204	704
205	413
205	595
205	605
205	832
205	961
205	986
206	227
206	276
206	508
206	671
206	730
206	786
206	870
206	872
207	214
207	406
207	455
207	488
207	935
208	230
208	264
208	442
208	802
208	930
209	258
209	307
209	334
209	800
209	843
209	848
209	982
210	297
210	422
210	443
210	867
211	257
211	395
211	425
211	441
211	538
211	746
212	249
212	485
212	545
212	796
212	903
212	950
213	312
213	446
213	567
213	670
213	684
213	922
214	295
214	497
214	778
214	966
215	517
215	576
215	627
215	667
215	757
216	253
216	510
216	551
216	577
216	645
216	743
216	844
217	251
217	293
217	375
217	405
217	520
217	555
217	725
218	270
218	414
218	418
218	634
218	684
218	777
219	427
219	503
219	515
219	631
219	664
219	727
219	960
220	228
220	272
220	437
220	503
220	738
220	791
221	378
221	403
221	798
221	836
221	847
222	435
222	437
222	563
222	601
222	788
223	226
223	230
223	389
223	406
223	464
223	818
224	342
224	503
224	514
224	788
224	984
224	992
225	398
225	412
225	436
225	599
225	613
225	728
225	1000
226	271
226	307
226	387
226	444
226	581
227	251
227	330
227	380
227	381
227	758
227	905
228	243
228	258
228	552
228	668
228	749
228	839
229	294
229	384
229	402
229	685
229	920
230	246
230	287
230	333
230	424
230	983
231	271
231	353
231	424
231	683
231	802
231	916
232	319
232	371
232	475
232	596
233	331
233	370
233	374
233	450
233	609
234	297
234	483
234	544
234	559
234	764
234	931
235	293
235	297
235	353
235	385
235	415
235	770
235	786
236	341
236	548
236	793
236	924
236	939
237	268
237	364
237	465
237	504
237	579
237	976
238	269
238	504
238	591
238	855
238	997
239	245
239	501
239	886
240	396
240	543
240	643
240	655
240	927
241	294
241	299
241	326
241	377
241	483
241	526
241	576
241	658
241	686
242	535
242	556
242	706
243	267
243	387
243	531
243	542
243	620
243	668
243	885
244	319
244	386
244	434
244	445
244	550
244	807
245	491
246	266
246	307
246	323
246	479
246	976
247	521
247	833
247	943
248	359
248	372
248	388
248	491
249	255
249	666
249	950
250	310
250	357
250	468
250	492
250	585
250	774
251	324
251	353
251	589
251	867
252	286
252	384
252	616
253	407
253	883
253	905
253	988
254	282
254	529
254	585
254	722
254	944
255	310
255	316
255	518
255	608
255	859
255	994
256	317
256	768
256	840
256	911
257	395
257	533
257	650
257	983
258	267
258	388
258	398
258	507
258	679
258	901
259	350
259	424
259	663
259	810
259	917
260	368
260	518
260	666
260	740
260	751
260	761
261	416
261	442
261	678
261	736
262	269
262	299
262	322
262	413
262	893
263	470
263	630
263	917
263	982
264	350
264	398
264	419
264	499
264	505
264	963
265	303
265	539
265	571
265	687
265	882
265	907
266	473
266	747
266	954
267	334
267	387
267	800
267	841
267	937
268	311
268	608
268	676
268	832
268	838
268	986
269	413
269	420
269	439
269	529
269	603
269	611
269	708
270	312
270	549
270	715
271	339
271	646
272	308
272	537
272	560
272	728
273	352
273	396
273	710
274	279
274	293
274	356
274	520
274	580
275	455
275	571
275	701
275	971
276	392
276	399
276	844
277	307
277	402
277	435
277	515
277	631
278	279
278	293
278	407
278	431
278	653
278	668
279	407
279	555
279	619
280	634
280	642
280	651
280	868
280	993
281	347
281	370
281	592
281	612
281	656
281	722
282	390
282	534
282	708
282	710
282	927
283	333
283	353
283	409
283	844
284	629
284	748
284	791
284	829
284	911
285	576
285	830
286	421
286	601
286	652
286	709
286	861
287	333
287	350
288	315
288	383
288	500
288	509
288	526
288	792
288	858
289	423
289	539
289	718
289	818
289	823
289	851
290	459
290	620
291	361
291	437
291	611
291	945
292	376
292	433
292	593
292	753
293	380
293	508
293	960
294	309
294	384
294	400
294	604
294	629
295	354
295	371
295	400
295	404
295	906
296	303
296	356
296	450
296	549
296	851
296	909
297	968
298	355
298	697
298	815
299	385
299	417
299	519
299	588
299	671
299	899
300	374
300	661
300	680
300	736
301	308
301	440
301	705
301	925
302	367
302	719
302	984
303	369
303	696
303	773
303	945
304	576
304	879
305	549
305	777
305	850
306	340
306	344
306	564
306	628
307	475
307	552
307	620
308	473
308	493
308	842
309	334
309	349
309	454
310	600
310	615
310	910
311	318
311	457
311	649
311	755
311	843
311	936
312	338
312	481
312	610
312	744
313	346
314	362
314	408
314	416
314	542
315	750
315	921
315	946
316	482
316	594
316	617
316	835
316	932
316	985
317	581
317	596
317	742
317	839
317	850
317	886
317	950
318	659
318	665
318	874
318	942
319	345
319	613
319	790
320	370
320	529
320	647
320	998
321	470
321	537
321	635
321	741
321	832
322	626
322	726
322	997
323	691
324	330
324	510
324	517
324	589
324	820
325	339
325	350
325	357
325	574
326	476
326	501
326	519
326	522
326	712
326	912
327	351
327	534
327	584
327	773
327	851
327	977
328	335
328	479
328	498
328	904
328	959
329	451
329	606
329	661
329	753
329	970
330	554
330	625
331	545
331	595
331	637
331	927
332	741
332	920
332	925
333	339
334	454
334	934
335	385
335	540
335	949
336	348
336	391
336	546
336	693
337	469
337	470
337	533
337	638
337	674
337	866
338	475
338	697
338	956
338	972
338	993
339	930
340	346
340	377
340	506
341	418
341	486
341	507
341	581
341	660
341	674
341	785
342	501
343	456
343	475
343	725
343	762
343	971
344	553
344	646
344	914
345	403
345	881
345	915
345	943
345	990
346	377
346	427
346	509
346	522
346	707
346	830
346	918
347	370
347	682
347	695
347	801
348	425
348	551
349	433
349	657
349	874
350	499
350	614
350	897
351	459
351	548
351	699
351	825
351	888
352	568
352	651
352	660
352	669
352	804
352	997
353	456
353	554
355	397
355	497
355	538
356	677
356	724
357	534
357	779
358	567
358	686
358	727
358	740
359	431
359	434
359	449
360	670
360	715
360	917
361	394
361	795
361	811
361	823
361	939
362	678
362	752
362	757
363	365
363	488
364	375
364	606
365	643
365	716
366	466
366	973
367	421
367	567
367	679
367	879
367	969
368	393
368	467
368	611
368	615
368	934
369	746
369	881
370	443
370	914
371	918
373	511
373	730
374	827
374	840
374	851
375	422
375	519
376	720
377	429
377	856
377	899
378	621
378	912
378	937
378	957
379	449
379	758
379	813
380	407
380	408
380	550
380	650
381	766
382	446
382	449
382	702
383	534
383	588
383	712
383	896
385	436
385	949
386	427
386	769
386	858
387	783
388	454
388	495
389	602
389	648
389	706
390	410
390	688
391	419
391	911
392	415
392	443
392	725
393	439
393	774
394	472
394	767
394	813
395	653
396	470
396	487
397	676
398	452
398	848
399	407
399	704
399	767
401	610
401	929
401	940
402	458
402	668
403	693
404	664
405	724
405	875
406	471
406	509
406	512
406	983
407	418
407	577
407	743
409	511
409	556
410	439
410	1000
411	468
411	484
411	563
411	596
411	657
412	473
412	590
412	941
413	432
413	472
413	682
414	447
414	470
414	507
414	562
414	664
414	795
415	523
415	551
416	652
417	509
417	561
417	667
417	900
417	981
418	882
418	924
419	478
419	593
420	423
420	876
420	994
421	478
421	514
422	867
422	870
423	926
423	993
424	995
425	491
425	538
425	620
426	561
426	846
426	899
426	921
426	939
427	957
427	968
428	494
428	562
428	650
429	588
429	792
430	508
430	554
430	966
431	453
431	766
431	837
431	880
432	485
432	498
432	699
433	644
433	776
434	569
434	673
435	723
435	761
436	493
436	689
436	883
437	521
438	485
438	654
438	848
440	626
440	635
440	728
441	511
442	587
442	741
442	775
442	958
443	472
444	720
445	738
445	966
446	735
447	633
447	639
447	922
448	914
449	691
449	794
450	700
451	691
451	709
451	755
451	979
451	980
452	528
452	816
453	558
453	572
453	935
454	541
455	603
455	950
456	811
457	504
457	532
458	845
458	951
459	491
459	699
459	804
460	597
460	672
460	702
460	886
461	660
461	793
461	998
462	504
462	505
462	553
462	623
463	514
463	765
463	829
463	920
464	591
464	748
464	930
465	505
465	541
466	504
466	553
468	641
468	734
468	796
469	731
469	756
469	812
471	710
471	732
472	903
474	870
475	940
476	500
476	789
478	570
478	637
478	685
478	831
479	990
480	607
480	647
482	553
483	583
483	616
483	869
484	646
484	656
484	924
484	933
485	558
486	592
486	662
486	767
486	994
487	517
487	536
487	669
487	745
489	642
489	777
490	613
490	640
490	689
490	805
491	821
492	605
492	835
494	547
494	970
495	634
496	714
496	764
496	919
497	952
498	585
498	935
499	523
501	516
501	686
502	618
502	654
502	859
504	622
505	574
505	871
506	869
506	896
506	899
507	669
507	695
508	786
509	612
509	876
510	661
510	784
511	592
511	817
513	701
513	863
514	636
514	788
515	570
515	687
515	709
516	570
516	616
517	595
517	945
518	763
518	979
519	658
519	701
520	566
520	650
520	704
521	522
521	649
521	809
521	997
523	539
523	967
524	779
526	561
526	601
527	888
527	995
528	533
528	552
528	590
529	607
529	680
530	582
530	856
530	928
531	726
531	804
532	553
532	781
532	810
532	902
533	895
534	536
534	617
535	791
535	873
536	545
536	547
536	710
537	805
537	964
538	674
538	985
539	639
539	913
541	687
541	771
541	975
542	586
542	841
542	963
543	643
543	776
544	789
544	948
545	893
546	985
548	568
548	785
549	682
549	708
550	845
551	598
551	720
552	806
552	842
555	763
558	621
558	967
559	724
559	923
560	635
560	821
561	658
562	607
562	633
562	661
563	769
563	798
564	965
565	847
566	593
566	877
566	970
568	695
568	839
570	600
570	812
571	660
571	807
572	582
572	872
573	621
573	750
575	603
575	929
577	654
577	743
578	632
578	792
579	716
579	905
579	962
580	770
580	947
581	647
582	622
582	799
582	1000
583	750
583	846
584	782
585	734
589	653
591	638
591	1000
592	660
592	672
593	755
593	780
594	754
594	868
595	637
596	610
596	722
599	730
599	834
599	842
600	783
600	952
602	623
602	703
602	973
604	855
605	607
606	710
607	655
608	745
608	801
610	625
611	763
612	918
612	923
612	948
614	820
615	708
616	884
617	751
617	851
617	934
618	721
619	969
621	964
623	962
624	848
625	828
626	791
626	931
629	887
630	684
632	641
632	679
632	713
634	702
636	675
636	727
636	849
637	737
638	889
639	754
639	944
640	642
640	900
641	740
642	846
643	659
643	691
644	714
644	835
645	647
645	803
646	746
646	827
647	711
648	698
649	973
649	976
649	996
650	811
651	735
652	882
652	957
653	741
654	897
655	767
655	955
656	803
656	981
657	804
658	827
658	948
659	874
661	808
661	834
662	700
662	910
664	919
664	982
665	974
665	978
665	987
666	675
666	740
666	763
667	951
671	938
671	946
672	795
672	823
673	827
675	867
676	778
676	970
677	811
677	875
677	937
678	690
678	719
678	925
680	751
680	887
681	764
681	814
681	871
681	878
682	801
683	686
685	727
686	946
687	860
687	957
688	795
690	787
690	861
692	864
694	723
695	746
696	839
696	881
696	968
697	840
698	817
698	838
699	715
700	793
702	714
703	872
704	762
705	871
706	878
708	768
708	933
710	745
711	804
712	846
713	761
713	955
714	932
717	787
717	805
718	975
719	780
721	809
723	783
727	765
729	757
729	949
730	762
731	1000
733	952
733	957
733	986
734	739
735	808
744	953
751	901
752	791
755	830
756	875
759	837
759	879
760	769
760	799
760	830
762	873
769	951
770	774
771	889
772	815
772	942
773	909
775	852
776	909
776	931
781	783
782	863
784	858
789	888
790	805
796	803
797	933
798	865
798	965
801	978
802	828
803	868
805	864
808	855
810	894
813	843
814	999
818	995
820	988
824	906
831	894
832	944
836	909
837	915
838	903
839	927
840	954
841	964
842	890
843	902
845	938
849	880
849	905
853	891
855	882
862	969
864	904
876	923
877	979
884	960
886	914
887	987
888	978
896	918
903	981
912	940
919	982
929	943
932	977
937	965
940	956
942	976
947	974
977	987
978	991
981	994
