1	4
1	9
1	20
1	31
1	33
1	34
1	46
1	51
1	65
1	73
1	92
1	98
1	133
1	143
1	162
1	171
1	218
1	219
1	222
1	233
1	257
1	261
1	304
1	308
1	335
1	348
1	351
1	457
1	489
1	493
1	498
1	514
1	522
1	532
1	542
1	543
1	585
1	589
1	646
1	718
1	725
1	729
1	739
1	747
1	765
1	811
1	826
1	866
1	872
1	985
2	6
2	17
2	18
2	21
2	22
2	23
2	28
2	49
2	50
2	54
2	57
2	64
2	77
2	87
2	88
2	96
2	103
2	112
2	120
2	122
2	126
2	132
2	153
2	194
2	211
2	229
2	239
2	257
2	266
2	290
2	317
2	360
2	376
2	381
2	413
2	416
2	481
2	502
2	525
2	630
2	698
2	739
2	882
2	909
2	924
2	954
2	969
2	995
3	8
3	22
3	28
3	30
3	34
3	35
3	44
3	53
3	62
3	63
3	65
3	68
3	71
3	79
3	120
3	151
3	152
3	160
3	171
3	174
3	216
3	221
3	226
3	268
3	339
3	350
3	356
3	363
3	402
3	423
3	431
3	447
3	464
3	497
3	525
3	531
3	547
3	587
3	590
3	601
3	621
3	802
3	838
3	878
3	891
3	923
3	950
4	5
4	6
4	12
4	17
4	23
4	25
4	33
4	49
4	50
4	64
4	116
4	128
4	131
4	137
4	158
4	159
4	182
4	189
4	241
4	252
4	254
4	263
4	267
4	295
4	302
4	311
4	314
4	376
4	471
4	473
4	496
4	549
4	584
4	591
4	698
4	791
4	824
4	851
4	866
4	883
4	922
4	924
4	936
4	988
4	991
5	9
5	13
5	16
5	35
5	37
5	51
5	54
5	57
5	59
5	65
5	70
5	73
5	93
5	107
5	144
5	161
5	165
5	169
5	176
5	187
5	214
5	232
5	236
5	250
5	300
5	308
5	325
5	361
5	362
5	366
5	371
5	410
5	435
5	485
5	487
5	558
5	576
5	613
5	706
5	785
5	820
5	868
5	881
5	904
6	13
6	24
6	25
6	33
6	46
6	49
6	64
6	77
6	83
6	117
6	153
6	184
6	195
6	206
6	229
6	243
6	244
6	249
6	264
6	294
6	311
6	317
6	381
6	390
6	423
6	428
6	437
6	449
6	451
6	496
6	560
6	564
6	577
6	619
6	627
6	670
6	676
6	774
6	791
6	813
6	826
6	919
6	930
7	11
7	16
7	22
7	30
7	45
7	52
7	53
7	58
7	62
7	78
7	84
7	99
7	105
7	112
7	114
7	121
7	133
7	139
7	155
7	169
7	183
7	200
7	201
7	204
7	206
7	247
7	277
7	310
7	313
7	391
7	427
7	479
7	561
7	633
7	636
7	671
7	707
7	771
7	817
7	835
7	873
7	876
7	927
7	945
7	983
8	11
8	15
8	28
8	39
8	43
8	75
8	79
8	133
8	134
8	140
8	172
8	175
8	221
8	232
8	260
8	269
8	318
8	326
8	333
8	365
8	419
8	421
8	447
8	475
8	497
8	507
8	514
8	568
8	577
8	629
8	651
8	681
8	687
8	702
8	708
8	712
8	726
8	735
8	906
8	946
8	948
8	951
8	960
9	20
9	29
9	35
9	42
9	51
9	59
9	65
9	70
9	76
9	85
9	92
9	108
9	115
9	135
9	203
9	204
9	260
9	297
9	306
9	319
9	426
9	479
9	483
9	496
9	534
9	543
9	547
9	597
9	609
9	629
9	698
9	700
9	718
9	766
9	814
9	822
9	885
9	907
9	937
9	971
9	985
10	11
10	13
10	26
10	37
10	41
10	51
10	71
10	115
10	119
10	123
10	128
10	138
10	164
10	166
10	167
10	214
10	224
10	238
10	247
10	265
10	314
10	322
10	345
10	390
10	395
10	399
10	420
10	425
10	430
10	433
10	434
10	442
10	520
10	556
10	572
10	655
10	714
10	853
10	878
10	938
10	940
10	976
11	13
11	19
11	26
11	29
11	44
11	82
11	88
11	95
11	99
11	104
11	112
11	143
11	145
11	173
11	179
11	193
11	235
11	305
11	348
11	359
11	373
11	416
11	436
11	441
11	453
11	467
11	499
11	530
11	542
11	619
11	623
11	630
11	645
11	682
11	841
11	845
11	895
11	959
12	14
12	24
12	28
12	29
12	32
12	35
12	48
12	50
12	54
12	84
12	86
12	97
12	117
12	147
12	150
12	159
12	184
12	195
12	204
12	208
12	237
12	244
12	254
12	255
12	288
12	301
12	311
12	422
12	473
12	501
12	576
12	634
12	661
12	703
12	777
12	812
12	829
12	911
12	932
13	26
13	29
13	31
13	34
13	36
13	37
13	40
13	50
13	69
13	76
13	80
13	82
13	88
13	122
13	149
13	173
13	193
13	197
13	226
13	227
13	279
13	289
13	309
13	332
13	408
13	418
13	527
13	605
13	610
13	618
13	622
13	637
13	663
13	843
13	859
13	890
14	29
14	41
14	45
14	80
14	81
14	107
14	136
14	138
14	182
14	185
14	196
14	219
14	255
14	265
14	271
14	273
14	287
14	302
14	322
14	327
14	328
14	330
14	340
14	345
14	433
14	509
14	516
14	524
14	528
14	655
14	727
14	733
14	745
14	775
14	796
14	865
14	929
14	965
14	1000
15	49
15	51
15	91
15	110
15	135
15	137
15	140
15	144
15	157
15	172
15	217
15	221
15	242
15	280
15	303
15	308
15	318
15	322
15	326
15	342
15	354
15	442
15	492
15	500
15	505
15	534
15	543
15	558
15	568
15	614
15	649
15	672
15	691
15	702
15	739
15	931
15	985
15	992
15	995
16	22
16	29
16	65
16	67
16	104
16	105
16	112
16	114
16	124
16	129
16	142
16	165
16	196
16	197
16	198
16	200
16	220
16	231
16	247
16	267
16	270
16	310
16	313
16	322
16	330
16	332
16	353
16	367
16	427
16	438
16	540
16	565
16	690
16	738
16	821
16	865
16	882
17	24
17	32
17	33
17	35
17	50
17	64
17	83
17	84
17	117
17	120
17	127
17	171
17	184
17	194
17	195
17	209
17	213
17	222
17	229
17	247
17	270
17	290
17	337
17	351
17	382
17	413
17	435
17	441
17	521
17	560
17	611
17	712
17	767
17	870
17	888
17	949
17	952
18	28
18	32
18	33
18	47
18	54
18	66
18	68
18	79
18	80
18	116
18	136
18	153
18	158
18	159
18	222
18	241
18	244
18	286
18	292
18	362
18	366
18	375
18	428
18	450
18	456
18	458
18	548
18	611
18	640
18	650
18	654
18	675
18	819
18	899
18	908
18	925
18	952
19	20
19	26
19	46
19	47
19	64
19	69
19	81
19	82
19	99
19	111
19	137
19	173
19	186
19	219
19	227
19	294
19	297
19	341
19	348
19	359
19	431
19	436
19	522
19	556
19	625
19	646
19	698
19	725
19	810
19	812
19	837
19	846
19	865
19	872
19	895
19	917
19	938
20	26
20	33
20	35
20	46
20	82
20	92
20	95
20	99
20	122
20	124
20	136
20	141
20	212
20	227
20	259
20	261
20	294
20	309
20	408
20	420
20	424
20	445
20	493
20	530
20	706
20	754
20	778
20	786
20	788
20	791
20	811
20	859
20	893
20	905
20	919
21	24
21	32
21	37
21	47
21	72
21	86
21	88
21	146
21	148
21	168
21	176
21	185
21	191
21	203
21	225
21	290
21	292
21	334
21	360
21	362
21	364
21	439
21	443
21	504
21	541
21	553
21	612
21	624
21	645
21	699
21	746
21	779
21	889
21	920
21	925
21	935
21	962
22	35
22	45
22	67
22	74
22	89
22	90
22	112
22	114
22	121
22	124
22	165
22	183
22	212
22	225
22	228
22	261
22	332
22	367
22	404
22	479
22	586
22	625
22	628
22	670
22	703
22	741
22	750
22	784
22	847
22	863
22	875
22	935
22	956
22	972
23	86
23	96
23	97
23	101
23	116
23	126
23	131
23	147
23	148
23	158
23	186
23	193
23	207
23	212
23	250
23	264
23	278
23	279
23	282
23	315
23	338
23	369
23	384
23	441
23	446
23	580
23	607
23	694
23	792
23	830
23	855
23	856
23	933
23	939
23	947
23	987
24	36
24	47
24	64
24	66
24	69
24	86
24	88
24	94
24	103
24	104
24	132
24	140
24	184
24	211
24	224
24	237
24	254
24	301
24	317
24	342
24	398
24	481
24	501
24	502
24	503
24	553
24	554
24	570
24	594
24	634
24	664
24	706
24	711
25	79
25	90
25	100
25	102
25	125
25	146
25	152
25	160
25	190
25	223
25	269
25	283
25	285
25	316
25	326
25	387
25	405
25	419
25	423
25	444
25	446
25	464
25	531
25	547
25	575
25	614
25	631
25	636
25	666
25	688
25	804
25	860
25	871
25	902
25	903
26	31
26	122
26	143
26	186
26	201
26	219
26	226
26	227
26	235
26	239
26	261
26	264
26	281
26	297
26	329
26	344
26	359
26	375
26	393
26	467
26	471
26	534
26	542
26	552
26	560
26	610
26	725
26	780
26	813
26	843
26	859
26	893
27	38
27	42
27	45
27	52
27	67
27	98
27	108
27	114
27	116
27	164
27	165
27	170
27	208
27	213
27	225
27	287
27	336
27	349
27	353
27	355
27	446
27	583
27	599
27	641
27	648
27	683
27	720
27	758
27	770
27	782
27	885
27	894
27	908
27	912
27	915
27	945
27	968
28	30
28	38
28	52
28	60
28	101
28	110
28	117
28	130
28	135
28	152
28	178
28	205
28	229
28	256
28	333
28	363
28	379
28	396
28	419
28	431
28	432
28	569
28	596
28	611
28	651
28	655
28	658
28	696
28	748
28	816
28	960
28	980
29	36
29	41
29	55
29	61
29	80
29	81
29	90
29	95
29	99
29	122
29	136
29	143
29	147
29	179
29	193
29	242
29	246
29	274
29	305
29	331
29	411
29	425
29	472
29	475
29	500
29	530
29	536
29	605
29	655
29	742
30	42
30	45
30	53
30	78
30	87
30	97
30	101
30	102
30	105
30	114
30	126
30	139
30	152
30	161
30	168
30	183
30	228
30	285
30	329
30	330
30	347
30	354
30	433
30	443
30	482
30	561
30	590
30	658
30	688
30	689
30	696
30	828
30	999
31	32
31	33
31	35
31	37
31	57
31	81
31	82
31	85
31	90
31	92
31	99
31	128
31	166
31	221
31	222
31	248
31	350
31	416
31	425
31	480
31	533
31	536
31	565
31	618
31	646
31	662
31	663
31	775
31	810
31	841
31	904
31	926
31	938
32	33
32	49
32	54
32	55
32	59
32	127
32	180
32	184
32	208
32	239
32	285
32	286
32	288
32	295
32	299
32	335
32	337
32	348
32	364
32	410
32	474
32	481
32	488
32	502
32	521
32	597
32	619
32	694
32	829
32	888
32	913
33	54
33	59
33	83
33	99
33	103
33	234
33	274
33	288
33	307
33	394
33	412
33	436
33	472
33	491
33	517
33	550
33	589
33	637
33	639
33	659
33	703
33	770
33	904
33	914
33	956
33	984
33	992
34	44
34	48
34	58
34	62
34	64
34	71
34	79
34	160
34	188
34	243
34	262
34	271
34	280
34	300
34	307
34	316
34	333
34	339
34	405
34	480
34	486
34	547
34	571
34	581
34	584
34	603
34	638
34	724
34	871
34	891
34	923
35	57
35	83
35	115
35	178
35	187
35	204
35	207
35	237
35	266
35	286
35	329
35	337
35	342
35	362
35	422
35	461
35	488
35	553
35	554
35	563
35	582
35	654
35	822
35	833
35	906
36	37
36	61
36	76
36	80
36	83
36	87
36	138
36	149
36	166
36	167
36	170
36	179
36	275
36	286
36	305
36	350
36	370
36	401
36	416
36	480
36	489
36	539
36	652
36	689
36	769
36	864
36	878
36	967
37	42
37	61
37	70
37	76
37	80
37	85
37	95
37	147
37	149
37	257
37	410
37	411
37	418
37	511
37	527
37	539
37	662
37	664
37	804
37	834
37	870
37	871
37	878
37	983
37	986
38	39
38	47
38	52
38	58
38	59
38	109
38	127
38	161
38	207
38	231
38	240
38	249
38	250
38	279
38	291
38	293
38	331
38	349
38	529
38	621
38	728
38	752
38	758
38	788
38	801
38	857
38	864
38	939
39	79
39	86
39	109
39	113
39	125
39	134
39	147
39	212
39	221
39	253
39	262
39	280
39	385
39	446
39	476
39	494
39	595
39	628
39	653
39	732
39	772
39	792
39	806
39	879
39	887
39	939
39	980
39	987
40	43
40	75
40	110
40	130
40	136
40	138
40	157
40	160
40	182
40	185
40	205
40	236
40	238
40	274
40	278
40	282
40	383
40	434
40	507
40	537
40	583
40	623
40	638
40	679
40	825
40	873
40	941
40	951
40	971
41	43
41	80
41	104
41	121
41	156
41	167
41	177
41	272
41	340
41	343
41	388
41	390
41	434
41	442
41	475
41	480
41	520
41	565
41	615
41	672
41	693
41	710
41	757
41	832
41	863
41	976
42	45
42	58
42	67
42	98
42	105
42	108
42	134
42	139
42	144
42	279
42	287
42	298
42	309
42	347
42	414
42	429
42	440
42	492
42	504
42	541
42	562
42	583
42	620
42	761
42	821
43	55
43	68
43	81
43	123
43	138
43	157
43	198
43	217
43	271
43	272
43	283
43	322
43	390
43	434
43	497
43	516
43	649
43	652
43	657
43	686
43	695
43	708
43	726
43	785
43	825
43	967
44	56
44	58
44	68
44	71
44	100
44	151
44	155
44	164
44	190
44	291
44	333
44	379
44	387
44	415
44	429
44	507
44	511
44	545
44	711
44	712
44	725
44	737
44	778
44	838
44	917
44	941
45	53
45	89
45	98
45	101
45	102
45	121
45	123
45	145
45	198
45	220
45	256
45	258
45	340
45	378
45	382
45	414
45	423
45	438
45	448
45	462
45	540
45	571
45	842
46	73
46	78
46	81
46	85
46	92
46	108
46	162
46	207
46	218
46	222
46	235
46	261
46	335
46	348
46	467
46	508
46	515
46	582
46	608
46	609
46	622
46	665
46	669
46	928
46	964
47	48
47	86
47	96
47	131
47	147
47	158
47	163
47	183
47	191
47	208
47	263
47	317
47	353
47	392
47	393
47	417
47	545
47	548
47	673
47	707
47	792
47	879
47	956
48	60
48	72
48	74
48	75
48	87
48	170
48	203
48	223
48	239
48	276
48	393
48	400
48	440
48	445
48	468
48	484
48	593
48	642
48	738
48	774
48	794
48	823
48	855
48	909
48	989
49	69
49	83
49	120
49	141
49	174
49	189
49	194
49	234
49	268
49	282
49	299
49	413
49	521
49	608
49	679
49	783
49	807
49	948
49	964
49	969
49	995
49	997
50	55
50	64
50	69
50	147
50	153
50	177
50	187
50	221
50	236
50	312
50	343
50	379
50	404
50	450
50	521
50	551
50	594
50	608
50	711
50	866
50	883
50	914
51	68
51	70
51	82
51	115
51	169
51	230
51	288
51	324
51	345
51	369
51	410
51	477
51	552
51	558
51	570
51	629
51	669
51	710
51	743
51	786
51	800
51	975
52	108
52	154
52	165
52	167
52	170
52	188
52	194
52	239
52	265
52	268
52	371
52	385
52	391
52	394
52	404
52	529
52	531
52	648
52	716
52	748
52	758
52	782
52	966
53	67
53	78
53	101
53	102
53	105
53	218
53	399
53	431
53	444
53	447
53	462
53	507
53	561
53	586
53	631
53	648
53	713
53	737
53	773
53	784
53	809
53	830
53	997
54	70
54	76
54	84
54	178
54	258
54	298
54	317
54	410
54	485
54	521
54	545
54	591
54	639
54	741
54	754
54	822
54	828
54	877
54	892
54	954
55	57
55	58
55	66
55	104
55	116
55	123
55	194
55	215
55	315
55	321
55	342
55	358
55	403
55	486
55	577
55	653
55	720
55	731
55	736
55	790
55	828
55	850
56	62
56	68
56	71
56	89
56	101
56	125
56	140
56	174
56	188
56	206
56	291
56	331
56	339
56	359
56	360
56	379
56	415
56	444
56	447
56	512
56	548
56	561
56	571
56	588
56	951
57	66
57	96
57	104
57	116
57	131
57	148
57	189
57	211
57	266
57	301
57	393
57	468
57	485
57	548
57	687
57	736
57	764
57	766
57	877
57	913
57	962
58	140
58	160
58	174
58	211
58	291
58	293
58	310
58	360
58	397
58	431
58	432
58	535
58	569
58	586
58	667
58	716
58	751
58	755
58	858
58	869
59	70
59	96
59	115
59	204
59	250
59	352
59	369
59	377
59	417
59	487
59	489
59	599
59	602
59	641
59	683
59	732
59	783
59	830
59	921
59	946
60	63
60	79
60	106
60	118
60	130
60	152
60	154
60	175
60	210
60	269
60	326
60	337
60	378
60	447
60	483
60	600
60	709
60	718
60	749
60	781
60	816
60	915
60	955
61	63
61	76
61	79
61	90
61	99
61	119
61	138
61	149
61	164
61	228
61	252
61	324
61	350
61	401
61	441
61	453
61	471
61	499
61	527
61	557
61	883
61	926
62	68
62	71
62	100
62	155
62	174
62	206
62	293
62	298
62	323
62	339
62	374
62	399
62	402
62	460
62	486
62	518
62	535
62	673
62	705
62	781
62	805
63	75
63	93
63	205
63	216
63	224
63	236
63	283
63	436
63	505
63	535
63	537
63	544
63	620
63	625
63	672
63	702
63	781
63	884
63	898
63	960
63	970
63	990
64	103
64	130
64	204
64	237
64	274
64	406
64	459
64	502
64	525
64	532
64	650
64	654
64	706
64	777
64	845
64	882
64	969
65	68
65	75
65	92
65	172
65	178
65	232
65	246
65	300
65	318
65	331
65	457
65	519
65	563
65	585
65	601
65	683
65	780
65	916
65	938
65	978
66	98
66	106
66	168
66	202
66	215
66	244
66	273
66	321
66	331
66	338
66	450
66	456
66	577
66	600
66	650
66	675
66	684
66	736
66	829
66	844
67	74
67	89
67	100
67	139
67	145
67	216
67	277
67	287
67	306
67	388
67	396
67	446
67	492
67	504
67	562
67	638
67	789
67	910
67	972
68	71
68	100
68	155
68	174
68	188
68	206
68	293
68	300
68	306
68	324
68	582
68	689
68	841
68	874
68	984
69	77
69	82
69	99
69	143
69	145
69	177
69	189
69	234
69	235
69	471
69	643
69	723
69	747
69	765
69	893
69	922
69	947
69	959
70	73
70	100
70	115
70	145
70	155
70	225
70	339
70	344
70	411
70	461
70	540
70	543
70	556
70	563
70	597
70	686
70	988
71	73
71	88
71	91
71	100
71	155
71	169
71	180
71	429
71	467
71	494
71	595
71	705
71	776
71	802
71	839
71	907
72	94
72	112
72	121
72	124
72	165
72	177
72	223
72	324
72	334
72	376
72	394
72	479
72	484
72	604
72	653
72	668
72	685
72	784
72	814
72	868
72	961
73	82
73	92
73	100
73	126
73	144
73	151
73	178
73	219
73	246
73	253
73	375
73	383
73	532
73	543
73	682
73	722
73	759
74	78
74	124
74	181
74	215
74	229
74	247
74	277
74	310
74	332
74	353
74	439
74	440
74	452
74	477
74	583
74	621
74	633
74	738
74	760
75	89
75	103
75	142
75	151
75	157
75	207
75	221
75	232
75	340
75	392
75	494
75	497
75	513
75	564
75	613
75	677
75	941
76	85
76	91
76	226
76	230
76	243
76	295
76	324
76	387
76	398
76	403
76	424
76	605
76	692
76	744
76	848
76	975
77	82
77	157
77	173
77	196
77	199
77	222
77	255
77	269
77	294
77	317
77	412
77	493
77	532
77	560
77	747
77	788
77	824
77	872
78	98
78	102
78	154
78	183
78	200
78	244
78	277
78	347
78	399
78	547
78	750
78	819
78	863
78	877
78	942
78	999
79	106
79	129
79	133
79	192
79	360
79	486
79	498
79	525
79	590
79	591
79	712
79	746
79	847
80	90
80	132
80	156
80	167
80	179
80	193
80	217
80	218
80	424
80	567
80	729
80	837
80	870
80	890
81	94
81	214
81	224
81	265
81	272
81	279
81	302
81	327
81	423
81	478
81	524
81	556
81	579
81	745
81	992
82	122
82	143
82	162
82	193
82	344
82	365
82	406
82	469
82	536
82	618
82	904
82	914
83	116
83	120
83	209
83	240
83	307
83	337
83	413
83	458
83	473
83	503
83	671
83	752
83	783
83	803
83	849
84	148
84	187
84	208
84	255
84	299
84	377
84	386
84	406
84	409
84	428
84	457
84	757
84	797
84	883
84	913
84	940
84	974
85	107
85	163
85	196
85	201
85	275
85	289
85	294
85	368
85	415
85	501
85	610
85	613
85	686
85	818
85	845
85	994
86	96
86	104
86	214
86	223
86	276
86	302
86	308
86	369
86	458
86	463
86	490
86	634
86	704
86	790
86	803
87	154
87	168
87	191
87	236
87	239
87	241
87	245
87	338
87	371
87	382
87	384
87	407
87	448
87	481
87	684
87	763
88	97
88	106
88	168
88	194
88	203
88	208
88	241
88	245
88	321
88	358
88	407
88	439
88	717
88	742
89	98
89	99
89	108
89	114
89	122
89	139
89	154
89	258
89	330
89	367
89	438
89	543
89	673
89	927
89	993
90	95
90	99
90	122
90	166
90	179
90	281
90	305
90	416
90	546
90	669
90	775
90	776
90	942
90	996
91	93
91	107
91	137
91	169
91	233
91	275
91	335
91	361
91	463
91	487
91	643
91	666
91	677
91	678
91	831
91	852
91	948
92	193
92	386
92	412
92	488
92	514
92	549
92	597
92	661
92	692
92	801
92	813
92	834
92	840
93	107
93	147
93	151
93	191
93	280
93	303
93	421
93	433
93	498
93	531
93	552
93	672
93	763
93	960
93	965
93	990
94	96
94	98
94	132
94	199
94	203
94	207
94	315
94	349
94	352
94	389
94	503
94	624
94	707
94	710
94	876
94	889
95	111
95	136
95	149
95	179
95	215
95	237
95	370
95	411
95	539
95	624
95	788
95	853
95	896
95	945
96	109
96	202
96	203
96	244
96	544
96	676
96	722
96	745
96	769
96	833
96	875
96	912
97	128
97	137
97	147
97	163
97	203
97	264
97	346
97	409
97	481
97	548
97	616
97	640
97	647
97	760
97	907
98	105
98	134
98	201
98	213
98	217
98	279
98	385
98	405
98	492
98	593
98	955
99	341
99	368
99	427
99	582
99	609
99	640
99	698
99	864
100	151
100	460
100	519
100	558
100	561
100	576
100	862
100	871
100	873
100	936
101	152
101	171
101	187
101	219
101	251
101	365
101	378
101	661
101	688
101	891
101	901
101	955
102	146
102	198
102	261
102	301
102	357
102	359
102	405
102	510
102	661
102	799
102	821
102	903
102	934
103	159
103	173
103	196
103	198
103	461
103	501
103	547
103	566
103	589
103	655
103	670
103	694
103	930
104	117
104	133
104	209
104	377
104	546
104	549
104	654
104	706
104	713
104	743
104	889
105	108
105	251
105	256
105	267
105	318
105	396
105	399
105	502
105	714
105	927
105	945
105	968
106	110
106	133
106	141
106	152
106	153
106	207
106	268
106	285
106	327
106	330
106	363
106	419
106	817
106	999
107	169
107	260
107	312
107	314
107	331
107	403
107	602
107	649
107	702
107	759
107	868
107	921
107	969
108	203
108	225
108	247
108	293
108	336
108	484
108	722
108	741
108	863
108	894
108	954
109	113
109	125
109	148
109	249
109	253
109	262
109	319
109	349
109	375
109	552
109	704
109	830
109	851
109	879
110	175
110	259
110	285
110	354
110	421
110	499
110	513
110	664
110	733
110	735
110	746
110	825
110	970
111	126
111	144
111	156
111	164
111	166
111	395
111	408
111	480
111	490
111	500
111	520
111	524
111	528
111	574
111	619
112	177
112	201
112	367
112	394
112	405
112	407
112	688
112	699
112	751
112	899
112	993
113	125
113	249
113	262
113	282
113	352
113	385
113	393
113	487
113	635
113	644
113	704
113	773
113	884
113	954
113	982
114	126
114	168
114	220
114	289
114	414
114	462
114	721
114	821
114	860
114	894
114	955
115	161
115	164
115	256
115	318
115	392
115	459
115	607
115	693
115	744
115	749
115	978
116	132
116	137
116	147
116	351
116	684
116	824
116	836
116	974
116	989
116	991
117	127
117	128
117	185
117	197
117	213
117	229
117	254
117	255
117	342
117	452
117	554
117	612
118	129
118	133
118	181
118	210
118	216
118	372
118	518
118	575
118	600
118	606
118	614
118	724
118	802
118	854
118	977
119	224
119	238
119	325
119	419
119	424
119	433
119	454
119	455
119	489
119	520
119	572
119	617
119	708
119	855
120	124
120	141
120	159
120	312
120	375
120	514
120	554
120	659
120	676
120	684
120	930
121	124
121	170
121	201
121	251
121	315
121	355
121	384
121	521
121	599
121	750
121	952
122	193
122	202
122	218
122	329
122	445
122	453
122	530
122	662
123	148
123	164
123	273
123	320
123	346
123	388
123	469
123	489
123	524
123	680
123	697
123	855
124	152
124	201
124	215
124	220
124	245
124	612
124	630
124	751
125	174
125	401
125	506
125	566
125	707
125	728
125	759
125	782
125	887
125	923
126	465
126	488
126	700
126	794
126	823
126	857
126	943
126	950
126	975
127	178
127	307
127	337
127	381
127	546
127	553
127	564
127	610
127	703
127	924
127	929
128	168
128	202
128	213
128	286
128	524
128	592
128	647
128	754
128	933
128	991
129	130
129	155
129	174
129	206
129	210
129	216
129	280
129	397
129	430
129	506
129	806
129	953
130	200
130	216
130	265
130	278
130	380
130	415
130	513
130	666
130	847
130	915
131	147
131	212
131	369
131	417
131	485
131	504
131	635
131	772
131	857
131	931
131	987
132	146
132	148
132	163
132	202
132	211
132	292
132	437
132	639
132	962
132	990
133	181
133	204
133	210
133	221
133	365
133	449
133	513
133	600
134	249
134	372
134	391
134	418
134	522
134	529
134	699
134	707
134	782
134	939
134	968
135	157
135	384
135	426
135	464
135	492
135	587
135	600
135	666
135	677
135	906
135	918
135	986
136	140
136	242
136	323
136	334
136	555
136	627
136	716
136	719
136	763
137	144
137	157
137	259
137	433
137	540
137	603
137	614
137	881
137	929
138	156
138	172
138	182
138	185
138	343
138	475
138	579
138	602
138	788
139	161
139	169
139	198
139	231
139	267
139	332
139	404
139	615
139	827
139	876
140	160
140	217
140	378
140	464
140	518
140	687
140	796
140	847
141	178
141	361
141	458
141	473
141	546
141	811
141	843
141	919
141	981
141	995
142	226
142	253
142	354
142	356
142	453
142	470
142	574
142	620
142	653
142	656
142	719
142	831
143	173
143	227
143	289
143	292
143	429
143	637
143	826
143	928
144	210
144	344
144	361
144	408
144	466
144	668
144	689
144	870
145	173
145	186
145	281
145	442
145	731
145	837
145	859
145	917
145	958
146	371
146	443
146	468
146	583
146	602
146	740
146	767
146	824
146	900
146	966
147	644
147	720
147	833
148	274
148	372
148	420
148	451
148	452
148	468
148	979
149	179
149	348
149	353
149	366
149	425
149	430
149	451
149	572
149	673
150	257
150	275
150	352
150	356
150	411
150	455
150	478
150	499
150	523
150	533
150	728
150	742
150	807
151	155
151	160
151	206
151	261
151	262
151	291
151	842
151	861
152	313
152	330
152	423
152	444
152	596
152	999
153	213
153	312
153	320
153	358
153	406
153	676
153	684
153	811
153	919
154	171
154	220
154	439
154	636
154	641
154	875
154	876
154	945
154	989
155	230
155	293
155	399
155	476
155	659
155	660
156	230
156	242
156	343
156	455
156	466
156	560
156	606
156	727
156	882
157	335
157	483
157	626
157	654
157	690
157	839
158	317
158	324
158	518
158	589
158	590
158	612
158	646
158	819
158	856
159	189
159	198
159	392
159	451
159	473
159	553
159	589
159	852
160	181
160	236
160	360
160	449
160	500
160	877
161	172
161	232
161	361
161	567
161	730
161	793
161	815
161	839
162	227
162	234
162	235
162	359
162	370
162	386
162	513
162	550
162	628
162	665
163	202
163	426
163	549
163	551
163	596
163	616
163	681
163	852
163	932
164	185
164	314
164	315
164	373
164	390
164	796
165	176
165	225
165	231
165	422
165	645
165	738
165	977
166	169
166	218
166	312
166	368
166	524
166	606
166	864
166	994
167	265
167	330
167	345
167	349
167	395
167	401
167	652
167	729
168	215
168	363
168	440
168	722
168	760
168	988
169	426
169	435
169	590
169	748
169	786
170	176
170	276
170	287
170	339
170	353
170	385
170	616
170	721
171	228
171	288
171	462
171	510
171	586
171	705
171	784
171	910
172	248
172	317
172	621
172	687
172	728
172	896
172	960
172	1000
173	186
173	312
173	542
173	747
173	946
173	994
174	298
174	485
174	637
174	848
174	985
175	181
175	205
175	383
175	419
175	472
175	603
175	698
175	709
175	825
175	847
176	235
176	245
176	443
176	593
176	624
176	677
176	738
176	974
177	203
177	352
177	371
177	372
177	551
177	567
177	889
178	286
178	392
178	445
178	567
178	622
179	297
179	305
179	471
179	480
179	581
180	195
180	230
180	260
180	361
180	508
180	511
180	559
180	762
180	837
180	885
181	464
181	518
181	631
181	679
181	848
181	953
181	986
182	185
182	271
182	280
182	284
182	291
182	328
182	345
182	442
183	201
183	330
183	465
183	598
183	761
183	942
183	955
184	266
184	349
184	443
184	488
184	493
184	851
184	897
185	280
185	327
185	366
185	559
185	649
186	226
186	309
186	368
186	436
186	542
186	691
186	805
187	207
187	229
187	270
187	407
187	426
187	459
187	546
188	278
188	326
188	339
188	470
188	483
188	697
188	805
188	983
189	227
189	381
189	386
189	488
189	566
189	699
189	866
190	206
190	243
190	323
190	432
190	569
190	575
190	709
190	743
190	814
190	818
191	241
191	389
191	400
191	495
191	616
191	773
191	909
191	993
192	210
192	228
192	238
192	285
192	460
192	652
192	664
192	679
192	701
192	928
192	951
193	364
193	536
193	851
193	922
194	195
194	551
194	585
194	664
194	676
194	973
195	210
195	290
195	411
195	413
195	564
195	646
195	670
196	261
196	297
196	299
196	307
196	491
196	542
196	675
197	263
197	308
197	348
197	350
197	445
197	454
197	522
197	669
197	715
198	256
198	633
198	741
198	860
198	973
199	230
199	260
199	268
199	346
199	414
199	495
199	544
199	726
199	759
199	795
200	217
200	228
200	231
200	247
200	310
200	391
200	527
200	690
201	220
201	231
201	512
201	573
202	206
202	208
202	209
202	417
202	604
202	701
203	372
203	448
203	508
204	237
204	410
204	560
204	569
204	634
205	283
205	311
205	336
205	432
205	544
205	587
205	592
205	666
206	262
206	512
207	325
207	793
207	794
208	244
208	717
208	792
208	829
209	307
209	386
209	428
209	757
209	777
209	819
209	897
210	590
210	596
210	666
210	898
211	301
211	311
211	382
211	591
211	732
211	899
212	252
212	253
212	382
212	641
212	701
212	934
213	303
213	398
213	403
213	417
213	850
214	266
214	457
214	464
214	520
214	552
214	680
214	971
215	239
215	380
215	543
215	849
215	957
216	227
216	397
216	631
216	918
216	1000
217	580
217	638
217	702
217	980
217	998
218	226
218	281
218	378
218	478
218	479
219	281
219	297
219	342
219	522
219	623
220	231
220	242
220	287
220	857
220	936
221	708
221	839
221	1000
222	233
222	286
222	566
222	901
222	902
223	468
223	469
223	557
223	624
223	682
223	722
223	774
224	265
224	273
224	340
224	345
224	373
224	615
225	355
225	443
225	635
225	678
225	768
226	325
226	441
226	823
226	884
227	309
227	421
227	778
228	287
228	308
228	427
228	484
228	854
229	294
229	295
229	783
229	910
230	426
230	573
230	768
230	800
230	886
231	286
231	357
231	427
231	863
232	303
232	319
232	323
232	354
232	749
232	887
233	249
233	254
233	568
233	689
233	780
233	812
233	816
233	853
234	255
234	277
234	281
234	428
234	436
234	555
234	783
235	342
235	436
235	622
235	895
235	970
236	322
236	346
236	426
236	555
236	580
237	248
237	307
237	381
237	670
237	676
238	388
238	390
238	418
238	425
238	579
238	762
238	848
239	263
239	671
239	867
239	892
240	243
240	319
240	320
240	328
240	339
240	484
240	772
240	862
240	937
241	252
241	454
241	456
241	649
241	798
241	891
242	298
242	418
242	424
242	632
242	697
242	733
243	253
243	683
243	688
243	737
243	785
243	806
244	266
244	353
244	474
244	654
245	263
245	299
245	378
245	465
245	795
245	974
246	344
246	347
246	383
246	418
246	656
246	700
246	873
247	454
247	573
247	681
248	275
248	296
248	306
248	389
248	466
248	902
248	905
249	325
249	349
249	398
249	445
250	377
250	450
250	583
250	641
250	744
250	975
251	316
251	355
251	357
251	625
251	631
251	633
251	835
252	321
252	432
252	630
252	823
252	920
252	944
253	282
253	789
253	884
253	925
254	286
254	457
254	461
254	932
254	949
255	338
255	566
255	584
255	839
256	472
256	667
256	719
256	874
256	903
257	319
257	320
257	335
257	392
257	415
257	634
258	267
258	329
258	336
258	562
258	755
258	867
258	888
259	339
259	495
259	744
259	759
259	830
259	833
259	984
260	356
260	435
260	748
260	808
260	885
261	308
261	780
262	447
262	642
262	644
262	896
263	309
263	350
263	386
263	522
263	528
264	299
264	380
264	642
264	717
264	957
264	977
265	497
265	588
265	976
266	321
266	337
266	616
266	816
267	523
267	529
267	573
267	844
267	977
268	269
268	278
268	333
268	397
268	907
269	419
269	503
269	505
269	587
269	789
270	332
270	462
270	469
270	673
270	685
270	774
270	920
271	301
271	426
271	544
271	568
271	697
271	979
272	302
272	345
272	413
272	475
272	695
272	704
272	763
273	284
273	338
273	340
273	544
273	795
273	929
274	450
274	639
274	740
274	807
274	911
275	433
275	520
275	574
275	896
275	916
276	319
276	439
276	454
276	545
276	559
276	721
276	908
277	512
277	628
277	690
277	713
277	982
278	432
278	497
278	620
278	635
278	762
279	369
279	409
279	889
279	912
280	308
280	595
280	644
281	289
281	359
281	395
281	958
282	331
282	446
282	623
282	752
282	911
283	363
283	477
283	659
283	809
283	849
283	880
284	327
284	397
284	516
284	587
284	652
284	753
284	846
284	963
285	378
285	534
285	651
285	860
286	480
287	427
287	705
287	724
288	315
288	321
288	743
288	895
288	923
289	467
289	523
289	715
289	834
290	326
290	383
290	496
290	779
290	957
291	374
291	460
291	649
292	440
292	538
292	850
292	876
292	988
293	314
293	318
293	908
294	336
294	459
294	771
295	377
295	564
295	813
295	920
295	969
296	370
296	422
296	441
296	463
296	576
296	593
296	603
296	928
297	474
297	578
297	895
298	414
298	495
298	728
298	799
299	438
299	567
299	618
300	316
300	476
300	495
300	555
300	603
301	656
301	684
301	794
302	453
302	500
302	539
302	716
303	392
303	422
303	495
303	657
303	967
304	406
304	474
304	647
304	691
304	743
304	815
304	981
304	997
305	355
305	482
305	674
305	926
306	597
306	680
306	748
306	861
306	983
307	578
307	581
308	689
309	718
309	885
309	958
310	391
310	671
310	799
310	903
311	456
311	659
311	696
311	877
312	474
312	779
312	893
313	366
313	367
313	398
313	701
313	875
313	935
314	366
314	420
314	508
314	559
315	389
315	437
315	449
316	511
316	740
316	810
316	842
316	973
317	594
318	527
318	621
318	629
319	476
319	887
319	931
320	434
320	507
320	582
320	846
320	884
321	529
321	574
321	950
322	328
322	343
322	347
323	354
323	495
323	588
323	700
323	711
324	515
324	552
324	644
325	463
325	566
325	677
325	864
326	498
326	505
326	948
327	568
327	674
327	733
327	787
328	519
328	528
328	580
328	682
328	979
329	444
329	482
329	531
329	755
330	374
331	483
331	512
332	598
332	756
332	808
333	379
333	735
333	764
333	820
334	570
334	632
334	657
334	693
334	746
334	918
335	665
335	946
335	993
336	427
336	492
336	695
336	854
337	526
337	627
338	513
338	619
338	909
338	933
340	390
340	697
340	845
341	364
341	474
341	491
341	517
341	560
341	635
341	692
342	450
342	827
343	395
343	436
343	497
343	786
344	582
344	615
344	672
344	757
345	727
345	976
346	455
346	489
346	608
346	617
346	804
347	482
347	547
347	565
347	901
348	364
348	478
349	581
349	685
350	453
350	523
350	836
351	382
351	622
351	623
351	723
351	832
351	949
352	470
352	794
352	849
352	987
353	671
353	726
354	519
354	540
354	656
355	385
355	414
355	875
356	374
356	469
356	605
356	766
357	399
357	713
357	837
357	854
357	860
358	391
358	577
358	627
358	924
358	932
359	514
360	838
360	910
361	374
361	539
362	408
362	750
362	797
362	932
363	405
363	658
363	867
364	669
364	729
364	922
365	464
365	494
365	504
365	537
366	579
366	632
367	438
367	457
367	650
368	457
368	550
368	600
368	674
369	466
369	933
370	643
370	832
370	905
370	953
371	387
371	417
371	526
372	604
372	732
372	820
373	574
373	729
373	742
373	769
373	793
374	433
374	815
374	900
375	406
375	456
375	902
376	400
376	452
376	563
376	678
376	897
377	548
377	793
377	899
378	809
379	755
379	761
379	854
380	636
380	844
380	897
380	957
380	991
381	507
381	711
381	905
382	714
382	803
383	472
383	556
383	899
384	630
384	685
384	832
384	933
385	704
385	978
386	791
386	840
387	435
387	752
387	827
387	981
388	533
388	655
388	656
388	916
389	400
389	727
389	908
389	954
390	851
391	633
391	835
392	691
393	437
393	640
393	812
394	409
394	429
394	454
394	506
395	424
395	682
395	831
396	546
396	667
396	713
396	773
396	973
397	506
397	575
397	651
398	491
398	800
398	881
399	530
400	409
400	531
400	692
400	942
401	508
401	524
401	776
401	912
402	562
402	571
402	596
402	658
402	802
402	817
403	476
403	488
403	857
403	984
404	452
404	511
404	869
404	934
405	511
405	696
406	517
406	770
407	668
407	836
407	936
407	956
408	411
408	470
408	862
409	538
409	887
409	943
410	422
410	918
411	515
412	432
412	739
412	765
412	867
412	947
413	572
413	711
414	529
414	811
415	483
415	644
415	925
416	674
416	714
416	810
417	595
417	599
418	441
418	516
419	687
420	455
420	574
420	615
420	855
421	522
421	709
421	785
421	979
422	532
422	793
423	510
423	871
424	674
424	693
425	508
425	551
425	662
427	892
428	465
428	549
428	856
429	720
429	792
429	989
430	471
430	499
430	557
430	753
430	756
431	799
431	867
431	970
432	525
434	523
434	555
434	680
435	599
435	617
435	629
437	640
437	740
437	756
437	950
438	440
438	562
438	956
439	490
439	696
440	892
442	787
442	795
443	490
444	668
444	686
445	959
446	598
447	872
448	588
448	681
448	808
448	820
449	460
449	506
449	708
450	653
451	592
451	660
451	844
452	626
452	961
453	828
454	982
455	551
455	973
456	642
456	838
458	493
458	646
458	770
459	501
459	503
459	957
460	541
460	632
461	585
461	675
461	834
462	611
462	919
463	578
463	602
463	965
465	584
465	789
465	962
466	509
466	523
466	822
467	471
467	958
468	473
468	942
469	660
469	776
470	642
470	796
470	886
472	482
472	901
473	850
474	946
475	657
475	683
476	540
476	892
477	576
477	604
477	883
477	978
478	613
478	626
478	813
479	526
479	920
481	734
481	816
482	842
482	943
483	617
484	769
484	836
485	545
485	978
486	517
486	726
486	753
487	660
487	700
487	947
489	756
490	577
490	604
490	880
491	528
491	550
491	928
492	894
493	517
493	703
494	502
494	753
494	787
496	553
496	800
496	921
498	506
498	537
498	651
499	509
499	530
500	756
500	996
501	517
501	634
502	717
503	650
503	739
504	760
504	782
505	570
505	787
505	925
506	570
507	705
508	714
509	536
509	660
509	841
509	859
510	571
510	621
510	696
510	901
511	519
512	737
512	771
513	951
514	554
514	817
515	612
515	617
515	665
515	723
516	587
516	620
516	953
517	786
518	809
518	953
519	643
519	921
520	663
521	554
523	610
525	575
525	802
526	721
526	798
526	801
526	865
527	766
527	916
528	680
528	922
529	741
530	993
531	761
532	586
532	627
533	552
533	643
533	657
533	998
534	535
534	768
534	987
535	900
535	930
535	937
536	596
536	900
537	708
537	931
537	998
538	609
538	653
538	681
538	734
538	974
539	556
539	630
540	806
541	645
541	736
541	939
541	977
542	917
544	556
545	595
545	770
546	812
548	757
549	717
549	858
550	601
550	921
550	981
551	639
553	563
554	852
555	584
555	695
557	572
557	714
557	926
557	996
558	581
558	924
558	967
559	620
559	724
559	768
561	562
561	593
562	628
563	745
564	767
565	716
565	750
567	597
568	732
569	588
569	613
570	652
571	963
572	632
573	586
573	858
575	984
576	745
578	691
578	715
578	896
579	633
579	695
580	898
580	944
581	963
584	803
585	608
585	850
588	963
589	594
591	594
591	607
592	701
592	826
592	898
593	628
594	691
595	862
598	927
598	966
598	982
599	699
601	806
601	861
601	999
602	772
603	838
604	808
605	717
605	778
606	664
606	881
606	965
607	639
607	822
607	828
608	936
609	764
609	905
610	660
611	694
611	952
612	740
613	775
614	843
614	937
615	898
616	997
617	724
618	765
618	779
619	797
622	952
623	715
624	681
625	690
625	874
626	638
626	827
626	944
627	670
629	827
631	661
632	776
635	789
636	712
636	771
637	659
637	723
638	964
640	962
641	650
642	798
643	914
645	751
645	801
647	764
647	829
647	997
648	937
648	966
648	982
651	795
656	777
657	938
658	661
658	941
662	841
662	926
663	803
663	835
663	890
665	853
665	886
667	713
667	771
667	798
668	751
668	790
669	916
671	798
672	699
673	927
674	765
675	824
675	940
677	931
678	808
678	968
678	989
679	880
679	891
680	742
682	731
683	815
685	814
685	972
686	763
686	804
687	992
688	935
690	835
692	886
692	907
693	719
693	727
694	893
694	961
695	796
697	992
700	971
701	964
702	880
703	797
704	959
705	809
706	866
707	805
709	787
709	804
710	730
710	853
710	935
712	755
715	725
715	760
716	961
718	994
719	730
720	949
721	801
723	861
730	734
730	983
731	872
731	996
733	735
734	823
734	940
735	903
736	888
737	869
744	762
746	944
747	831
749	768
749	845
752	848
753	781
754	797
754	909
758	825
758	869
761	874
762	820
764	766
767	780
767	856
769	961
772	879
773	842
774	865
775	968
777	819
778	878
779	897
781	906
784	970
785	915
790	966
790	988
791	874
799	844
800	912
805	985
807	964
807	981
810	890
814	858
815	990
817	858
818	890
818	959
818	991
821	972
826	996
831	868
832	917
833	914
834	994
836	840
840	947
840	958
843	902
846	975
846	998
849	913
852	862
856	976
861	868
869	972
870	904
873	900
879	923
880	941
881	886
882	940
888	995
894	979
906	980
910	963
911	913
911	943
915	965
918	986
929	944
930	949
934	943
934	950
948	967
971	998
980	990
986	1000
