1	2
1	19
1	20
1	25
1	26
1	34
1	37
1	39
1	56
1	57
1	59
1	63
1	87
1	93
1	108
1	109
1	111
1	129
1	136
1	152
1	157
1	160
1	188
1	200
1	222
1	248
1	257
1	347
1	398
1	425
1	426
1	431
1	473
1	477
1	502
1	587
1	644
1	703
1	704
1	743
1	752
1	778
1	795
1	804
1	829
1	902
1	907
1	932
1	944
1	975
2	4
2	13
2	19
2	24
2	25
2	34
2	39
2	44
2	67
2	80
2	93
2	96
2	104
2	108
2	116
2	129
2	136
2	152
2	157
2	187
2	188
2	196
2	198
2	278
2	284
2	362
2	397
2	406
2	409
2	410
2	426
2	434
2	442
2	455
2	510
2	595
2	641
2	650
2	722
2	725
2	742
2	765
2	778
2	861
2	894
2	936
2	951
3	9
3	13
3	14
3	22
3	26
3	36
3	44
3	49
3	62
3	68
3	75
3	98
3	106
3	115
3	131
3	158
3	162
3	189
3	226
3	230
3	251
3	261
3	297
3	311
3	336
3	359
3	368
3	377
3	379
3	381
3	399
3	401
3	448
3	474
3	477
3	479
3	498
3	518
3	561
3	707
3	784
3	803
3	819
3	830
3	885
3	903
3	945
4	6
4	13
4	14
4	26
4	28
4	34
4	36
4	41
4	73
4	74
4	109
4	113
4	132
4	134
4	139
4	142
4	150
4	167
4	192
4	205
4	253
4	272
4	288
4	310
4	333
4	341
4	342
4	345
4	402
4	417
4	437
4	469
4	514
4	541
4	559
4	605
4	607
4	608
4	620
4	715
4	844
4	879
4	881
4	919
4	973
5	12
5	15
5	32
5	40
5	43
5	46
5	54
5	69
5	71
5	76
5	99
5	102
5	133
5	134
5	137
5	155
5	184
5	202
5	216
5	233
5	245
5	250
5	264
5	340
5	360
5	372
5	429
5	434
5	436
5	449
5	463
5	531
5	551
5	554
5	563
5	591
5	666
5	687
5	717
5	738
5	795
5	867
5	931
5	952
5	954
6	31
6	33
6	35
6	41
6	44
6	60
6	76
6	102
6	135
6	139
6	143
6	145
6	159
6	160
6	167
6	198
6	211
6	244
6	310
6	382
6	387
6	400
6	403
6	406
6	456
6	460
6	482
6	517
6	530
6	567
6	588
6	595
6	615
6	657
6	705
6	721
6	774
6	782
6	801
6	833
6	835
6	913
6	931
6	945
7	10
7	11
7	18
7	32
7	34
7	41
7	57
7	62
7	65
7	71
7	76
7	98
7	120
7	145
7	153
7	175
7	178
7	197
7	200
7	206
7	215
7	226
7	239
7	304
7	309
7	312
7	325
7	347
7	496
7	544
7	617
7	624
7	641
7	643
7	651
7	666
7	706
7	719
7	735
7	755
7	766
7	843
7	857
7	906
7	959
8	17
8	20
8	43
8	117
8	140
8	149
8	157
8	170
8	184
8	211
8	219
8	250
8	251
8	264
8	287
8	312
8	345
8	359
8	410
8	426
8	453
8	472
8	475
8	495
8	502
8	515
8	545
8	552
8	566
8	568
8	581
8	623
8	717
8	729
8	794
8	805
8	848
8	853
8	895
8	901
8	938
8	942
8	953
8	959
9	13
9	22
9	25
9	26
9	29
9	45
9	53
9	54
9	68
9	94
9	106
9	116
9	189
9	199
9	203
9	230
9	262
9	266
9	297
9	319
9	323
9	333
9	422
9	431
9	432
9	445
9	478
9	484
9	487
9	524
9	673
9	709
9	739
9	743
9	756
9	780
9	818
9	841
9	845
9	900
9	969
9	970
10	11
10	18
10	38
10	39
10	52
10	61
10	67
10	94
10	98
10	105
10	134
10	142
10	153
10	156
10	206
10	215
10	239
10	269
10	280
10	290
10	324
10	326
10	367
10	413
10	433
10	494
10	504
10	522
10	540
10	563
10	605
10	631
10	658
10	660
10	670
10	675
10	682
10	700
10	750
10	766
10	875
11	12
11	18
11	28
11	29
11	32
11	38
11	49
11	60
11	71
11	128
11	175
11	176
11	195
11	235
11	241
11	270
11	314
11	327
11	339
11	346
11	399
11	463
11	522
11	529
11	558
11	608
11	618
11	639
11	687
11	769
11	791
11	821
11	868
11	869
11	875
11	888
11	917
11	993
11	999
12	29
12	32
12	38
12	49
12	52
12	56
12	59
12	60
12	86
12	98
12	102
12	116
12	121
12	127
12	133
12	134
12	156
12	161
12	165
12	176
12	179
12	195
12	232
12	235
12	259
12	267
12	274
12	291
12	321
12	361
12	406
12	409
12	508
12	582
12	649
12	718
12	897
12	903
13	14
13	15
13	21
13	26
13	40
13	107
13	130
13	151
13	158
13	172
13	203
13	215
13	311
13	323
13	362
13	373
13	395
13	477
13	512
13	525
13	561
13	599
13	602
13	604
13	686
13	797
13	818
13	819
13	822
13	830
13	847
13	866
13	915
13	925
13	926
13	994
14	19
14	22
14	26
14	27
14	45
14	46
14	59
14	68
14	77
14	82
14	84
14	106
14	112
14	113
14	116
14	157
14	189
14	202
14	203
14	240
14	251
14	264
14	407
14	479
14	489
14	528
14	536
14	561
14	599
14	671
14	673
14	685
14	816
14	882
14	909
14	912
14	971
15	21
15	27
15	35
15	39
15	43
15	62
15	102
15	119
15	120
15	124
15	134
15	137
15	140
15	159
15	168
15	183
15	184
15	221
15	238
15	265
15	282
15	293
15	341
15	345
15	360
15	411
15	488
15	583
15	595
15	600
15	616
15	693
15	717
15	829
15	868
15	964
15	972
15	993
16	20
16	48
16	50
16	58
16	65
16	66
16	69
16	80
16	83
16	89
16	109
16	131
16	164
16	181
16	201
16	212
16	217
16	269
16	331
16	380
16	416
16	428
16	436
16	442
16	486
16	494
16	514
16	517
16	539
16	557
16	588
16	592
16	650
16	727
16	761
16	857
16	872
16	874
16	1000
17	29
17	61
17	90
17	115
17	139
17	148
17	149
17	170
17	207
17	211
17	219
17	222
17	239
17	304
17	323
17	344
17	411
17	429
17	447
17	475
17	491
17	507
17	516
17	566
17	578
17	581
17	610
17	623
17	709
17	728
17	729
17	744
17	754
17	795
17	849
17	853
17	960
17	984
18	32
18	38
18	39
18	52
18	54
18	98
18	105
18	125
18	126
18	175
18	178
18	196
18	232
18	280
18	287
18	290
18	309
18	318
18	340
18	388
18	433
18	458
18	461
18	504
18	551
18	553
18	555
18	556
18	573
18	647
18	658
18	700
18	706
18	745
18	955
19	24
19	34
19	39
19	49
19	57
19	78
19	86
19	95
19	96
19	108
19	129
19	153
19	185
19	187
19	194
19	241
19	273
19	313
19	349
19	370
19	379
19	398
19	425
19	467
19	532
19	562
19	590
19	712
19	715
19	760
19	790
19	834
19	933
19	949
19	987
20	25
20	31
20	35
20	50
20	55
20	58
20	61
20	63
20	65
20	66
20	69
20	75
20	109
20	128
20	192
20	205
20	214
20	217
20	224
20	253
20	255
20	336
20	366
20	430
20	514
20	517
20	521
20	534
20	556
20	602
20	689
20	815
20	835
20	950
20	954
21	22
21	26
21	27
21	28
21	30
21	36
21	37
21	51
21	55
21	66
21	109
21	204
21	208
21	220
21	257
21	258
21	302
21	314
21	339
21	344
21	357
21	394
21	408
21	414
21	423
21	460
21	469
21	492
21	606
21	659
21	751
21	770
21	825
21	843
21	946
21	963
22	23
22	25
22	26
22	33
22	59
22	69
22	70
22	88
22	106
22	127
22	134
22	173
22	189
22	195
22	200
22	207
22	237
22	271
22	311
22	315
22	335
22	336
22	384
22	421
22	479
22	503
22	508
22	525
22	571
22	638
22	669
22	707
22	813
22	815
23	40
23	58
23	66
23	68
23	69
23	70
23	88
23	99
23	100
23	104
23	114
23	127
23	139
23	178
23	199
23	207
23	249
23	268
23	271
23	351
23	354
23	389
23	473
23	479
23	486
23	494
23	638
23	681
23	707
23	733
23	774
23	776
23	808
23	845
23	884
23	956
23	995
24	39
24	44
24	54
24	59
24	99
24	108
24	176
24	187
24	190
24	191
24	195
24	201
24	210
24	213
24	214
24	237
24	239
24	250
24	297
24	319
24	376
24	407
24	440
24	485
24	609
24	612
24	662
24	684
24	759
24	779
24	837
24	883
24	970
24	987
24	988
25	177
25	229
25	232
25	243
25	292
25	308
25	329
25	356
25	369
25	407
25	408
25	429
25	459
25	495
25	524
25	526
25	529
25	532
25	554
25	621
25	626
25	644
25	678
25	680
25	711
25	744
25	808
25	820
25	872
25	901
25	963
25	966
26	28
26	45
26	46
26	53
26	68
26	77
26	82
26	114
26	116
26	175
26	254
26	266
26	314
26	381
26	385
26	395
26	401
26	441
26	453
26	615
26	639
26	655
26	688
26	696
26	784
26	801
26	828
26	906
26	985
27	28
27	30
27	43
27	51
27	67
27	72
27	82
27	168
27	171
27	192
27	197
27	204
27	236
27	258
27	259
27	321
27	322
27	325
27	360
27	423
27	437
27	446
27	465
27	475
27	518
27	522
27	669
27	672
27	772
27	825
27	905
27	928
27	957
27	961
28	30
28	32
28	41
28	47
28	51
28	55
28	69
28	74
28	76
28	94
28	279
28	280
28	307
28	314
28	321
28	325
28	328
28	394
28	406
28	417
28	423
28	459
28	492
28	599
28	687
28	712
28	789
28	824
28	885
28	900
28	933
28	961
29	39
29	40
29	62
29	71
29	97
29	103
29	123
29	136
29	142
29	172
29	210
29	223
29	225
29	234
29	270
29	292
29	310
29	313
29	317
29	361
29	471
29	526
29	532
29	562
29	580
29	607
29	649
29	692
29	789
29	881
29	903
29	987
30	37
30	45
30	47
30	55
30	79
30	86
30	123
30	146
30	171
30	173
30	236
30	249
30	258
30	259
30	272
30	289
30	295
30	302
30	303
30	305
30	325
30	367
30	402
30	418
30	446
30	518
30	578
30	579
30	715
30	767
30	820
30	912
30	917
31	37
31	43
31	56
31	62
31	83
31	91
31	99
31	101
31	141
31	165
31	183
31	312
31	315
31	332
31	344
31	350
31	373
31	383
31	451
31	500
31	505
31	515
31	563
31	584
31	704
31	711
31	757
31	781
31	812
31	836
31	908
31	929
31	943
31	975
32	38
32	52
32	90
32	108
32	131
32	153
32	156
32	161
32	172
32	181
32	215
32	226
32	234
32	247
32	326
32	327
32	353
32	372
32	433
32	485
32	497
32	544
32	547
32	553
32	647
32	659
32	660
32	889
32	955
32	991
33	46
33	49
33	74
33	81
33	91
33	102
33	112
33	122
33	146
33	153
33	184
33	220
33	228
33	233
33	264
33	298
33	340
33	358
33	378
33	406
33	420
33	431
33	493
33	532
33	568
33	616
33	620
33	721
33	737
33	757
33	801
33	905
33	957
34	39
34	41
34	46
34	83
34	86
34	87
34	112
34	125
34	128
34	191
34	193
34	218
34	222
34	290
34	300
34	337
34	379
34	409
34	425
34	442
34	476
34	537
34	624
34	669
34	670
34	689
34	834
34	903
34	981
35	41
35	45
35	47
35	60
35	75
35	119
35	122
35	139
35	171
35	272
35	281
35	328
35	367
35	374
35	375
35	423
35	441
35	448
35	462
35	507
35	548
35	579
35	607
35	714
35	727
35	729
35	778
35	851
35	976
35	995
36	41
36	54
36	60
36	61
36	67
36	74
36	85
36	101
36	114
36	139
36	184
36	213
36	216
36	217
36	228
36	260
36	302
36	341
36	386
36	389
36	400
36	427
36	488
36	535
36	930
36	940
36	956
36	969
37	51
37	67
37	118
37	139
37	143
37	170
37	220
37	267
37	272
37	274
37	275
37	288
37	326
37	330
37	371
37	411
37	412
37	530
37	541
37	610
37	632
37	732
37	814
37	821
37	867
37	883
37	979
38	73
38	78
38	101
38	103
38	110
38	121
38	176
38	178
38	291
38	315
38	321
38	387
38	405
38	513
38	540
38	607
38	654
38	675
38	693
38	797
38	842
38	878
38	886
38	959
38	962
39	44
39	57
39	73
39	95
39	96
39	111
39	118
39	128
39	161
39	175
39	191
39	197
39	349
39	382
39	383
39	444
39	511
39	720
39	800
39	924
39	932
40	45
40	63
40	77
40	82
40	88
40	92
40	100
40	113
40	115
40	116
40	117
40	147
40	181
40	256
40	319
40	392
40	422
40	468
40	536
40	577
40	723
40	812
40	833
40	840
40	896
40	992
41	42
41	51
41	73
41	75
41	85
41	92
41	108
41	146
41	255
41	341
41	352
41	374
41	394
41	403
41	413
41	478
41	485
41	704
41	731
41	835
41	913
41	937
42	44
42	45
42	77
42	82
42	107
42	116
42	157
42	203
42	240
42	266
42	276
42	346
42	362
42	414
42	418
42	445
42	512
42	536
42	550
42	555
42	612
42	699
42	784
42	790
42	864
42	887
42	941
42	991
43	63
43	90
43	91
43	101
43	102
43	160
43	163
43	186
43	238
43	265
43	332
43	345
43	434
43	457
43	462
43	494
43	499
43	531
43	560
43	661
43	699
43	739
43	901
43	984
44	57
44	87
44	96
44	121
44	129
44	154
44	157
44	165
44	179
44	180
44	193
44	260
44	305
44	313
44	334
44	361
44	409
44	526
44	566
44	587
44	628
44	713
44	740
45	60
45	107
45	160
45	169
45	177
45	254
45	401
45	404
45	452
45	489
45	512
45	528
45	655
45	696
45	758
45	804
45	818
45	865
45	900
45	923
45	941
45	967
46	54
46	63
46	71
46	81
46	85
46	116
46	120
46	137
46	146
46	174
46	221
46	286
46	309
46	392
46	434
46	519
46	521
46	554
46	617
46	625
46	721
46	779
46	785
46	958
47	51
47	53
47	72
47	114
47	116
47	121
47	126
47	145
47	220
47	252
47	256
47	258
47	279
47	357
47	358
47	367
47	381
47	418
47	482
47	565
47	576
47	593
47	654
47	747
47	826
48	50
48	56
48	59
48	66
48	69
48	85
48	89
48	109
48	151
48	241
48	244
48	256
48	268
48	380
48	393
48	396
48	415
48	419
48	420
48	572
48	591
48	764
48	838
48	854
48	861
48	955
48	990
49	60
49	71
49	97
49	103
49	121
49	125
49	191
49	201
49	219
49	255
49	273
49	300
49	330
49	356
49	387
49	413
49	440
49	546
49	670
49	744
49	782
49	820
50	58
50	61
50	65
50	69
50	83
50	89
50	109
50	131
50	214
50	229
50	278
50	396
50	406
50	422
50	539
50	548
50	572
50	592
50	815
50	836
50	889
50	910
50	949
50	1000
51	72
51	79
51	81
51	98
51	166
51	188
51	289
51	301
51	316
51	370
51	530
51	601
51	613
51	647
51	654
51	753
51	755
51	772
51	793
51	838
51	977
52	59
52	94
52	100
52	126
52	153
52	156
52	172
52	178
52	182
52	200
52	309
52	327
52	334
52	353
52	355
52	393
52	485
52	598
52	659
52	699
52	722
52	802
52	857
53	54
53	64
53	84
53	105
53	113
53	130
53	181
53	182
53	190
53	240
53	246
53	294
53	295
53	400
53	427
53	438
53	465
53	495
53	585
53	589
53	681
53	798
53	907
53	915
54	65
54	76
54	79
54	86
54	91
54	150
54	224
54	228
54	342
54	352
54	512
54	527
54	586
54	616
54	637
54	667
54	869
54	883
54	925
55	60
55	74
55	144
55	146
55	186
55	215
55	260
55	292
55	296
55	400
55	404
55	408
55	462
55	723
55	789
55	835
55	872
55	877
55	937
55	945
55	952
55	1000
56	62
56	66
56	91
56	120
56	141
56	159
56	183
56	226
56	242
56	248
56	306
56	356
56	453
56	466
56	513
56	561
56	629
56	724
56	781
56	868
56	953
56	984
57	65
57	86
57	87
57	95
57	111
57	116
57	118
57	129
57	136
57	185
57	222
57	268
57	452
57	566
57	584
57	647
57	665
57	712
57	927
57	942
57	954
58	65
58	83
58	100
58	104
58	109
58	127
58	131
58	182
58	225
58	230
58	263
58	354
58	390
58	412
58	599
58	764
58	776
58	800
58	842
58	917
58	967
58	983
59	60
59	71
59	138
59	187
59	190
59	196
59	201
59	210
59	270
59	313
59	330
59	361
59	476
59	477
59	662
59	760
59	788
59	826
60	81
60	86
60	97
60	161
60	165
60	175
60	193
60	223
60	239
60	292
60	456
60	562
60	678
60	683
60	777
60	970
61	67
61	68
61	73
61	75
61	76
61	112
61	135
61	143
61	164
61	376
61	403
61	417
61	436
61	448
61	534
61	588
61	690
61	837
61	979
61	994
62	63
62	81
62	140
62	168
62	231
62	258
62	264
62	337
62	378
62	406
62	414
62	469
62	473
62	567
62	619
62	629
62	810
62	811
62	845
63	80
63	112
63	133
63	146
63	186
63	189
63	221
63	236
63	355
63	384
63	424
63	493
63	499
63	505
63	567
63	619
63	705
63	749
63	795
64	156
64	161
64	166
64	187
64	223
64	263
64	277
64	294
64	316
64	319
64	324
64	388
64	430
64	545
64	581
64	617
64	688
64	752
64	825
64	847
64	875
64	916
64	971
64	992
65	66
65	69
65	85
65	89
65	103
65	131
65	164
65	217
65	250
65	265
65	390
65	412
65	871
65	922
65	934
65	974
65	982
65	1000
66	83
66	89
66	114
66	164
66	199
66	256
66	261
66	381
66	399
66	420
66	562
66	658
66	680
66	688
66	851
66	880
66	976
67	79
67	84
67	92
67	187
67	204
67	218
67	219
67	251
67	275
67	318
67	402
67	606
67	695
67	767
67	783
67	787
67	894
67	928
68	70
68	79
68	88
68	100
68	143
68	249
68	275
68	293
68	367
68	385
68	474
68	486
68	559
68	627
68	793
68	814
68	842
69	70
69	85
69	138
69	240
69	244
69	274
69	335
69	351
69	535
69	635
69	776
69	854
69	916
69	978
70	141
70	169
70	261
70	268
70	270
70	276
70	286
70	318
70	320
70	381
70	405
70	421
70	470
70	503
70	546
70	601
70	603
70	665
70	982
71	123
71	176
71	178
71	186
71	199
71	210
71	232
71	310
71	326
71	327
71	481
71	485
71	526
71	618
71	883
71	995
72	73
72	79
72	100
72	160
72	183
72	204
72	208
72	220
72	259
72	289
72	441
72	487
72	503
72	623
72	639
72	682
72	701
72	751
72	770
72	783
73	79
73	130
73	132
73	145
73	167
73	169
73	187
73	192
73	214
73	328
73	341
73	352
73	424
73	497
73	608
73	764
74	92
74	120
74	205
74	228
74	280
74	289
74	310
74	323
74	332
74	450
74	556
74	607
74	717
74	798
74	813
74	833
74	841
75	98
75	139
75	146
75	164
75	169
75	213
75	272
75	277
75	281
75	288
75	417
75	460
75	480
75	528
75	534
75	786
75	798
76	80
76	86
76	112
76	143
76	275
76	307
76	352
76	450
76	506
76	527
76	535
76	817
76	866
76	890
76	930
76	969
77	78
77	82
77	116
77	336
77	385
77	415
77	576
77	653
77	747
77	748
77	762
77	797
77	813
77	841
77	855
77	899
77	947
78	83
78	125
78	171
78	175
78	183
78	218
78	235
78	300
78	517
78	542
78	627
78	642
78	668
78	741
78	792
78	817
78	939
78	944
79	82
79	236
79	243
79	256
79	259
79	316
79	318
79	322
79	395
79	678
79	751
79	824
79	899
79	929
80	81
80	129
80	135
80	155
80	205
80	231
80	294
80	355
80	360
80	370
80	404
80	443
80	570
80	671
80	676
80	806
80	846
81	85
81	198
81	221
81	245
81	262
81	273
81	301
81	392
81	433
81	523
81	549
81	570
81	807
81	845
81	858
82	111
82	138
82	146
82	209
82	323
82	338
82	536
82	555
82	585
82	590
82	701
82	708
82	736
82	882
83	85
83	96
83	109
83	131
83	195
83	214
83	217
83	259
83	396
83	546
83	572
83	743
83	838
83	949
84	122
84	130
84	144
84	191
84	246
84	285
84	294
84	369
84	370
84	432
84	464
84	577
84	604
84	773
84	799
84	830
84	832
84	895
85	134
85	145
85	212
85	226
85	269
85	332
85	427
85	474
85	559
85	592
85	625
85	930
85	954
86	96
86	154
86	165
86	300
86	302
86	346
86	347
86	350
86	365
86	481
86	485
86	635
86	689
87	108
87	111
87	129
87	171
87	243
87	278
87	305
87	337
87	359
87	387
87	499
87	630
87	676
87	807
87	891
87	932
88	127
88	162
88	207
88	358
88	393
88	453
88	523
88	530
88	669
88	697
88	707
88	721
88	800
88	817
88	893
88	949
89	147
89	151
89	188
89	196
89	214
89	269
89	339
89	412
89	486
89	551
89	626
89	635
89	868
89	887
89	990
90	97
90	117
90	158
90	168
90	170
90	186
90	193
90	429
90	509
90	533
90	629
90	655
90	667
90	673
90	694
90	767
90	938
91	99
91	296
91	322
91	359
91	378
91	500
91	506
91	523
91	554
91	602
91	637
91	725
91	726
91	910
91	934
92	95
92	144
92	145
92	164
92	204
92	220
92	243
92	296
92	325
92	360
92	481
92	732
92	819
92	847
92	890
92	940
93	104
93	109
93	141
93	152
93	158
93	162
93	173
93	198
93	347
93	348
93	375
93	616
93	645
93	830
93	881
93	888
93	891
94	98
94	156
94	197
94	200
94	309
94	353
94	368
94	434
94	449
94	458
94	573
94	624
94	706
94	713
94	745
95	152
95	179
95	185
95	194
95	195
95	222
95	275
95	311
95	313
95	349
95	397
95	496
95	569
95	753
95	814
96	129
96	180
96	281
96	295
96	349
96	383
96	397
96	467
96	490
96	529
96	612
96	641
96	934
97	110
97	154
97	180
97	209
97	234
97	235
97	383
97	398
97	449
97	531
97	636
97	651
97	680
97	912
97	935
98	110
98	176
98	236
98	239
98	449
98	458
98	518
98	544
98	605
98	689
98	965
99	166
99	174
99	225
99	242
99	260
99	293
99	357
99	417
99	434
99	510
99	549
99	586
99	724
99	922
100	103
100	119
100	138
100	151
100	284
100	318
100	349
100	479
100	601
100	654
100	701
100	855
101	133
101	140
101	177
101	186
101	225
101	238
101	283
101	405
101	464
101	493
101	515
101	761
101	784
101	871
102	135
102	143
102	238
102	333
102	356
102	397
102	424
102	544
102	677
102	876
102	899
102	953
103	126
103	195
103	201
103	275
103	308
103	339
103	356
103	402
103	574
103	686
103	918
103	923
103	993
104	119
104	152
104	160
104	162
104	185
104	193
104	248
104	348
104	426
104	480
104	655
104	739
104	850
104	989
105	166
105	246
105	252
105	277
105	314
105	495
105	508
105	572
105	598
105	742
105	832
105	847
105	860
105	895
105	998
106	107
106	113
106	137
106	181
106	189
106	240
106	362
106	389
106	507
106	525
106	571
106	792
106	797
106	923
107	113
107	147
107	180
107	255
107	369
107	378
107	401
107	477
107	819
107	841
107	858
107	865
107	882
107	914
108	111
108	118
108	119
108	185
108	194
108	224
108	237
108	612
108	645
108	720
108	969
109	131
109	214
109	217
109	283
109	416
109	665
109	809
110	154
110	180
110	296
110	306
110	353
110	384
110	442
110	447
110	449
110	549
110	580
110	702
110	705
110	959
111	132
111	248
111	257
111	345
111	376
111	382
111	425
111	509
111	641
111	677
111	927
112	121
112	124
112	167
112	221
112	416
112	420
112	493
112	788
112	802
112	852
112	872
113	147
113	181
113	202
113	237
113	348
113	362
113	439
113	468
113	489
113	571
113	615
114	150
114	152
114	212
114	230
114	318
114	366
114	488
114	678
114	782
114	785
114	793
114	957
115	131
115	163
115	189
115	209
115	254
115	336
115	464
115	503
115	581
115	736
115	796
115	816
115	923
115	999
116	147
116	203
116	210
116	336
116	525
116	818
117	132
117	143
117	157
117	241
117	312
117	410
117	447
117	480
117	491
117	494
117	509
117	700
117	938
117	964
118	179
118	191
118	207
118	311
118	376
118	398
118	461
118	533
118	653
118	718
118	741
118	753
119	205
119	239
119	256
119	298
119	358
119	399
119	640
119	663
119	715
119	767
119	961
120	248
120	279
120	434
120	466
120	500
120	511
120	514
120	531
120	538
120	741
120	984
121	125
121	126
121	201
121	317
121	346
121	482
121	510
121	550
121	630
121	760
122	130
122	181
122	182
122	204
122	235
122	277
122	388
122	405
122	508
122	630
122	755
122	916
122	998
123	180
123	185
123	187
123	195
123	270
123	277
123	347
123	674
123	678
123	727
123	777
123	837
123	867
124	138
124	150
124	204
124	245
124	275
124	283
124	310
124	384
124	394
124	433
124	679
124	735
124	948
125	162
125	180
125	218
125	330
125	337
125	584
125	626
125	768
125	896
125	897
126	153
126	309
126	398
126	469
126	574
126	693
126	759
126	886
126	897
126	930
127	131
127	183
127	207
127	249
127	383
127	389
127	421
127	430
127	815
127	973
128	196
128	243
128	637
128	650
128	665
128	674
128	683
128	753
128	788
128	894
128	932
129	130
129	191
129	253
129	362
129	520
129	799
129	951
130	166
130	234
130	257
130	285
130	432
130	508
130	736
130	896
130	971
131	212
131	393
131	551
131	779
131	956
132	134
132	137
132	276
132	319
132	333
132	391
132	441
132	530
132	546
132	731
132	877
133	135
133	189
133	284
133	373
133	457
133	531
133	535
133	661
133	764
133	779
133	934
134	155
134	169
134	340
134	366
134	555
134	785
134	806
135	310
135	371
135	490
135	618
135	622
135	737
135	794
135	832
135	869
135	940
136	173
136	193
136	210
136	231
136	235
136	269
136	348
136	587
136	589
136	712
136	964
137	233
137	262
137	299
137	301
137	429
137	441
137	519
137	596
137	684
137	807
138	155
138	394
138	419
138	452
138	459
138	607
138	622
138	701
138	719
138	913
139	211
139	228
139	239
139	386
139	400
139	469
139	628
140	149
140	293
140	326
140	354
140	392
140	424
140	459
140	486
140	610
140	972
141	168
141	173
141	186
141	475
141	611
141	636
141	656
141	661
141	682
141	731
142	197
142	241
142	490
142	604
142	659
142	691
142	693
142	832
142	873
142	881
142	971
143	363
143	470
143	477
143	640
143	768
143	769
143	973
144	145
144	166
144	236
144	243
144	387
144	420
144	454
144	543
144	583
144	604
144	805
145	164
145	260
145	450
145	574
145	671
145	911
145	979
146	184
146	217
146	329
146	541
146	737
146	989
147	163
147	173
147	365
147	401
147	632
147	643
147	688
147	708
147	978
148	151
148	152
148	188
148	197
148	198
148	211
148	242
148	285
148	293
148	359
148	426
148	455
148	491
149	212
149	279
149	350
149	379
149	443
149	472
149	475
149	480
149	548
149	645
149	964
150	155
150	176
150	184
150	238
150	307
150	386
150	446
150	867
150	995
150	997
151	261
151	284
151	382
151	457
151	478
151	483
151	497
151	606
151	921
152	173
152	198
152	227
152	457
152	600
152	628
152	936
153	156
153	219
153	226
153	312
153	455
153	558
153	659
154	161
154	254
154	347
154	537
154	579
154	600
154	627
154	650
154	834
154	924
155	193
155	205
155	231
155	264
155	331
155	371
155	424
155	791
155	820
156	167
156	228
156	304
156	368
156	488
156	631
157	160
157	167
157	312
157	375
157	623
157	975
158	162
158	188
158	372
158	392
158	401
158	455
158	611
158	960
158	977
159	213
159	242
159	373
159	390
159	462
159	531
159	533
159	578
159	676
159	946
160	252
160	312
160	410
160	677
160	795
160	823
161	176
161	196
161	317
161	518
161	634
161	749
161	942
162	164
162	188
162	375
162	431
162	451
162	609
162	765
163	216
163	221
163	340
163	351
163	599
163	713
163	827
163	850
163	964
163	997
164	212
164	307
164	633
164	856
164	987
165	346
165	386
165	441
165	628
165	660
165	863
165	904
165	920
166	285
166	320
166	418
166	430
166	639
166	696
166	805
167	320
167	343
167	390
167	507
167	582
167	710
167	730
168	250
168	271
168	274
168	293
168	350
168	575
168	626
168	645
169	443
169	497
169	548
169	588
169	705
169	708
169	767
169	852
170	202
170	211
170	344
170	454
170	472
170	516
170	566
170	702
170	926
171	237
171	300
171	349
171	455
171	467
171	596
171	679
171	951
172	206
172	226
172	323
172	368
172	540
172	633
172	682
172	748
172	857
173	248
173	372
173	656
173	723
173	804
173	950
174	219
174	225
174	355
174	501
174	564
174	619
174	671
174	697
174	714
174	816
174	850
175	206
175	471
175	703
175	777
175	782
175	906
176	421
176	450
176	699
176	980
177	229
177	282
177	678
177	872
177	873
177	943
177	962
177	963
177	980
178	197
178	258
178	343
178	699
178	850
178	996
179	270
179	278
179	296
179	317
179	590
179	627
179	666
179	674
180	232
180	484
180	763
180	788
180	987
181	418
181	487
181	528
181	832
181	900
182	190
182	215
182	246
182	248
182	253
182	545
182	575
182	602
183	231
183	515
183	560
183	564
183	652
183	666
184	390
184	436
184	759
184	856
184	958
185	196
185	241
185	300
185	442
185	674
185	720
186	225
186	282
186	334
186	563
186	768
187	254
187	278
187	349
187	382
188	372
188	558
188	642
188	656
188	935
189	230
189	489
189	524
189	656
190	226
190	280
190	294
190	296
190	631
190	662
190	702
190	911
191	196
191	347
191	376
191	423
191	807
192	255
192	447
192	506
192	507
192	541
192	719
192	737
192	772
193	365
193	382
193	447
193	609
193	870
194	222
194	237
194	284
194	307
194	500
194	834
194	909
194	911
194	944
195	330
195	453
195	861
195	936
196	385
196	689
196	861
196	956
197	200
197	433
197	558
197	610
197	965
198	252
198	372
198	377
198	480
198	716
198	975
199	262
199	283
199	372
199	448
199	712
199	730
199	745
199	996
200	290
200	326
200	364
200	692
200	959
200	976
201	230
201	383
201	461
201	510
201	620
201	668
202	209
202	287
202	362
202	382
202	489
202	864
202	865
202	941
203	276
203	365
203	492
203	502
203	723
203	762
203	958
204	325
204	418
204	472
204	505
204	799
205	213
205	260
205	335
205	556
205	673
205	824
206	216
206	318
206	353
206	384
206	558
206	919
206	991
207	313
207	483
207	557
207	559
207	584
208	252
208	268
208	283
208	286
208	298
208	344
208	667
208	821
208	867
209	439
209	487
209	512
209	664
209	698
209	866
209	892
210	348
210	379
210	476
210	482
210	774
211	279
211	322
211	344
211	411
211	491
212	420
212	422
212	514
212	960
212	1000
213	224
213	333
213	360
213	780
213	801
213	846
214	269
214	292
214	412
214	415
215	256
215	295
215	609
215	647
215	890
216	429
216	632
216	697
216	738
216	787
216	833
216	853
217	269
217	303
217	393
217	425
218	289
218	337
218	409
218	467
218	741
218	785
218	886
219	339
219	578
219	629
219	703
219	953
220	368
220	498
220	507
220	558
220	648
221	231
221	419
221	444
221	670
221	889
222	241
222	370
222	584
222	627
222	716
223	274
223	363
223	400
223	476
223	624
223	745
223	769
223	875
224	343
224	381
224	504
224	535
224	586
224	880
224	957
225	227
225	457
225	604
225	823
225	871
226	309
226	361
226	702
227	238
227	242
227	283
227	338
227	373
227	413
227	523
227	769
227	966
228	480
228	534
228	560
228	648
228	870
229	261
229	329
229	350
229	356
229	435
229	873
229	901
229	970
230	234
230	251
230	351
230	808
230	838
231	265
231	365
231	499
231	547
231	796
232	273
232	338
232	363
232	435
232	529
232	562
233	287
233	374
233	401
233	438
233	463
233	725
233	893
233	952
234	279
234	314
234	409
234	594
234	672
234	879
235	308
235	379
235	590
235	727
235	924
236	302
236	396
236	492
236	632
236	715
237	298
237	457
237	537
237	734
237	826
238	345
238	466
238	621
238	810
238	828
239	558
239	680
239	939
240	294
240	366
240	397
240	430
240	464
240	472
241	277
241	449
241	490
241	586
242	279
242	439
242	570
242	683
242	763
242	859
243	329
243	408
243	550
243	629
243	957
244	338
244	613
244	644
244	657
244	752
244	923
244	937
244	963
245	331
245	436
245	467
245	505
245	586
245	791
245	810
246	294
246	325
246	503
246	605
246	608
246	637
247	304
247	339
247	388
247	412
247	446
247	487
247	651
247	664
247	831
248	263
248	716
248	811
249	261
249	334
249	358
249	448
249	497
249	773
250	290
250	301
250	583
250	724
250	973
251	343
251	474
251	640
251	996
251	999
252	259
252	315
252	344
252	428
252	998
253	319
253	427
253	496
253	603
253	667
253	863
254	276
254	407
254	464
254	885
254	992
255	270
255	352
255	386
255	416
255	521
256	257
256	298
256	787
257	258
257	316
257	358
257	880
257	946
258	262
258	492
258	695
259	569
259	646
259	823
260	331
260	381
260	564
260	770
261	376
261	615
261	808
261	836
262	314
262	513
262	716
262	840
262	882
263	296
263	337
263	515
263	573
263	575
263	593
263	605
264	265
264	384
264	391
264	548
265	267
265	299
265	342
265	771
265	968
266	432
266	464
266	484
266	512
266	723
266	758
266	766
267	299
267	311
267	434
267	667
267	757
267	761
267	858
268	478
268	635
268	809
268	828
268	983
269	497
269	499
269	705
270	287
270	431
270	703
271	389
271	483
271	559
271	564
271	855
271	870
271	993
272	391
272	525
272	730
272	853
272	977
273	385
273	580
273	691
273	752
273	842
273	939
274	354
274	618
274	624
274	837
274	897
275	328
275	441
275	663
276	325
276	550
276	561
276	706
276	736
277	438
277	697
277	777
277	788
278	544
278	583
278	670
278	891
278	920
279	332
279	471
279	704
280	368
280	633
280	688
280	691
280	998
281	310
281	450
281	588
281	644
281	686
281	814
281	913
282	321
282	394
282	414
282	532
282	724
282	878
282	983
283	299
283	443
283	640
283	908
284	351
284	615
284	669
284	703
284	884
285	300
285	487
285	493
285	633
285	639
285	643
286	470
286	520
286	533
286	687
286	694
286	777
286	870
287	491
287	515
287	516
287	600
287	709
288	356
288	403
288	456
288	569
288	724
288	798
288	940
289	322
289	460
289	492
289	732
290	383
290	407
290	481
290	749
291	467
291	660
291	668
291	688
291	766
291	839
291	887
292	628
292	643
292	820
292	924
293	560
293	667
293	679
294	299
294	543
295	325
295	395
295	484
295	606
295	706
296	383
296	839
297	385
297	516
297	592
297	740
297	813
297	817
298	482
298	579
298	619
298	824
299	355
299	782
299	814
299	925
300	490
300	692
301	308
301	373
301	384
301	523
301	717
302	305
302	606
302	928
302	946
303	336
303	423
303	513
303	529
303	611
303	935
303	937
304	368
304	622
304	751
304	842
304	965
305	313
305	425
305	582
305	831
305	947
306	368
306	476
306	621
306	726
306	781
306	841
306	986
307	646
307	710
307	815
307	931
308	353
308	614
308	627
308	644
308	908
309	437
309	682
310	521
311	498
311	740
311	885
312	399
312	794
313	484
313	771
314	540
314	683
315	319
315	324
315	465
315	831
315	876
316	360
316	404
316	648
316	821
316	852
317	339
317	471
317	500
317	542
317	634
318	640
318	972
319	380
319	452
320	359
320	600
320	728
320	729
320	759
320	803
321	400
321	630
321	657
321	746
322	357
322	402
322	576
322	781
323	365
323	479
323	822
324	495
324	527
324	831
324	860
324	865
324	948
326	702
326	775
326	931
327	380
327	675
327	854
327	860
327	943
328	407
328	451
328	506
328	692
328	954
329	437
329	805
329	862
329	918
329	970
330	509
330	685
330	720
330	749
331	388
331	521
331	619
331	684
331	725
332	378
332	453
332	523
332	656
333	343
333	351
333	391
333	541
334	471
334	519
334	540
334	580
334	686
335	341
335	448
335	483
335	557
335	638
335	982
336	377
336	990
337	419
337	746
337	947
338	626
338	744
338	752
338	860
338	869
339	618
339	918
340	392
340	501
340	565
340	892
341	509
341	648
341	701
342	499
342	550
342	586
342	671
342	928
342	933
343	671
343	690
343	950
343	996
344	500
344	810
345	348
345	502
345	709
346	521
346	552
346	574
346	699
347	839
347	909
348	410
348	468
348	609
349	582
349	988
350	746
350	806
350	873
350	918
351	653
351	900
351	983
352	793
352	882
352	985
352	990
353	484
353	507
353	598
354	473
354	483
354	582
354	773
354	921
355	476
355	694
355	771
356	759
357	463
357	601
357	787
357	981
358	827
358	839
359	623
359	709
360	568
361	376
361	540
361	662
362	992
363	411
363	527
363	594
363	677
363	781
364	366
364	400
364	443
364	602
364	786
364	848
364	952
365	575
365	899
366	693
366	760
366	985
367	391
367	520
367	539
369	424
369	481
369	642
369	747
369	916
370	569
370	770
370	888
371	595
371	618
371	691
371	852
371	979
372	716
373	470
373	538
374	404
374	443
374	462
374	469
374	919
375	596
375	640
375	673
375	753
376	712
377	410
377	446
377	685
377	828
377	865
378	584
378	796
378	862
379	442
379	792
380	389
380	404
380	473
380	714
381	885
382	537
384	862
385	489
385	577
386	497
386	514
386	802
387	601
387	668
387	947
388	439
388	496
388	517
389	473
389	816
390	456
390	622
390	732
391	506
391	608
391	735
392	438
392	549
393	517
393	528
393	687
394	521
394	587
395	399
395	450
395	663
395	756
396	459
396	551
396	986
396	990
397	641
397	650
397	974
398	413
398	554
398	598
399	639
399	926
401	479
402	636
402	730
402	979
403	465
403	582
403	646
403	668
404	420
404	999
405	445
405	496
405	741
405	906
406	622
407	955
407	980
408	531
408	659
408	700
408	933
409	416
409	614
410	413
410	989
411	519
411	803
411	960
412	535
412	551
413	802
413	988
414	436
414	466
414	698
414	827
415	494
415	517
415	635
415	652
415	956
416	459
416	672
416	976
417	419
417	809
417	863
418	672
418	843
419	520
419	652
419	761
420	710
421	468
421	603
421	733
421	851
422	512
422	728
422	743
422	790
423	460
423	676
424	796
424	929
425	614
425	617
426	577
426	622
426	726
427	585
427	647
427	786
427	896
428	510
428	545
428	557
428	589
428	876
428	914
429	602
429	806
430	593
430	642
430	742
431	491
431	656
431	848
432	458
432	740
432	879
432	968
433	553
433	555
435	471
435	567
435	690
435	744
435	745
435	766
436	761
436	762
437	597
437	631
437	680
437	917
438	444
438	717
438	822
438	889
439	585
439	685
439	888
440	810
440	826
440	904
440	941
440	951
442	772
443	731
444	511
444	601
444	697
444	856
445	557
445	653
445	849
445	910
446	751
446	968
447	894
447	919
448	583
449	774
450	969
451	483
451	547
451	726
451	746
452	708
452	899
452	998
453	594
454	488
454	530
454	905
454	950
454	976
455	562
455	629
456	472
456	534
456	830
457	984
458	658
458	775
458	986
459	592
460	905
460	977
461	480
461	537
461	683
461	837
462	619
462	775
463	527
463	567
463	737
464	536
465	720
465	800
465	981
466	503
466	673
466	768
467	662
468	696
468	707
468	864
469	892
470	594
470	630
470	798
471	663
472	516
473	773
474	528
474	550
474	735
475	542
475	610
476	522
477	516
478	539
478	648
478	822
481	692
481	887
482	919
482	995
483	635
484	879
485	553
486	612
486	921
487	691
488	638
488	714
489	948
490	620
490	701
491	829
492	593
493	506
493	725
494	638
495	508
495	874
496	520
496	544
498	527
498	603
498	915
498	948
499	549
500	694
501	537
501	658
501	827
501	846
501	922
502	581
502	655
502	668
503	571
504	526
504	623
504	693
504	986
505	625
505	687
505	771
506	835
508	895
509	799
509	944
510	617
510	757
511	625
511	695
511	735
511	926
513	560
513	614
513	628
514	556
515	914
516	652
518	576
518	843
519	684
519	783
519	993
520	625
520	632
522	592
522	633
522	946
523	702
524	748
524	822
524	909
524	978
525	536
525	928
526	657
526	875
527	563
528	696
529	932
529	965
530	538
532	590
532	675
533	538
533	661
533	690
534	661
534	985
535	570
536	597
537	994
538	780
538	856
538	889
539	638
539	801
539	920
540	553
541	654
541	866
542	625
542	666
542	704
542	845
543	564
543	573
543	698
543	750
543	831
544	878
545	631
545	642
545	791
546	603
546	710
546	854
547	722
547	829
547	891
547	989
548	595
548	705
549	839
549	862
550	552
551	715
552	685
552	758
552	892
552	994
553	651
553	756
554	934
554	943
555	636
555	864
556	786
556	827
557	573
557	855
559	603
559	949
560	672
560	731
561	887
561	972
562	711
563	856
564	958
565	569
565	616
565	851
565	961
566	578
567	690
568	579
568	594
568	870
569	695
570	758
570	997
571	590
571	756
572	910
572	929
573	813
574	585
574	662
575	828
575	947
576	843
576	925
577	580
577	863
578	794
579	764
580	733
581	676
583	886
585	711
587	611
587	718
588	898
589	664
589	863
589	895
591	746
591	807
591	877
591	925
593	750
593	876
594	894
595	852
596	730
596	734
596	861
597	809
597	859
597	968
597	980
598	791
598	971
599	800
600	655
604	909
605	614
606	978
608	973
609	765
610	876
611	829
611	963
612	911
613	708
613	733
613	769
613	917
614	755
615	726
616	661
617	901
620	632
620	719
621	665
621	696
621	937
624	879
626	811
630	878
631	651
633	877
634	679
634	834
634	862
634	911
636	790
636	926
637	762
637	898
641	799
642	907
643	651
643	857
644	966
645	722
645	762
646	793
646	880
646	933
648	922
649	756
649	797
649	935
649	962
650	780
652	783
652	836
653	743
653	773
654	968
657	840
657	855
658	706
660	670
660	674
663	833
663	996
664	826
664	905
664	920
665	936
666	754
669	884
672	859
674	734
675	738
675	977
676	908
677	757
677	924
679	871
679	892
680	803
681	698
681	750
681	825
681	840
682	802
683	792
684	849
684	961
685	817
686	689
686	718
690	858
691	700
692	775
694	836
694	840
695	912
695	927
697	966
698	758
698	914
700	888
703	794
704	765
707	732
708	748
709	838
710	844
710	958
711	962
711	972
713	783
713	859
713	931
714	950
714	980
716	936
718	754
719	775
721	903
722	953
727	974
728	803
728	938
729	734
733	893
734	940
736	844
738	846
738	853
739	874
739	896
740	935
742	902
742	960
747	750
747	966
748	866
749	920
754	763
754	848
755	825
760	859
763	792
763	962
765	786
768	846
770	918
771	898
772	789
774	988
776	884
776	974
778	942
778	985
779	850
780	913
784	906
785	989
787	869
789	823
790	897
796	851
804	902
804	952
805	916
806	864
808	921
809	974
811	823
811	898
812	871
812	943
812	981
816	910
818	902
819	997
821	904
824	975
844	967
844	999
847	907
848	868
849	858
849	929
854	982
860	890
873	886
874	915
874	994
877	902
878	939
880	945
881	883
884	893
890	991
891	997
893	992
898	983
904	967
904	988
907	941
908	955
912	981
914	978
915	982
921	986
922	930
927	951
927	965
938	942
939	945
944	991
948	967
