1	2
1	15
1	59
1	76
1	90
1	94
1	97
1	99
1	140
1	141
1	154
1	158
1	162
1	186
1	197
1	235
1	237
1	271
1	274
1	275
1	321
1	338
1	346
1	359
1	393
1	402
1	424
1	444
1	471
1	475
1	510
1	538
1	541
1	558
1	563
1	567
1	592
1	622
1	623
1	632
1	690
1	700
1	772
1	795
1	798
1	827
1	950
1	959
1	976
1	978
2	7
2	9
2	16
2	30
2	33
2	39
2	57
2	59
2	67
2	76
2	82
2	107
2	116
2	129
2	130
2	134
2	137
2	141
2	152
2	155
2	188
2	201
2	216
2	219
2	244
2	274
2	326
2	329
2	377
2	393
2	423
2	424
2	429
2	435
2	439
2	441
2	536
2	583
2	592
2	631
2	735
2	801
2	814
2	841
2	856
2	929
2	963
3	10
3	13
3	58
3	62
3	64
3	73
3	81
3	104
3	108
3	113
3	121
3	123
3	132
3	135
3	177
3	178
3	194
3	201
3	209
3	212
3	276
3	287
3	303
3	304
3	308
3	332
3	348
3	368
3	371
3	373
3	392
3	403
3	417
3	538
3	544
3	556
3	639
3	649
3	687
3	733
3	824
3	833
3	868
3	916
3	924
3	945
3	970
4	8
4	14
4	16
4	23
4	30
4	36
4	42
4	44
4	61
4	80
4	91
4	98
4	148
4	152
4	166
4	170
4	173
4	206
4	219
4	267
4	272
4	278
4	302
4	337
4	342
4	347
4	352
4	381
4	397
4	430
4	468
4	494
4	507
4	513
4	520
4	599
4	613
4	615
4	638
4	676
4	847
4	888
4	906
4	943
4	977
4	990
5	24
5	34
5	35
5	40
5	54
5	60
5	68
5	87
5	90
5	125
5	129
5	159
5	176
5	182
5	213
5	229
5	258
5	272
5	314
5	325
5	327
5	337
5	364
5	380
5	411
5	415
5	433
5	444
5	524
5	540
5	547
5	559
5	588
5	597
5	720
5	722
5	749
5	787
5	832
5	923
5	928
5	931
5	936
5	948
5	969
6	12
6	17
6	18
6	32
6	35
6	43
6	61
6	74
6	75
6	91
6	106
6	148
6	153
6	157
6	161
6	189
6	193
6	197
6	230
6	263
6	265
6	275
6	283
6	293
6	295
6	298
6	369
6	402
6	406
6	434
6	480
6	496
6	556
6	572
6	660
6	663
6	713
6	754
6	769
6	814
6	896
6	904
6	944
6	947
6	959
7	9
7	20
7	35
7	39
7	47
7	57
7	59
7	81
7	127
7	147
7	155
7	171
7	188
7	191
7	196
7	199
7	201
7	203
7	204
7	205
7	215
7	230
7	233
7	247
7	249
7	278
7	312
7	320
7	321
7	394
7	423
7	429
7	434
7	435
7	490
7	514
7	565
7	582
7	622
7	692
7	693
7	699
7	718
7	755
8	14
8	16
8	19
8	23
8	27
8	32
8	34
8	36
8	44
8	51
8	56
8	61
8	75
8	118
8	178
8	187
8	195
8	210
8	213
8	258
8	260
8	301
8	339
8	347
8	408
8	425
8	437
8	449
8	464
8	483
8	516
8	557
8	560
8	640
8	695
8	725
8	730
8	736
8	776
8	825
8	897
8	943
8	967
9	13
9	30
9	39
9	47
9	57
9	58
9	59
9	88
9	147
9	171
9	175
9	181
9	183
9	188
9	190
9	191
9	202
9	203
9	215
9	216
9	226
9	233
9	240
9	241
9	249
9	275
9	282
9	329
9	336
9	345
9	377
9	399
9	441
9	512
9	514
9	583
9	614
9	735
9	803
9	880
9	909
10	11
10	13
10	30
10	40
10	51
10	56
10	60
10	72
10	73
10	90
10	125
10	135
10	139
10	150
10	176
10	228
10	250
10	278
10	284
10	304
10	327
10	341
10	364
10	374
10	378
10	380
10	395
10	407
10	418
10	493
10	498
10	547
10	565
10	610
10	633
10	794
10	839
10	936
10	948
10	953
10	956
11	15
11	25
11	31
11	49
11	54
11	60
11	73
11	79
11	81
11	95
11	102
11	113
11	121
11	128
11	137
11	150
11	172
11	184
11	246
11	280
11	310
11	332
11	391
11	406
11	423
11	435
11	527
11	540
11	542
11	559
11	652
11	653
11	725
11	738
11	741
11	806
11	866
11	924
11	948
11	1000
12	17
12	18
12	19
12	27
12	36
12	43
12	61
12	74
12	78
12	82
12	101
12	104
12	106
12	111
12	124
12	130
12	168
12	193
12	216
12	251
12	272
12	302
12	331
12	339
12	385
12	396
12	457
12	517
12	524
12	549
12	676
12	680
12	764
12	774
12	795
12	812
12	867
12	885
12	887
13	28
13	40
13	49
13	52
13	55
13	62
13	72
13	108
13	112
13	122
13	132
13	135
13	176
13	228
13	256
13	272
13	299
13	308
13	317
13	341
13	357
13	367
13	391
13	427
13	488
13	596
13	629
13	694
13	719
13	738
13	791
13	794
13	838
13	900
13	942
13	989
13	998
14	15
14	16
14	19
14	27
14	32
14	33
14	50
14	68
14	71
14	98
14	101
14	124
14	129
14	134
14	173
14	174
14	178
14	210
14	269
14	316
14	347
14	382
14	400
14	415
14	430
14	470
14	511
14	553
14	557
14	636
14	689
14	788
14	799
14	849
14	877
14	939
14	955
14	977
15	33
15	39
15	50
15	64
15	68
15	71
15	74
15	82
15	107
15	113
15	114
15	115
15	124
15	141
15	146
15	188
15	230
15	235
15	237
15	279
15	285
15	286
15	316
15	347
15	432
15	464
15	471
15	511
15	536
15	632
15	636
15	700
15	723
15	737
15	784
15	799
15	967
16	19
16	23
16	32
16	34
16	42
16	44
16	51
16	98
16	118
16	166
16	187
16	206
16	273
16	313
16	337
16	339
16	342
16	409
16	425
16	464
16	468
16	530
16	557
16	574
16	591
16	599
16	617
16	680
16	715
16	774
16	788
16	813
16	860
16	906
16	961
17	18
17	32
17	43
17	47
17	91
17	106
17	141
17	168
17	189
17	196
17	283
17	295
17	314
17	331
17	361
17	369
17	434
17	456
17	484
17	492
17	496
17	553
17	558
17	713
17	758
17	768
17	777
17	793
17	822
17	834
17	848
17	854
17	880
17	900
17	912
17	947
17	959
18	20
18	32
18	43
18	47
18	91
18	106
18	146
18	168
18	189
18	196
18	212
18	239
18	251
18	257
18	295
18	298
18	307
18	314
18	331
18	358
18	385
18	394
18	434
18	479
18	498
18	503
18	582
18	586
18	595
18	759
18	768
18	812
18	925
18	928
18	952
19	23
19	27
19	34
19	35
19	36
19	44
19	52
19	61
19	68
19	80
19	102
19	115
19	118
19	148
19	180
19	182
19	206
19	219
19	256
19	302
19	415
19	506
19	516
19	574
19	579
19	613
19	640
19	715
19	767
19	774
19	813
19	829
19	905
19	960
20	37
20	45
20	56
20	65
20	69
20	70
20	83
20	100
20	112
20	117
20	202
20	205
20	221
20	226
20	261
20	277
20	292
20	322
20	326
20	335
20	354
20	362
20	387
20	466
20	553
20	642
20	662
20	685
20	772
20	806
20	837
20	846
20	899
20	913
20	975
20	995
21	22
21	24
21	25
21	31
21	46
21	57
21	63
21	77
21	102
21	105
21	109
21	120
21	152
21	181
21	191
21	221
21	253
21	313
21	319
21	345
21	372
21	377
21	405
21	434
21	454
21	457
21	461
21	515
21	609
21	625
21	701
21	703
21	734
21	826
21	845
21	927
21	963
21	965
22	23
22	24
22	25
22	26
22	48
22	55
22	57
22	63
22	69
22	79
22	83
22	89
22	116
22	120
22	134
22	152
22	162
22	186
22	199
22	229
22	253
22	264
22	333
22	338
22	354
22	448
22	485
22	499
22	509
22	532
22	572
22	590
22	668
22	745
22	770
22	817
22	865
23	35
23	51
23	61
23	68
23	71
23	75
23	98
23	174
23	195
23	218
23	232
23	324
23	334
23	339
23	420
23	463
23	494
23	507
23	516
23	550
23	551
23	613
23	698
23	700
23	715
23	734
23	740
23	805
23	813
23	847
23	849
23	919
23	944
24	25
24	26
24	46
24	48
24	59
24	79
24	105
24	109
24	120
24	171
24	197
24	229
24	233
24	264
24	281
24	333
24	338
24	413
24	515
24	523
24	526
24	534
24	570
24	604
24	699
24	717
24	718
24	744
24	836
24	843
24	939
24	963
24	985
24	986
25	26
25	46
25	48
25	57
25	63
25	69
25	79
25	95
25	105
25	109
25	117
25	120
25	179
25	227
25	229
25	268
25	328
25	338
25	344
25	458
25	461
25	465
25	485
25	499
25	523
25	570
25	579
25	654
25	678
25	702
25	732
25	816
25	850
26	46
26	48
26	59
26	63
26	78
26	79
26	83
26	95
26	103
26	105
26	109
26	117
26	134
26	158
26	185
26	222
26	229
26	287
26	320
26	328
26	333
26	395
26	397
26	465
26	485
26	576
26	590
26	666
26	668
26	686
26	690
26	693
26	717
26	816
27	34
27	36
27	50
27	60
27	68
27	80
27	124
27	232
27	236
27	252
27	272
27	307
27	314
27	316
27	369
27	374
27	378
27	379
27	408
27	444
27	447
27	456
27	537
27	547
27	549
27	587
27	591
27	641
27	663
27	670
27	705
27	891
27	983
28	38
28	80
28	85
28	87
28	108
28	132
28	143
28	157
28	170
28	199
28	207
28	208
28	234
28	271
28	276
28	327
28	348
28	351
28	367
28	388
28	391
28	401
28	405
28	422
28	452
28	539
28	552
28	648
28	669
28	704
28	731
28	750
28	804
28	874
28	980
28	984
29	38
29	41
29	42
29	70
29	94
29	161
29	266
29	288
29	301
29	322
29	323
29	428
29	430
29	439
29	458
29	469
29	508
29	545
29	555
29	633
29	650
29	657
29	684
29	702
29	708
29	802
29	815
29	834
29	871
29	873
29	875
29	916
29	921
29	949
29	958
29	975
30	39
30	47
30	57
30	78
30	88
30	89
30	116
30	175
30	179
30	184
30	196
30	201
30	204
30	215
30	244
30	249
30	257
30	262
30	320
30	329
30	336
30	361
30	370
30	431
30	451
30	512
30	620
30	622
30	669
30	880
30	896
30	962
31	37
31	45
31	53
31	69
31	77
31	83
31	86
31	109
31	126
31	156
31	221
31	242
31	266
31	288
31	335
31	344
31	345
31	372
31	438
31	445
31	460
31	554
31	600
31	617
31	625
31	633
31	685
31	703
31	821
31	850
31	859
31	871
31	902
31	933
32	43
32	47
32	50
32	118
32	183
32	187
32	218
32	298
32	340
32	473
32	478
32	483
32	497
32	503
32	517
32	527
32	558
32	574
32	638
32	676
32	721
32	736
32	747
32	797
32	847
32	848
32	852
32	867
32	906
32	961
33	39
33	40
33	50
33	65
33	71
33	74
33	88
33	114
33	129
33	131
33	149
33	220
33	227
33	246
33	257
33	269
33	285
33	286
33	489
33	490
33	514
33	561
33	567
33	585
33	586
33	658
33	669
33	710
33	728
33	856
33	957
33	979
34	35
34	36
34	60
34	110
34	176
34	218
34	245
34	280
34	340
34	381
34	382
34	413
34	446
34	448
34	483
34	497
34	542
34	547
34	549
34	559
34	597
34	599
34	676
34	689
34	747
34	774
34	825
34	977
34	988
35	44
35	54
35	110
35	128
35	134
35	148
35	192
35	213
35	258
35	290
35	313
35	334
35	342
35	347
35	379
35	589
35	611
35	638
35	640
35	761
35	767
35	858
35	860
35	864
35	866
35	919
35	969
36	41
36	44
36	56
36	61
36	110
36	126
36	165
36	166
36	195
36	206
36	218
36	302
36	459
36	507
36	557
36	589
36	650
36	670
36	673
36	751
36	752
36	897
36	906
36	977
36	993
37	45
37	53
37	54
37	56
37	65
37	77
37	90
37	109
37	145
37	148
37	154
37	167
37	225
37	266
37	300
37	301
37	322
37	343
37	350
37	454
37	559
37	560
37	564
37	601
37	691
37	708
37	757
37	828
37	870
38	41
38	42
38	75
38	85
38	87
38	94
38	101
38	104
38	110
38	119
38	136
38	154
38	165
38	234
38	261
38	305
38	335
38	348
38	350
38	355
38	440
38	452
38	554
38	661
38	682
38	711
38	828
38	926
39	59
39	76
39	127
39	140
39	181
39	216
39	242
39	282
39	309
39	332
39	370
39	393
39	424
39	441
39	455
39	473
39	512
39	568
39	635
39	669
39	739
39	768
39	861
39	876
40	49
40	54
40	58
40	60
40	62
40	72
40	73
40	81
40	90
40	104
40	122
40	125
40	136
40	150
40	159
40	164
40	176
40	214
40	220
40	304
40	346
40	450
40	722
40	869
40	904
40	995
41	42
41	70
41	76
41	94
41	133
41	261
41	363
41	382
41	438
41	449
41	458
41	472
41	487
41	555
41	616
41	618
41	657
41	661
41	712
41	724
41	763
41	780
41	811
41	816
41	854
41	921
42	52
42	82
42	93
42	94
42	111
42	151
42	160
42	168
42	312
42	323
42	341
42	474
42	508
42	553
42	555
42	607
42	724
42	783
42	818
42	823
42	881
42	893
42	903
42	987
43	91
43	106
43	168
43	189
43	196
43	237
43	239
43	263
43	266
43	296
43	298
43	358
43	429
43	496
43	498
43	580
43	586
43	606
43	758
43	766
43	880
43	912
43	922
43	947
44	61
44	68
44	72
44	80
44	118
44	166
44	173
44	174
44	206
44	232
44	292
44	306
44	313
44	463
44	513
44	520
44	530
44	673
44	721
44	813
44	851
44	858
44	883
45	53
45	56
45	69
45	86
45	129
45	144
45	145
45	158
45	163
45	172
45	222
45	271
45	292
45	343
45	354
45	365
45	405
45	445
45	452
45	518
45	534
45	546
45	633
45	698
45	718
45	960
46	57
46	63
46	89
46	105
46	117
46	181
46	185
46	191
46	229
46	268
46	285
46	319
46	344
46	345
46	397
46	424
46	465
46	499
46	520
46	770
46	807
46	908
46	927
46	992
46	994
47	108
47	117
47	171
47	181
47	205
47	215
47	239
47	249
47	251
47	263
47	268
47	295
47	331
47	361
47	369
47	394
47	457
47	472
47	699
47	870
47	933
47	938
48	51
48	57
48	63
48	79
48	80
48	89
48	96
48	105
48	117
48	185
48	190
48	226
48	233
48	239
48	319
48	485
48	515
48	528
48	572
48	675
48	702
48	809
48	938
48	976
49	55
49	62
49	81
49	95
49	123
49	159
49	172
49	228
49	267
49	284
49	299
49	303
49	326
49	395
49	398
49	403
49	580
49	593
49	611
49	614
49	627
49	646
49	776
49	971
50	68
50	124
50	131
50	146
50	173
50	178
50	217
50	286
50	385
50	408
50	453
50	511
50	650
50	658
50	705
50	736
50	737
50	746
50	784
50	805
50	897
50	924
51	69
51	74
51	78
51	110
51	118
51	153
51	210
51	218
51	230
51	238
51	313
51	420
51	507
51	548
51	569
51	574
51	747
51	764
51	896
51	905
51	925
51	993
52	57
52	66
52	82
52	84
52	85
52	92
52	93
52	131
52	157
52	304
52	412
52	426
52	440
52	486
52	500
52	505
52	577
52	589
52	670
52	842
52	857
52	951
52	964
52	966
53	56
53	69
53	84
53	86
53	103
53	122
53	252
53	266
53	277
53	343
53	352
53	365
53	445
53	479
53	554
53	625
53	688
53	701
53	809
53	854
53	932
53	951
53	979
53	986
54	60
54	73
54	79
54	91
54	137
54	221
54	337
54	379
54	380
54	406
54	437
54	468
54	520
54	579
54	588
54	619
54	627
54	726
54	833
54	869
54	983
55	64
55	66
55	96
55	108
55	121
55	139
55	146
55	156
55	172
55	214
55	231
55	280
55	309
55	392
55	521
55	527
55	575
55	602
55	706
55	719
55	766
55	771
55	907
56	75
56	93
56	96
56	103
56	117
56	242
56	264
56	311
56	319
56	362
56	458
56	564
56	581
56	701
56	783
56	821
56	826
56	901
56	979
57	63
57	88
57	103
57	126
57	127
57	134
57	216
57	229
57	333
57	442
57	461
57	583
57	716
57	746
57	909
57	918
58	64
58	71
58	72
58	121
58	177
58	194
58	212
58	248
58	376
58	398
58	418
58	455
58	481
58	578
58	611
58	636
58	649
58	705
58	721
58	741
58	839
58	934
58	960
59	76
59	130
59	140
59	158
59	215
59	237
59	240
59	371
59	448
59	630
59	666
59	678
59	692
59	732
59	755
59	795
59	809
59	849
60	73
60	176
60	182
60	248
60	303
60	380
60	389
60	415
60	433
60	467
60	593
60	597
60	759
60	761
60	864
60	903
60	923
60	972
61	139
61	148
61	150
61	151
61	153
61	257
61	260
61	298
61	324
61	352
61	446
61	464
61	478
61	695
61	840
61	870
61	977
62	71
62	73
62	90
62	96
62	104
62	164
62	184
62	231
62	246
62	278
62	280
62	283
62	388
62	406
62	538
62	539
62	707
62	729
62	746
62	765
62	954
63	79
63	89
63	103
63	105
63	185
63	222
63	230
63	461
63	467
63	485
63	515
63	637
63	654
63	675
63	817
63	836
63	873
63	991
64	96
64	128
64	131
64	133
64	223
64	227
64	246
64	294
64	349
64	384
64	386
64	388
64	452
64	453
64	568
64	571
64	665
64	687
64	737
64	738
64	803
65	70
65	100
65	163
65	169
65	186
65	192
65	202
65	225
65	253
65	261
65	346
65	353
65	359
65	438
65	476
65	608
65	691
65	754
65	785
65	807
65	920
65	932
66	77
66	84
66	121
66	128
66	146
66	156
66	172
66	214
66	231
66	245
66	282
66	366
66	383
66	392
66	500
66	544
66	552
66	639
66	665
66	776
66	925
66	954
67	97
67	99
67	115
67	116
67	135
67	140
67	147
67	153
67	154
67	158
67	202
67	217
67	235
67	271
67	329
67	477
67	502
67	636
67	662
67	674
67	855
67	899
67	950
68	75
68	80
68	146
68	167
68	187
68	232
68	236
68	269
68	316
68	387
68	513
68	664
68	680
68	715
68	947
69	77
69	79
69	105
69	109
69	117
69	186
69	191
69	206
69	311
69	320
69	523
69	532
69	734
69	835
69	836
69	994
70	87
70	92
70	101
70	148
70	163
70	186
70	228
70	335
70	375
70	388
70	449
70	554
70	629
70	643
70	748
70	757
70	785
70	857
70	930
71	96
71	124
71	129
71	136
71	178
71	217
71	278
71	470
71	537
71	601
71	645
71	653
71	658
71	737
71	765
71	806
71	884
72	90
72	122
72	125
72	137
72	144
72	209
72	250
72	276
72	278
72	349
72	379
72	412
72	433
72	493
72	610
72	831
72	883
72	948
73	81
73	102
73	104
73	125
73	159
73	263
73	378
73	391
73	432
73	546
73	652
73	697
73	804
73	832
73	843
74	78
74	88
74	97
74	107
74	141
74	153
74	230
74	237
74	275
74	334
74	369
74	469
74	507
74	541
74	754
74	764
74	825
75	80
75	152
75	189
75	206
75	236
75	251
75	296
75	340
75	358
75	479
75	480
75	498
75	517
75	606
75	668
75	805
76	78
76	88
76	97
76	115
76	132
76	147
76	193
76	204
76	266
76	473
76	514
76	567
76	630
76	637
76	690
76	814
76	971
77	83
77	117
77	253
77	257
77	264
77	300
77	343
77	354
77	362
77	372
77	407
77	546
77	584
77	662
77	850
77	863
78	115
78	134
78	149
78	175
78	188
78	262
78	435
78	443
78	568
78	624
78	697
78	759
78	792
78	978
78	994
79	116
79	120
79	134
79	264
79	333
79	344
79	717
79	850
79	963
79	967
79	985
79	991
80	98
80	148
80	219
80	302
80	497
80	551
80	560
80	670
80	672
80	736
80	761
80	820
80	829
81	113
81	121
81	125
81	135
81	156
81	164
81	200
81	211
81	332
81	395
81	417
81	697
81	733
81	752
81	898
82	107
82	130
82	140
82	149
82	193
82	274
82	328
82	369
82	370
82	441
82	456
82	507
82	548
82	617
82	700
82	870
83	100
83	105
83	117
83	179
83	231
83	252
83	362
83	405
83	503
83	523
83	528
83	654
83	685
83	686
83	770
83	965
84	93
84	123
84	160
84	170
84	198
84	312
84	317
84	330
84	376
84	419
84	491
84	552
84	664
84	724
84	842
84	903
84	937
84	996
85	95
85	99
85	136
85	177
85	214
85	294
85	313
85	341
85	350
85	409
85	543
85	571
85	598
85	652
85	719
85	753
85	811
85	989
86	114
86	119
86	126
86	238
86	242
86	277
86	421
86	469
86	522
86	642
86	667
86	688
86	801
86	834
86	916
86	929
86	932
86	949
87	101
87	108
87	119
87	136
87	168
87	207
87	348
87	388
87	502
87	543
87	545
87	562
87	750
87	753
87	837
87	884
88	127
88	130
88	140
88	225
88	268
88	439
88	457
88	484
88	531
88	624
88	728
88	793
88	840
88	882
89	105
89	120
89	130
89	210
89	268
89	287
89	320
89	397
89	465
89	509
89	590
89	668
89	675
89	704
89	717
90	231
90	243
90	248
90	355
90	403
90	539
90	588
90	626
90	652
90	653
90	707
90	791
90	971
91	106
91	168
91	183
91	189
91	296
91	307
91	443
91	517
91	558
91	606
91	640
91	659
91	747
91	925
92	101
92	108
92	122
92	133
92	147
92	156
92	208
92	245
92	259
92	294
92	348
92	351
92	388
92	460
92	778
92	790
92	980
92	988
93	103
93	114
93	138
93	151
93	160
93	208
93	291
93	368
93	451
93	505
93	664
93	796
93	877
93	885
93	895
94	167
94	326
94	335
94	472
94	487
94	504
94	545
94	616
94	739
94	748
94	780
94	913
94	917
94	937
95	137
95	159
95	184
95	211
95	284
95	383
95	395
95	403
95	406
95	602
95	646
95	824
95	839
95	876
96	108
96	156
96	194
96	200
96	246
96	296
96	332
96	371
96	612
96	652
96	671
96	765
96	953
97	112
97	141
97	154
97	170
97	188
97	252
97	274
97	279
97	309
97	330
97	331
97	355
97	604
97	637
97	978
98	132
98	148
98	157
98	174
98	350
98	381
98	396
98	506
98	511
98	650
98	656
98	856
98	883
98	915
99	101
99	119
99	141
99	220
99	223
99	243
99	294
99	401
99	576
99	585
99	623
99	632
99	817
99	855
99	861
99	889
100	169
100	253
100	271
100	322
100	414
100	460
100	525
100	599
100	600
100	674
100	688
100	691
100	837
100	863
100	910
101	136
101	271
101	350
101	357
101	366
101	386
101	388
101	422
101	482
101	571
101	779
102	113
102	144
102	184
102	241
102	255
102	278
102	367
102	398
102	538
102	610
102	738
102	776
102	945
102	1000
103	109
103	134
103	182
103	226
103	264
103	460
103	572
103	583
103	662
103	675
103	702
103	927
104	125
104	139
104	150
104	276
104	325
104	327
104	391
104	455
104	639
104	649
104	936
104	998
105	171
105	185
105	210
105	377
105	415
105	573
105	683
105	822
106	189
106	260
106	283
106	318
106	385
106	480
106	484
106	498
106	517
106	606
106	711
106	713
107	126
107	130
107	131
107	212
107	220
107	227
107	286
107	482
107	522
107	526
107	612
107	700
107	820
107	907
108	119
108	142
108	278
108	308
108	386
108	682
108	687
108	830
108	890
108	982
109	221
109	233
109	344
109	510
109	515
109	573
109	718
109	962
109	990
110	128
110	195
110	218
110	258
110	290
110	392
110	437
110	459
110	468
110	579
110	879
110	944
111	151
111	312
111	316
111	317
111	373
111	428
111	451
111	474
111	480
111	505
111	651
111	672
111	775
111	781
111	885
112	154
112	192
112	223
112	301
112	338
112	402
112	421
112	445
112	509
112	541
112	645
112	908
112	976
112	999
113	144
113	164
113	172
113	177
113	303
113	409
113	443
113	561
113	562
113	614
113	634
113	828
114	160
114	162
114	170
114	245
114	400
114	412
114	428
114	451
114	475
114	842
114	877
114	895
114	921
115	130
115	140
115	146
115	153
115	257
115	293
115	298
115	492
115	747
115	769
115	798
115	958
116	188
116	221
116	279
116	282
116	320
116	344
116	345
116	477
116	548
116	744
116	754
116	778
117	120
117	226
117	311
117	328
117	606
117	899
117	932
118	206
118	232
118	277
118	279
118	302
118	740
118	786
118	860
118	872
118	887
119	157
119	165
119	368
119	375
119	459
119	647
119	704
119	760
119	890
119	892
119	971
120	191
120	370
120	499
120	590
120	666
120	717
120	718
120	852
120	985
121	123
121	211
121	305
121	368
121	384
121	404
121	544
121	671
121	846
121	970
122	170
122	214
122	243
122	259
122	367
122	412
122	506
122	760
122	815
122	904
122	956
123	128
123	144
123	184
123	194
123	211
123	212
123	231
123	273
123	332
123	500
123	727
123	911
124	129
124	131
124	217
124	389
124	404
124	420
124	650
124	946
124	972
125	137
125	288
125	310
125	379
125	390
125	588
125	900
125	981
126	277
126	292
126	322
126	335
126	458
126	564
126	642
126	701
126	846
126	913
127	147
127	175
127	216
127	244
127	247
127	320
127	328
127	336
127	512
127	742
127	869
128	182
128	209
128	340
128	371
128	377
128	520
128	656
128	671
128	786
129	178
129	227
129	246
129	270
129	410
129	453
129	799
129	959
130	169
130	263
130	279
130	471
130	565
130	699
130	898
131	142
131	236
131	246
131	269
131	470
131	613
131	728
131	955
131	973
132	139
132	310
132	341
132	392
132	410
132	440
132	562
132	566
132	598
132	603
133	144
133	232
133	301
133	335
133	416
133	421
133	508
133	555
133	748
133	930
133	935
133	964
134	196
134	239
134	240
134	328
134	683
134	974
135	180
135	231
135	276
135	390
135	433
135	521
135	622
135	862
135	876
135	992
136	153
136	178
136	246
136	363
136	375
136	393
136	612
136	796
136	830
137	164
137	180
137	211
137	284
137	364
137	455
137	493
137	556
137	951
138	151
138	157
138	160
138	198
138	376
138	505
138	519
138	570
138	712
138	877
138	893
138	937
138	966
138	989
139	185
139	209
139	228
139	254
139	404
139	694
139	766
139	868
139	956
139	970
140	146
140	235
140	237
140	473
140	803
140	844
140	933
141	158
141	188
141	193
141	283
141	563
141	604
141	785
142	178
142	207
142	286
142	389
142	477
142	576
142	687
142	710
142	819
142	886
142	946
142	988
143	165
143	224
143	248
143	256
143	291
143	294
143	351
143	356
143	419
143	543
143	711
143	857
143	868
144	228
144	243
144	495
144	697
144	810
144	839
144	843
144	911
145	213
145	238
145	292
145	318
145	322
145	363
145	414
145	508
145	691
145	763
145	821
145	893
146	314
146	336
146	478
146	728
146	812
146	861
147	153
147	155
147	205
147	431
147	471
147	592
147	620
147	635
148	174
148	260
148	492
148	580
148	675
149	212
149	275
149	286
149	309
149	399
149	450
149	470
149	660
149	820
149	940
149	946
150	395
150	414
150	481
150	521
150	540
150	615
150	706
150	868
150	931
151	169
151	349
151	353
151	356
151	428
151	462
151	486
151	504
151	842
152	185
152	226
152	233
152	345
152	377
152	510
152	678
152	762
152	950
153	155
153	201
153	275
153	439
153	655
153	703
154	243
154	300
154	325
154	346
154	592
154	644
154	657
154	677
155	190
155	370
155	541
155	568
155	630
155	637
155	695
155	798
155	808
155	926
156	209
156	500
156	569
156	631
156	671
156	954
156	981
157	190
157	208
157	253
157	315
157	349
157	895
157	926
158	186
158	191
158	220
158	222
158	229
158	442
158	584
159	255
159	390
159	391
159	424
159	495
159	549
159	826
159	892
160	199
160	220
160	280
160	312
160	349
160	451
160	474
160	529
161	173
161	449
161	487
161	508
161	545
161	661
161	724
161	763
161	878
161	958
161	975
162	170
162	462
162	486
162	535
162	596
162	648
162	823
162	885
162	891
162	987
163	202
163	238
163	242
163	305
163	326
163	351
163	405
163	546
163	550
163	674
164	172
164	183
164	194
164	211
164	212
164	278
164	605
164	810
165	254
165	329
165	363
165	432
165	571
165	598
165	771
165	886
165	998
166	195
166	213
166	316
166	540
166	593
166	613
166	617
166	805
166	943
167	192
167	238
167	242
167	292
167	326
167	605
167	745
167	878
167	937
167	986
168	183
168	260
168	295
168	517
168	558
168	922
169	300
169	318
169	546
169	581
169	632
169	657
169	677
169	968
169	997
170	259
170	297
170	404
170	419
170	488
170	648
171	179
171	485
171	563
171	649
171	654
171	659
171	768
171	994
172	180
172	433
172	493
172	697
172	810
172	904
173	232
173	324
173	411
173	464
173	602
173	655
173	840
173	905
174	187
174	408
174	549
174	550
174	578
174	789
174	872
174	989
175	190
175	205
175	208
175	239
175	262
175	399
175	423
175	434
175	816
176	384
176	494
176	879
176	923
176	955
176	969
177	357
177	404
177	596
177	602
177	678
177	838
177	981
177	992
178	233
178	347
178	417
178	957
179	185
179	203
179	233
179	282
179	300
179	429
179	515
179	590
180	259
180	304
180	341
180	368
180	407
180	440
180	694
180	752
181	439
181	509
181	528
181	531
181	699
181	938
181	945
182	219
182	289
182	356
182	463
182	867
182	894
182	915
183	283
183	296
183	682
183	716
183	841
183	848
183	861
184	209
184	278
184	488
184	646
184	810
184	956
185	264
185	281
185	491
185	985
186	202
186	223
186	414
186	623
186	644
186	674
187	188
187	206
187	272
187	381
187	408
187	425
187	974
188	190
188	450
188	679
189	385
189	422
189	479
189	503
189	582
190	191
190	230
190	240
190	244
190	759
190	962
191	352
191	394
191	499
191	762
192	365
192	472
192	564
192	608
192	658
192	846
192	863
192	875
193	201
193	325
193	336
193	548
193	716
193	915
193	950
194	254
194	273
194	306
194	366
194	489
194	793
194	911
195	206
195	290
195	322
195	324
195	487
195	520
195	888
196	200
196	263
196	268
196	296
196	328
196	331
197	414
197	465
197	541
197	623
197	666
197	732
197	757
197	808
197	856
198	199
198	224
198	323
198	359
198	373
198	475
198	629
198	737
198	771
198	811
199	256
199	315
199	353
199	427
199	614
199	943
199	998
200	217
200	270
200	306
200	339
200	544
200	585
200	634
200	819
200	954
201	268
201	304
201	575
201	617
201	683
201	853
202	225
202	431
202	608
202	785
202	898
202	908
203	215
203	216
203	254
203	287
203	328
203	526
203	531
203	549
203	994
204	216
204	247
204	287
204	314
204	321
204	514
204	708
204	792
204	895
205	214
205	314
205	321
205	431
205	448
205	637
205	922
206	825
207	270
207	348
207	422
207	452
207	598
207	635
207	647
207	884
208	491
208	651
208	781
208	782
208	835
208	996
209	245
209	544
209	733
209	905
209	996
210	236
210	579
210	613
210	663
210	695
210	751
211	308
211	481
211	489
211	610
211	913
212	220
212	269
212	539
212	728
213	215
213	325
213	406
213	638
213	720
213	982
214	367
214	548
214	687
214	824
214	970
215	565
215	692
215	896
215	978
216	240
216	247
216	257
217	220
217	269
217	495
217	621
217	636
217	884
218	232
218	308
218	593
218	788
218	919
219	232
219	290
219	340
219	447
219	468
219	972
220	401
220	681
220	964
221	264
221	362
221	365
221	662
221	809
222	510
222	531
222	563
222	572
222	667
222	701
222	902
223	227
223	234
223	401
223	402
223	411
223	533
223	889
224	315
224	317
224	356
224	412
224	529
224	656
224	790
224	878
224	996
225	297
225	390
225	402
225	525
225	581
225	600
225	965
226	229
226	268
226	431
226	817
226	950
227	389
227	489
227	537
227	660
227	820
228	255
228	364
228	407
228	549
228	831
229	480
229	570
230	231
230	686
230	754
230	919
231	241
231	521
231	924
232	367
232	650
233	262
233	281
233	556
234	349
234	424
234	427
234	501
234	543
234	629
234	835
234	935
235	273
235	402
235	473
235	526
235	756
235	757
235	841
236	285
236	430
236	446
236	453
236	567
236	582
237	293
237	396
237	478
237	624
237	863
238	277
238	305
238	311
238	387
238	720
238	783
239	244
239	249
239	307
239	545
239	606
240	262
240	321
240	399
240	461
240	582
240	909
241	255
241	284
241	299
241	410
241	467
241	495
241	614
241	838
242	311
242	438
242	522
242	536
242	605
243	341
243	398
243	527
243	566
243	945
243	981
244	247
244	282
244	399
244	429
244	445
244	974
245	291
245	474
245	603
245	782
245	895
246	612
246	684
247	281
247	431
247	434
247	742
247	847
248	289
248	391
248	403
248	787
248	934
248	981
249	262
249	281
249	310
249	490
249	770
250	254
250	284
250	330
250	390
250	403
250	615
250	626
250	704
251	456
251	503
251	586
251	681
251	777
251	961
252	253
252	311
252	319
252	801
252	993
252	997
253	387
253	528
253	532
254	505
254	575
254	727
254	776
254	835
255	379
255	408
255	495
255	542
255	559
255	714
256	304
256	335
256	412
256	426
256	440
256	648
257	558
257	793
257	961
258	444
258	498
258	530
258	847
258	867
258	928
259	383
259	401
259	773
259	881
259	907
259	1000
260	286
260	411
260	812
260	866
260	922
261	301
261	458
261	641
261	916
261	917
261	949
262	296
262	345
262	568
262	630
263	464
263	642
263	918
263	934
264	311
264	879
265	308
265	348
265	368
265	501
265	571
265	576
265	773
265	837
265	892
266	421
266	618
266	949
266	995
267	382
267	587
267	628
267	761
267	786
267	849
267	872
267	972
268	595
268	927
269	371
269	417
269	496
269	705
270	363
270	386
270	453
270	497
270	886
270	930
270	988
271	416
271	645
271	797
271	999
272	290
272	524
272	560
272	578
273	310
273	349
273	366
273	561
273	694
273	954
274	393
274	471
274	473
274	632
274	739
274	856
275	369
275	435
275	490
275	841
276	364
276	392
276	562
276	706
276	992
277	522
277	526
277	581
277	986
279	336
279	525
279	533
279	757
279	999
280	308
280	489
280	743
280	833
280	953
281	289
281	328
281	338
281	394
281	450
282	329
282	690
282	768
282	852
283	295
283	380
283	385
283	457
284	310
284	327
284	575
284	673
285	363
285	513
285	537
285	705
285	799
285	957
286	337
286	489
286	990
287	296
287	490
287	622
287	668
287	777
288	372
288	487
288	607
288	616
288	633
288	703
288	734
289	303
289	334
289	679
289	866
289	930
289	948
290	324
290	530
290	551
290	587
291	409
291	462
291	539
291	651
291	802
291	964
292	696
292	846
292	1000
293	484
293	536
293	636
293	723
293	786
293	827
294	304
294	353
294	421
294	682
295	480
295	624
295	829
296	952
297	346
297	359
297	460
297	476
297	518
297	910
297	968
298	383
298	396
298	669
299	410
299	481
299	493
299	589
299	627
299	791
300	354
300	359
300	715
300	995
301	477
301	875
301	881
302	524
302	628
302	638
303	382
303	696
303	794
303	824
304	858
305	469
305	596
305	605
305	607
305	616
306	366
306	393
306	432
306	452
306	694
306	748
307	443
307	484
307	595
307	853
307	912
308	868
308	874
309	394
309	456
309	484
309	777
309	967
310	410
310	495
310	626
311	447
311	564
312	315
312	426
312	529
312	987
313	588
313	943
313	993
314	396
314	714
315	330
315	529
315	554
315	790
315	987
316	381
316	425
316	550
317	400
317	430
317	651
317	790
317	843
318	438
318	487
318	525
318	916
318	932
318	999
319	344
319	362
319	620
319	808
320	638
320	938
321	514
321	568
321	609
321	983
322	326
322	414
323	416
323	419
323	428
323	691
323	779
323	911
324	485
324	641
324	740
324	851
325	413
325	627
325	726
325	928
326	372
326	688
327	384
327	521
327	561
327	869
329	435
329	450
329	978
330	373
330	535
330	552
330	842
330	877
331	342
331	358
331	769
332	436
332	733
332	804
333	668
333	744
333	792
333	822
334	364
334	468
334	594
334	698
334	769
335	703
336	431
336	548
336	625
337	506
337	516
337	542
337	593
338	401
338	504
338	674
339	446
339	483
339	594
339	751
340	406
340	574
340	656
340	872
341	383
341	639
342	599
342	628
342	751
342	883
342	941
343	380
343	518
343	528
343	546
343	859
344	683
344	822
345	442
345	532
346	592
346	600
346	898
346	902
347	386
347	420
347	740
348	647
348	830
349	481
349	773
350	476
350	608
350	750
350	910
351	486
351	504
351	711
351	774
351	779
352	497
352	550
352	559
352	599
352	653
353	661
353	665
353	760
353	878
353	942
354	442
354	475
354	645
354	968
355	357
355	632
355	681
355	763
355	772
356	373
356	419
356	474
356	941
357	366
357	488
357	750
357	991
358	457
358	515
358	659
358	952
359	401
359	525
359	674
360	466
360	512
360	522
360	667
360	688
360	871
360	920
360	940
361	448
361	501
361	536
361	812
361	944
362	528
362	887
363	708
363	818
364	474
364	794
365	405
365	643
365	801
365	845
366	501
366	935
367	561
367	914
368	603
368	823
369	713
370	547
370	565
370	573
371	478
371	765
371	884
372	454
372	587
372	601
373	471
373	577
373	942
374	411
374	415
374	464
374	540
374	869
374	931
375	416
375	482
375	530
375	753
375	886
376	426
376	711
376	773
376	782
376	790
377	624
377	714
378	407
378	467
378	615
378	679
378	804
379	612
379	720
380	611
380	626
381	411
381	656
381	831
382	436
382	467
382	883
383	395
383	410
383	432
384	418
384	465
384	679
384	832
385	498
385	503
386	682
386	819
386	835
387	405
387	643
387	708
387	984
388	647
389	452
389	470
389	731
389	939
390	838
390	874
390	998
391	429
392	400
392	608
393	470
393	482
394	659
394	922
395	862
396	496
396	621
396	893
397	448
397	578
397	678
397	822
398	697
398	727
398	755
398	876
399	443
399	526
399	974
400	743
400	773
400	775
400	941
401	543
402	502
402	999
403	562
403	830
404	491
404	719
404	914
405	821
406	617
407	573
407	923
407	1000
408	417
408	483
409	562
409	881
409	921
409	966
410	455
410	914
411	415
411	530
412	648
412	958
413	444
413	446
413	524
413	597
413	615
414	604
414	837
415	715
416	504
416	607
416	709
416	918
417	420
417	470
417	985
418	547
418	627
418	716
418	726
418	894
419	672
419	749
419	775
420	506
420	721
420	818
421	438
421	502
421	965
422	571
422	750
422	760
422	797
423	441
423	582
423	803
423	841
424	654
424	792
425	444
425	566
425	829
425	976
426	491
426	738
426	941
426	987
427	543
427	664
427	712
427	744
427	796
428	486
428	519
428	535
429	512
429	686
430	506
430	670
430	955
431	512
432	544
432	752
432	971
433	603
433	706
433	787
434	443
435	630
435	974
436	437
436	476
436	497
436	561
436	671
436	831
437	447
437	492
437	551
437	640
438	596
438	667
439	623
439	853
440	603
440	719
441	660
441	699
442	678
442	693
442	865
443	755
444	725
445	826
445	859
446	569
446	729
447	673
447	960
447	990
448	623
449	469
449	625
449	845
450	844
450	907
451	501
451	802
453	681
453	819
454	506
454	899
454	901
454	979
455	704
455	838
456	655
456	887
457	795
458	929
459	550
459	829
459	858
459	928
460	608
460	850
461	836
461	991
462	474
462	477
462	529
462	781
463	557
463	689
463	730
463	888
465	526
466	854
466	899
466	902
466	915
466	940
467	879
467	894
468	540
469	534
469	709
471	700
472	555
472	607
472	875
473	477
475	501
475	709
475	779
476	553
476	677
476	772
477	710
478	492
478	961
479	492
479	531
479	888
480	669
481	646
481	934
482	788
482	806
482	843
483	587
483	781
484	897
486	942
486	967
487	633
488	651
488	655
488	878
489	505
490	557
490	803
491	741
491	874
492	844
493	712
493	791
494	508
494	656
494	789
494	866
495	862
496	793
496	933
497	730
499	563
499	609
500	629
500	712
500	890
501	535
502	576
502	680
502	798
503	558
504	529
504	834
505	804
507	813
508	917
509	523
509	584
509	927
510	584
510	744
510	817
511	513
511	789
511	982
513	819
513	860
514	770
516	577
516	756
516	969
517	784
518	533
518	702
518	713
518	732
519	535
519	661
519	811
519	848
519	937
520	641
521	652
521	677
522	734
522	997
523	626
523	735
524	619
524	735
525	677
525	940
527	649
527	862
527	924
528	857
529	590
530	982
531	586
531	595
532	647
532	745
532	762
533	584
533	800
533	807
533	902
534	601
534	863
534	901
534	963
535	639
535	775
536	767
536	918
537	659
537	681
537	973
538	556
538	566
538	894
539	760
539	766
540	786
541	724
541	882
542	619
542	676
542	960
543	931
544	791
545	753
545	980
546	855
547	619
548	723
550	721
551	833
551	840
551	864
552	575
552	782
552	909
553	555
553	709
554	920
554	921
555	871
556	794
556	900
557	689
559	619
560	628
560	751
560	973
561	631
562	992
563	785
564	722
565	933
566	741
566	743
567	797
567	861
569	611
569	713
569	792
570	745
570	976
572	685
573	583
573	609
574	872
575	796
576	778
577	583
577	665
577	672
578	831
578	864
579	736
580	659
580	663
580	676
581	600
581	605
584	604
585	687
585	731
585	821
586	723
587	749
588	679
589	670
589	726
591	725
591	729
591	810
591	983
592	907
593	597
594	698
594	729
594	887
594	908
595	609
595	620
596	827
597	969
598	710
598	939
600	644
601	696
601	929
602	671
602	707
603	648
604	912
605	871
607	986
609	742
610	717
610	766
611	894
612	988
614	796
615	919
616	643
616	684
618	667
618	708
618	956
618	968
619	910
620	739
620	755
621	693
621	746
621	764
621	891
622	777
624	723
625	643
626	923
627	914
628	673
628	725
629	651
630	844
631	707
631	752
631	889
634	646
634	707
634	830
634	951
635	827
635	915
635	959
637	938
639	811
640	944
641	722
641	925
642	667
642	801
643	809
644	800
644	815
644	880
645	908
645	949
646	876
647	935
649	787
653	860
653	867
654	702
655	680
655	891
657	845
657	857
658	705
658	897
660	930
660	957
661	906
662	859
663	706
663	891
664	771
664	873
665	896
665	980
666	693
666	707
672	903
672	989
673	695
675	732
677	815
679	730
680	982
681	778
682	935
683	762
683	851
684	807
684	815
684	910
685	742
685	808
686	714
686	764
688	979
689	862
689	946
690	865
690	952
691	864
692	772
692	882
692	909
693	716
694	743
695	730
696	802
696	926
696	975
698	722
698	756
701	834
703	808
704	874
706	934
709	855
709	920
710	946
710	984
711	984
712	875
714	865
714	882
716	898
720	936
726	983
727	839
727	941
729	879
731	748
731	765
733	806
735	952
739	759
740	849
741	904
742	852
743	931
745	865
746	824
749	787
749	936
753	845
756	784
756	939
758	882
758	947
758	962
761	858
762	991
763	920
767	814
767	825
769	953
771	873
775	966
778	799
779	890
780	823
780	913
780	940
781	926
782	881
783	800
783	995
784	955
788	993
789	888
789	905
795	827
797	980
798	996
800	886
800	889
802	836
805	990
807	816
814	918
818	854
818	917
820	957
823	958
826	828
828	889
832	833
832	975
840	851
844	853
848	852
851	973
853	962
855	953
859	901
870	912
873	951
885	966
890	903
892	901
892	945
893	942
900	914
911	970
917	997
929	965
964	984
968	997
972	973
