1	7
1	9
1	20
1	26
1	33
1	46
1	73
1	77
1	92
1	99
1	108
1	109
1	117
1	141
1	143
1	162
1	178
1	196
1	197
1	234
1	235
1	248
1	261
1	263
1	287
1	312
1	338
1	341
1	351
1	386
1	412
1	514
1	543
1	609
1	659
1	691
1	698
1	765
1	791
1	807
1	812
1	813
1	818
1	826
1	832
1	840
1	843
1	859
1	890
1	905
2	6
2	10
2	12
2	18
2	23
2	32
2	33
2	35
2	49
2	57
2	64
2	83
2	90
2	103
2	132
2	141
2	148
2	158
2	195
2	202
2	229
2	245
2	264
2	274
2	301
2	311
2	321
2	370
2	380
2	417
2	428
2	439
2	461
2	465
2	487
2	502
2	532
2	591
2	592
2	627
2	711
2	856
2	882
2	888
2	909
2	930
2	933
2	949
3	8
3	16
3	34
3	44
3	45
3	60
3	62
3	63
3	79
3	85
3	106
3	110
3	113
3	125
3	133
3	152
3	160
3	175
3	181
3	190
3	243
3	251
3	256
3	285
3	316
3	330
3	333
3	339
3	347
3	363
3	388
3	394
3	486
3	507
3	525
3	535
3	547
3	587
3	603
3	687
3	688
3	712
3	891
3	898
3	929
3	955
3	970
4	18
4	23
4	24
4	31
4	35
4	46
4	55
4	57
4	83
4	88
4	103
4	104
4	117
4	120
4	127
4	163
4	189
4	194
4	208
4	229
4	239
4	244
4	264
4	274
4	284
4	288
4	295
4	301
4	338
4	375
4	473
4	502
4	503
4	590
4	591
4	614
4	670
4	701
4	717
4	888
4	897
4	909
4	911
4	920
4	947
4	961
5	18
5	42
5	59
5	68
5	70
5	76
5	107
5	115
5	126
5	155
5	157
5	169
5	207
5	232
5	233
5	249
5	250
5	259
5	260
5	325
5	362
5	377
5	392
5	422
5	433
5	461
5	470
5	477
5	487
5	512
5	519
5	543
5	559
5	602
5	607
5	643
5	700
5	731
5	759
5	793
5	804
5	861
5	868
5	870
5	971
6	17
6	24
6	30
6	33
6	39
6	49
6	50
6	64
6	77
6	83
6	117
6	128
6	153
6	158
6	178
6	209
6	229
6	254
6	266
6	274
6	295
6	337
6	351
6	381
6	382
6	412
6	546
6	564
6	566
6	592
6	608
6	654
6	676
6	706
6	779
6	797
6	807
6	830
6	834
6	851
6	866
6	882
6	952
6	995
7	14
7	16
7	19
7	22
7	42
7	45
7	58
7	63
7	74
7	78
7	102
7	139
7	154
7	166
7	200
7	201
7	214
7	220
7	231
7	242
7	258
7	267
7	287
7	310
7	355
7	396
7	414
7	472
7	565
7	573
7	673
7	690
7	705
7	716
7	761
7	799
7	834
7	865
7	894
7	901
7	927
7	935
7	945
7	972
8	25
8	30
8	40
8	75
8	79
8	96
8	106
8	118
8	130
8	135
8	136
8	172
8	188
8	192
8	199
8	205
8	215
8	221
8	224
8	268
8	269
8	293
8	327
8	340
8	368
8	432
8	442
8	464
8	513
8	554
8	600
8	603
8	631
8	666
8	686
8	702
8	724
8	735
8	781
8	804
8	904
8	929
8	986
9	13
9	31
9	32
9	33
9	51
9	58
9	59
9	65
9	66
9	73
9	85
9	92
9	99
9	172
9	196
9	204
9	221
9	233
9	296
9	303
9	319
9	325
9	339
9	340
9	354
9	369
9	370
9	377
9	392
9	435
9	457
9	485
9	493
9	558
9	560
9	582
9	665
9	745
9	759
9	812
9	868
9	921
10	14
10	28
10	29
10	37
10	41
10	43
10	92
10	95
10	111
10	119
10	123
10	144
10	164
10	166
10	167
10	185
10	224
10	238
10	242
10	265
10	322
10	343
10	345
10	388
10	411
10	420
10	433
10	453
10	478
10	480
10	494
10	500
10	572
10	615
10	680
10	689
10	693
10	727
10	729
10	756
10	855
11	13
11	20
11	36
11	46
11	59
11	68
11	69
11	77
11	80
11	90
11	99
11	113
11	122
11	162
11	179
11	193
11	218
11	227
11	281
11	289
11	305
11	309
11	341
11	364
11	373
11	425
11	445
11	467
11	480
11	493
11	557
11	663
11	715
11	742
11	765
11	837
11	926
11	958
11	959
11	964
11	985
12	18
12	24
12	33
12	35
12	50
12	71
12	83
12	84
12	85
12	88
12	103
12	117
12	146
12	147
12	241
12	244
12	250
12	299
12	312
12	381
12	410
12	413
12	417
12	481
12	553
12	608
12	638
12	659
12	743
12	757
12	770
12	819
12	822
12	877
12	899
12	936
12	952
12	962
12	974
13	19
13	29
13	37
13	46
13	61
13	69
13	72
13	80
13	82
13	85
13	99
13	145
13	193
13	258
13	275
13	289
13	341
13	350
13	430
13	441
13	471
13	508
13	523
13	528
13	578
13	610
13	637
13	665
13	714
13	718
13	742
13	747
13	788
13	810
13	853
13	878
13	896
13	910
14	37
14	43
14	48
14	81
14	111
14	119
14	122
14	123
14	138
14	150
14	164
14	166
14	167
14	182
14	249
14	265
14	272
14	284
14	302
14	314
14	334
14	346
14	425
14	489
14	509
14	539
14	605
14	632
14	656
14	657
14	682
14	693
14	695
14	702
14	717
14	929
14	948
14	992
15	28
15	37
15	63
15	65
15	68
15	75
15	93
15	110
15	164
15	169
15	192
15	199
15	216
15	217
15	221
15	248
15	257
15	259
15	292
15	323
15	366
15	406
15	421
15	423
15	433
15	434
15	476
15	497
15	507
15	508
15	513
15	570
15	614
15	626
15	649
15	825
15	900
15	937
15	983
15	998
16	19
16	22
16	67
16	74
16	78
16	89
16	98
16	114
16	121
16	124
16	154
16	200
16	228
16	247
16	267
16	270
16	330
16	332
16	353
16	367
16	391
16	427
16	438
16	598
16	673
16	678
16	711
16	716
16	721
16	738
16	750
16	751
16	869
16	876
16	955
16	956
16	989
17	18
17	24
17	33
17	84
17	120
17	127
17	159
17	195
17	213
17	237
17	286
17	294
17	295
17	299
17	304
17	311
17	312
17	317
17	337
17	352
17	406
17	451
17	491
17	564
17	606
17	611
17	650
17	698
17	703
17	711
17	783
17	797
17	805
17	850
17	905
17	930
17	969
17	997
18	24
18	88
18	104
18	117
18	127
18	147
18	148
18	158
18	202
18	222
18	311
18	312
18	345
18	380
18	382
18	386
18	451
18	459
18	481
18	501
18	577
18	585
18	611
18	664
18	670
18	743
18	770
18	829
18	856
18	882
18	906
18	924
18	957
19	20
19	26
19	44
19	46
19	69
19	82
19	139
19	143
19	145
19	168
19	173
19	186
19	219
19	227
19	235
19	289
19	294
19	297
19	309
19	335
19	436
19	471
19	522
19	530
19	542
19	623
19	646
19	723
19	725
19	747
19	837
19	893
19	895
19	905
19	917
20	26
20	31
20	69
20	77
20	80
20	85
20	92
20	143
20	145
20	297
20	309
20	312
20	320
20	335
20	339
20	348
20	351
20	412
20	425
20	515
20	534
20	609
20	642
20	715
20	718
20	747
20	764
20	832
20	843
20	857
20	859
20	872
20	882
20	958
20	964
21	22
21	23
21	48
21	52
21	60
21	72
21	84
21	96
21	108
21	112
21	116
21	163
21	165
21	168
21	176
21	177
21	223
21	252
21	254
21	276
21	292
21	371
21	394
21	429
21	452
21	541
21	549
21	583
21	598
21	604
21	639
21	684
21	688
21	720
21	722
21	850
21	915
21	950
22	45
22	62
22	67
22	74
22	78
22	89
22	98
22	105
22	108
22	112
22	124
22	165
22	183
22	200
22	225
22	332
22	334
22	336
22	355
22	367
22	438
22	462
22	479
22	529
22	573
22	628
22	678
22	690
22	726
22	750
22	753
22	808
22	927
22	972
22	989
23	38
23	39
23	47
23	56
23	59
23	66
23	84
23	86
23	88
23	96
23	126
23	131
23	134
23	158
23	253
23	264
23	315
23	352
23	380
23	439
23	450
23	458
23	553
23	612
23	699
23	760
23	772
23	788
23	820
23	824
23	912
23	925
23	933
23	987
23	991
24	32
24	58
24	64
24	76
24	104
24	116
24	117
24	145
24	159
24	194
24	202
24	209
24	227
24	237
24	264
24	311
24	337
24	338
24	342
24	382
24	386
24	496
24	501
24	549
24	599
24	634
24	670
24	770
24	794
24	866
24	934
24	950
25	28
25	30
25	44
25	49
25	71
25	102
25	125
25	133
25	152
25	190
25	206
25	256
25	269
25	293
25	298
25	300
25	333
25	378
25	419
25	431
25	432
25	433
25	460
25	464
25	549
25	570
25	575
25	590
25	600
25	614
25	626
25	755
25	817
25	871
25	973
25	980
26	33
26	46
26	65
26	69
26	91
26	122
26	143
26	186
26	213
26	218
26	246
26	281
26	282
26	286
26	289
26	297
26	304
26	309
26	335
26	348
26	364
26	515
26	532
26	542
26	618
26	622
26	637
26	647
26	739
26	887
26	893
26	895
26	904
26	946
27	38
27	42
27	52
27	67
27	88
27	104
27	108
27	134
27	170
27	279
27	287
27	293
27	336
27	337
27	391
27	429
27	448
27	492
27	504
27	529
27	583
27	599
27	627
27	635
27	648
27	683
27	685
27	758
27	782
27	801
27	808
27	821
27	875
27	876
27	912
27	945
27	961
28	37
28	60
28	63
28	79
28	106
28	118
28	130
28	133
28	205
28	251
28	269
28	326
28	329
28	347
28	363
28	378
28	389
28	403
28	404
28	405
28	444
28	447
28	482
28	506
28	661
28	696
28	735
28	771
28	781
28	835
28	874
28	951
28	963
28	999
29	43
29	81
29	90
29	95
29	99
29	111
29	150
29	156
29	179
29	214
29	300
29	305
29	328
29	344
29	401
29	416
29	441
29	455
29	469
29	475
29	478
29	516
29	520
29	523
29	556
29	557
29	572
29	574
29	610
29	729
29	756
29	778
29	864
29	898
30	37
30	78
30	85
30	101
30	105
30	114
30	119
30	171
30	256
30	258
30	285
30	316
30	347
30	378
30	379
30	396
30	399
30	405
30	414
30	529
30	569
30	658
30	667
30	705
30	713
30	737
30	761
30	773
30	784
30	854
30	860
30	867
30	874
31	36
31	37
31	65
31	80
31	90
31	92
31	94
31	95
31	122
31	150
31	193
31	206
31	234
31	296
31	305
31	324
31	335
31	368
31	416
31	418
31	441
31	515
31	527
31	557
31	597
31	605
31	677
31	739
31	747
31	864
31	896
31	914
31	917
32	33
32	35
32	50
32	54
32	83
32	117
32	127
32	128
32	132
32	134
32	141
32	204
32	223
32	226
32	245
32	252
32	254
32	266
32	290
32	317
32	338
32	342
32	358
32	381
32	496
32	567
32	640
32	651
32	736
32	791
32	793
32	828
32	940
33	38
33	85
33	127
33	147
33	158
33	159
33	178
33	233
33	234
33	335
33	341
33	386
33	406
33	458
33	582
33	585
33	589
33	627
33	634
33	637
33	688
33	739
33	783
33	797
33	818
33	981
33	994
34	44
34	56
34	58
34	62
34	68
34	71
34	125
34	151
34	155
34	160
34	174
34	206
34	262
34	283
34	303
34	323
34	333
34	339
34	354
34	387
34	397
34	415
34	424
34	460
34	511
34	561
34	575
34	705
34	724
34	785
34	838
34	891
34	985
35	49
35	59
35	73
35	117
35	127
35	128
35	157
35	159
35	176
35	187
35	194
35	213
35	259
35	311
35	318
35	351
35	381
35	410
35	422
35	450
35	459
35	488
35	553
35	647
35	828
35	845
35	914
35	978
35	995
36	37
36	38
36	61
36	80
36	81
36	82
36	90
36	95
36	103
36	119
36	150
36	179
36	197
36	229
36	305
36	370
36	373
36	390
36	411
36	430
36	455
36	515
36	516
36	527
36	536
36	605
36	714
36	776
36	894
37	51
37	54
37	61
37	80
37	85
37	105
37	137
37	142
37	149
37	156
37	167
37	230
37	296
37	308
37	395
37	401
37	469
37	470
37	539
37	578
37	617
37	660
37	885
38	39
38	47
38	96
38	98
38	240
38	242
38	243
38	253
38	282
38	287
38	349
38	352
38	353
38	541
38	582
38	641
38	644
38	683
38	720
38	805
38	862
38	894
38	920
38	939
38	954
38	985
39	59
39	86
39	109
39	125
39	131
39	134
39	147
39	152
39	243
39	249
39	280
39	319
39	340
39	352
39	372
39	417
39	485
39	535
39	621
39	641
39	704
39	707
39	823
39	849
39	887
39	913
39	987
40	43
40	104
40	135
40	157
40	172
40	187
40	199
40	216
40	217
40	221
40	236
40	326
40	340
40	383
40	490
40	537
40	544
40	580
40	638
40	687
40	696
40	825
40	846
40	847
40	873
40	948
40	960
40	979
40	1000
41	43
41	50
41	61
41	136
41	138
41	149
41	156
41	182
41	238
41	272
41	273
41	302
41	322
41	327
41	334
41	343
41	401
41	418
41	475
41	524
41	572
41	610
41	680
41	689
41	693
41	733
41	936
41	965
42	52
42	55
42	58
42	98
42	108
42	154
42	183
42	225
42	228
42	251
42	298
42	355
42	396
42	427
42	504
42	533
42	561
42	633
42	636
42	648
42	721
42	737
42	789
42	791
42	968
42	977
43	63
43	81
43	123
43	137
43	157
43	182
43	188
43	271
43	272
43	327
43	340
43	345
43	388
43	497
43	516
43	518
43	620
43	632
43	695
43	708
43	733
43	762
43	880
43	1000
44	49
44	56
44	58
44	62
44	68
44	129
44	155
44	174
44	175
44	188
44	190
44	206
44	270
44	291
44	360
44	383
44	460
44	561
44	709
44	712
44	728
44	838
44	848
44	980
44	990
45	53
45	58
45	98
45	101
45	102
45	105
45	108
45	112
45	121
45	310
45	313
45	346
45	347
45	392
45	410
45	414
45	492
45	510
45	571
45	596
45	752
45	860
45	867
45	881
45	935
45	963
46	69
46	99
46	143
46	162
46	173
46	196
46	197
46	219
46	294
46	309
46	436
46	522
46	534
46	578
46	669
46	756
46	780
46	791
46	877
46	895
46	922
46	928
46	946
47	55
47	74
47	113
47	116
47	128
47	134
47	163
47	181
47	191
47	212
47	223
47	239
47	255
47	389
47	417
47	448
47	456
47	504
47	635
47	668
47	673
47	774
47	824
47	933
47	962
47	997
48	72
48	108
48	112
48	146
48	177
48	187
48	223
48	245
48	247
48	276
48	292
48	313
48	384
48	389
48	394
48	400
48	417
48	440
48	468
48	492
48	653
48	678
48	722
48	798
48	865
48	882
49	50
49	64
49	77
49	83
49	104
49	120
49	141
49	189
49	195
49	307
49	412
49	428
49	451
49	461
49	474
49	501
49	503
49	560
49	711
49	716
49	851
49	995
50	57
50	63
50	77
50	97
50	120
50	148
50	194
50	211
50	213
50	237
50	254
50	342
50	369
50	380
50	502
50	521
50	554
50	589
50	634
50	734
50	850
50	888
51	54
51	59
51	70
51	71
51	73
51	76
51	142
51	207
51	212
51	230
51	233
51	240
51	250
51	272
51	314
51	320
51	323
51	369
51	398
51	403
51	477
51	511
51	815
51	822
51	954
52	54
52	72
52	76
52	86
52	108
52	112
52	134
52	165
52	170
52	203
52	293
52	385
52	394
52	443
52	446
52	529
52	600
52	668
52	801
52	908
52	966
52	974
52	977
52	993
53	97
53	101
53	102
53	139
53	152
53	198
53	201
53	231
53	251
53	277
53	298
53	357
53	396
53	431
53	548
53	569
53	588
53	633
53	636
53	658
53	667
53	705
53	712
53	802
53	835
53	903
54	59
54	65
54	84
54	115
54	128
54	148
54	178
54	204
54	208
54	233
54	266
54	312
54	456
54	458
54	488
54	642
54	710
54	779
54	789
54	793
54	824
54	961
55	74
55	116
55	126
55	146
55	202
55	208
55	211
55	212
55	215
55	244
55	255
55	274
55	301
55	321
55	326
55	450
55	452
55	604
55	694
55	819
55	885
55	922
55	950
56	58
56	62
56	68
56	100
56	125
56	129
56	151
56	174
56	190
56	206
56	262
56	293
56	373
56	379
56	399
56	496
56	506
56	569
56	737
56	838
56	891
56	980
56	985
57	66
57	84
57	88
57	94
57	97
57	134
57	148
57	154
57	194
57	274
57	426
57	437
57	450
57	640
57	650
57	654
57	675
57	684
57	701
57	732
57	777
57	883
57	951
58	68
58	78
58	89
58	114
58	151
58	183
58	190
58	298
58	331
58	336
58	339
58	360
58	391
58	462
58	512
58	571
58	575
58	755
59	65
59	73
59	86
59	113
59	131
59	207
59	250
59	253
59	279
59	282
59	300
59	325
59	385
59	504
59	597
59	641
59	912
60	79
60	106
60	129
60	130
60	133
60	135
60	140
60	181
60	205
60	210
60	216
60	217
60	269
60	464
60	484
60	505
60	513
60	540
60	575
60	600
60	651
60	880
61	76
61	80
61	90
61	95
61	111
61	122
61	144
61	150
61	179
61	296
61	324
61	327
61	364
61	442
61	494
61	536
61	574
61	610
61	611
61	656
61	672
62	68
62	71
62	100
62	129
62	151
62	155
62	159
62	206
62	243
62	280
62	316
62	323
62	397
62	399
62	444
62	447
62	472
62	495
62	547
62	619
63	110
63	118
63	133
63	157
63	181
63	205
63	210
63	216
63	238
63	242
63	334
63	365
63	570
63	762
63	781
63	915
63	941
63	948
63	960
64	83
64	120
64	128
64	141
64	153
64	159
64	187
64	194
64	277
64	337
64	362
64	399
64	428
64	459
64	532
64	619
64	627
64	703
64	706
64	949
64	952
65	70
65	108
65	141
65	155
65	180
65	196
65	275
65	288
65	294
65	327
65	335
65	398
65	436
65	517
65	519
65	542
65	578
65	800
65	848
66	87
66	94
66	97
66	98
66	126
66	128
66	184
66	209
66	252
66	274
66	321
66	346
66	450
66	456
66	616
66	639
66	640
66	766
66	947
66	949
66	986
67	108
67	114
67	139
67	154
67	165
67	198
67	220
67	231
67	367
67	387
67	429
67	438
67	492
67	512
67	561
67	716
67	784
67	863
67	876
67	927
67	942
68	73
68	100
68	107
68	262
68	291
68	298
68	435
68	447
68	457
68	477
68	534
68	547
68	762
68	937
68	983
69	122
69	130
69	145
69	153
69	162
69	186
69	235
69	263
69	281
69	309
69	467
69	471
69	474
69	542
69	668
69	810
69	812
70	76
70	93
70	126
70	136
70	143
70	169
70	187
70	204
70	207
70	324
70	361
70	362
70	535
70	558
70	629
70	769
70	786
70	828
70	833
70	874
71	100
71	129
71	174
71	220
71	260
71	303
71	306
71	360
71	374
71	379
71	412
71	487
71	547
71	561
71	563
71	805
71	896
71	958
72	94
72	124
72	170
72	191
72	215
72	247
72	371
72	407
72	440
72	452
72	583
72	593
72	721
72	769
72	798
72	801
72	935
72	956
72	979
73	77
73	92
73	103
73	107
73	141
73	144
73	207
73	235
73	296
73	303
73	320
73	330
73	691
73	748
73	811
73	978
74	89
74	96
74	124
74	170
74	203
74	228
74	270
74	353
74	429
74	445
74	484
74	526
74	538
74	625
74	685
74	909
74	966
75	91
75	93
75	100
75	130
75	136
75	137
75	142
75	146
75	185
75	214
75	236
75	320
75	346
75	361
75	364
75	487
75	617
75	686
75	845
75	918
76	95
76	142
76	166
76	169
76	172
76	226
76	232
76	246
76	257
76	275
76	308
76	597
76	620
76	938
76	975
76	978
77	103
77	122
77	145
77	178
77	227
77	266
77	294
77	298
77	335
77	359
77	445
77	703
77	832
77	997
78	102
78	115
78	121
78	152
78	189
78	231
78	316
78	367
78	414
78	586
78	609
78	658
78	678
78	817
78	860
78	903
79	110
79	118
79	133
79	175
79	181
79	192
79	217
79	268
79	419
79	447
79	449
79	506
79	560
79	575
79	590
79	679
79	753
80	82
80	123
80	127
80	150
80	193
80	344
80	480
80	524
80	557
80	674
80	680
80	775
80	803
80	976
81	94
81	119
81	136
81	138
81	149
81	167
81	271
81	273
81	327
81	373
81	418
81	500
81	516
81	606
81	657
81	693
81	695
82	90
82	99
82	143
82	186
82	197
82	227
82	350
82	359
82	425
82	441
82	536
82	618
82	669
82	725
82	776
82	855
82	893
83	103
83	187
83	194
83	195
83	239
83	254
83	299
83	585
83	589
83	595
83	783
83	797
83	803
83	952
84	91
84	97
84	196
84	213
84	234
84	317
84	384
84	413
84	503
84	554
84	584
84	710
84	793
84	813
84	925
85	120
85	180
85	324
85	344
85	356
85	374
85	457
85	552
85	601
85	622
85	700
85	853
85	972
86	96
86	126
86	168
86	175
86	338
86	400
86	404
86	443
86	465
86	504
86	594
86	639
86	675
86	720
86	836
86	886
86	911
87	112
87	124
87	138
87	202
87	208
87	211
87	252
87	313
87	371
87	393
87	400
87	440
87	452
87	488
87	630
87	675
87	777
87	856
87	906
88	255
88	311
88	338
88	377
88	384
88	428
88	548
88	551
88	823
88	824
88	877
88	943
88	974
88	991
89	105
89	114
89	124
89	139
89	198
89	220
89	231
89	270
89	277
89	313
89	479
89	628
89	751
89	875
89	942
89	989
90	150
90	218
90	350
90	361
90	425
90	523
90	530
90	618
90	674
90	680
90	715
90	775
90	776
91	93
91	100
91	107
91	142
91	151
91	169
91	180
91	232
91	463
91	465
91	527
91	568
91	576
91	620
91	786
91	904
91	921
92	186
92	246
92	248
92	261
92	294
92	344
92	370
92	534
92	589
92	622
92	659
92	692
92	725
92	919
93	130
93	144
93	172
93	175
93	181
93	236
93	370
93	613
93	644
93	770
93	907
93	929
93	931
93	958
93	979
94	128
94	143
94	207
94	212
94	241
94	389
94	417
94	428
94	484
94	485
94	616
94	685
94	717
94	892
95	123
95	308
95	328
95	345
95	364
95	373
95	401
95	469
95	499
95	509
95	524
95	656
95	890
96	128
96	202
96	207
96	223
96	249
96	276
96	369
96	409
96	545
96	595
96	840
96	889
96	962
97	116
97	147
97	163
97	203
97	209
97	211
97	241
97	321
97	376
97	464
97	584
97	640
97	740
97	988
98	102
98	114
98	134
98	228
98	348
98	641
98	671
98	713
98	758
98	771
98	821
98	876
98	945
99	162
99	173
99	197
99	222
99	261
99	281
99	309
99	522
99	663
99	692
99	700
99	996
100	174
100	243
100	300
100	318
100	383
100	405
100	434
100	435
100	453
100	576
100	649
100	910
101	102
101	106
101	152
101	177
101	225
101	251
101	256
101	329
101	357
101	379
101	402
101	431
101	799
101	860
101	999
102	114
102	149
102	167
102	198
102	231
102	396
102	472
102	761
102	809
102	817
102	842
103	120
103	187
103	195
103	307
103	337
103	351
103	413
103	428
103	486
103	564
103	698
104	208
104	222
104	286
104	304
104	472
104	545
104	566
104	646
104	764
104	791
104	829
104	954
105	171
105	182
105	200
105	251
105	267
105	277
105	330
105	404
105	414
105	438
105	492
105	799
105	808
106	118
106	171
106	248
106	285
106	421
106	464
106	482
106	525
106	586
106	658
106	842
106	903
106	999
107	155
107	318
107	387
107	420
107	519
107	533
107	558
107	574
107	685
107	719
107	768
107	831
107	849
107	896
108	114
108	191
108	276
108	394
108	565
108	741
108	782
108	982
109	113
109	249
109	323
109	349
109	352
109	467
109	602
109	644
109	752
109	772
109	815
109	849
109	884
109	887
109	984
110	157
110	181
110	284
110	365
110	415
110	513
110	525
110	701
110	753
110	816
110	873
110	876
110	986
111	242
111	279
111	302
111	344
111	408
111	424
111	489
111	520
111	533
111	572
111	727
111	745
111	870
112	114
112	154
112	231
112	258
112	389
112	454
112	529
112	716
112	750
112	972
112	993
113	131
113	259
113	300
113	319
113	352
113	425
113	448
113	476
113	545
113	635
113	900
113	937
114	220
114	228
114	247
114	399
114	636
114	671
114	784
114	844
115	126
115	161
115	178
115	187
115	236
115	250
115	303
115	410
115	488
115	607
115	629
115	643
115	845
115	883
116	132
116	177
116	189
116	202
116	212
116	465
116	470
116	553
116	575
116	732
116	735
116	911
117	159
117	213
117	295
117	299
117	409
117	546
117	639
117	647
117	734
118	129
118	130
118	135
118	210
118	217
118	268
118	587
118	596
118	638
118	675
118	787
119	214
119	242
119	332
119	343
119	425
119	514
119	557
119	572
119	663
119	664
119	682
120	159
120	296
120	473
120	501
120	532
120	592
120	627
120	779
120	930
121	124
121	146
121	267
121	288
121	315
121	439
121	443
121	593
121	604
121	628
121	633
121	671
121	681
122	179
122	218
122	227
122	488
122	514
122	605
122	618
122	662
122	895
123	144
123	145
123	224
123	238
123	271
123	272
123	322
123	343
123	388
123	420
123	528
124	177
124	183
124	225
124	241
124	616
124	751
124	845
124	982
125	174
125	243
125	244
125	282
125	331
125	503
125	506
125	704
125	830
125	984
126	253
126	254
126	279
126	290
126	318
126	402
126	820
126	991
127	209
127	253
127	295
127	386
127	406
127	412
127	548
127	554
128	132
128	195
128	244
128	461
128	600
128	757
129	151
129	175
129	192
129	210
129	316
129	568
129	590
129	712
129	980
130	175
130	268
130	375
130	426
130	531
130	614
130	951
130	1000
131	147
131	212
131	249
131	250
131	291
131	349
131	352
131	641
131	707
131	792
131	939
132	158
132	208
132	215
132	252
132	302
132	321
132	516
132	551
132	767
132	844
132	897
133	175
133	285
133	486
133	505
133	702
133	709
133	847
133	906
133	960
134	165
134	249
134	279
134	385
134	683
134	863
134	939
135	137
135	182
135	238
135	326
135	518
135	537
135	544
135	687
135	702
135	708
135	812
136	140
136	166
136	291
136	478
136	494
136	544
136	556
136	664
136	745
136	855
137	157
137	161
137	236
137	240
137	246
137	285
137	519
137	853
137	862
137	953
137	965
138	218
138	273
138	314
138	343
138	411
138	442
138	466
138	524
138	579
138	632
138	801
139	165
139	171
139	200
139	231
139	271
139	277
139	561
139	562
139	858
139	955
140	192
140	269
140	383
140	432
140	449
140	518
140	537
140	602
140	620
140	847
140	915
140	951
141	234
141	341
141	342
141	381
141	503
141	851
141	994
142	306
142	324
142	374
142	463
142	480
142	686
142	752
142	837
142	873
143	145
143	281
143	309
143	474
143	609
143	813
144	169
144	197
144	209
144	246
144	291
144	689
144	715
144	886
144	926
145	173
145	218
145	623
145	922
145	928
145	946
146	148
146	292
146	468
146	604
146	767
146	844
146	875
146	957
146	974
147	207
147	212
147	222
147	250
147	282
147	380
147	385
147	654
148	209
148	362
148	481
148	559
148	594
148	607
148	712
148	943
149	218
149	327
149	341
149	411
149	434
149	523
149	536
149	662
149	665
149	682
150	156
150	370
150	430
150	480
150	499
150	569
150	634
151	175
151	260
151	318
151	324
151	426
151	463
151	611
151	644
152	228
152	256
152	379
152	631
152	773
152	867
152	901
152	980
153	195
153	196
153	304
153	317
153	337
153	422
153	521
153	560
153	650
153	739
153	997
154	177
154	270
154	287
154	315
154	446
154	562
154	612
154	741
155	190
155	291
155	379
155	403
155	432
155	550
155	757
155	815
156	164
156	343
156	390
156	420
156	424
156	455
156	466
156	528
156	632
157	192
157	284
157	432
157	442
157	483
157	948
158	177
158	202
158	229
158	257
158	343
158	406
158	517
159	307
159	337
159	496
159	501
159	558
160	211
160	243
160	268
160	278
160	283
160	331
160	421
160	426
160	432
160	447
160	804
161	213
161	249
161	300
161	370
161	398
161	686
161	692
161	877
161	881
161	938
161	998
162	281
162	335
162	342
162	375
162	383
162	811
162	895
162	917
163	245
163	252
163	301
163	309
163	409
163	616
163	717
163	883
163	888
164	185
164	265
164	366
164	395
164	478
164	508
164	660
164	680
164	705
165	239
165	462
165	562
165	673
165	680
165	758
165	925
166	193
166	263
166	302
166	441
166	453
166	515
166	810
166	841
167	224
167	237
167	242
167	478
167	672
167	727
167	854
167	855
168	176
168	215
168	223
168	239
168	255
168	404
168	450
168	645
168	694
168	933
169	185
169	199
169	306
169	483
169	559
169	814
169	839
170	223
170	245
170	247
170	287
170	349
170	440
170	758
170	790
170	908
171	201
171	287
171	363
171	376
171	472
171	482
171	562
171	860
171	903
172	192
172	300
172	677
172	768
172	887
172	921
172	944
172	960
173	186
173	219
173	235
173	359
173	436
173	522
173	609
173	718
173	723
174	205
174	268
174	360
174	387
174	571
174	709
174	752
175	334
175	360
175	687
175	915
176	241
176	247
176	270
176	400
176	439
176	454
176	479
176	668
176	942
177	223
177	549
177	764
177	841
177	966
178	198
178	422
178	519
178	546
178	607
178	654
179	305
179	350
179	418
179	499
179	682
179	776
179	953
180	303
180	320
180	474
180	508
180	540
180	558
180	563
180	656
180	916
181	498
181	513
181	666
181	712
181	802
182	221
182	238
182	284
182	349
182	421
182	580
182	763
183	298
183	385
183	404
183	751
183	771
183	821
183	869
183	942
184	204
184	208
184	254
184	553
184	607
184	618
184	619
184	676
184	754
184	803
184	924
185	213
185	232
185	455
185	505
185	795
185	796
185	839
185	870
186	218
186	219
186	226
186	235
186	514
186	902
187	204
187	307
187	377
187	461
188	199
188	262
188	278
188	280
188	361
188	460
188	495
188	705
188	800
189	215
189	252
189	358
189	372
189	564
189	706
189	826
189	889
190	206
190	217
190	432
190	737
190	923
190	984
191	247
191	292
191	331
191	394
191	526
191	642
191	760
191	865
191	966
192	246
192	421
192	726
192	990
192	998
193	305
193	350
193	441
193	523
193	674
193	714
193	743
194	229
194	301
194	439
194	634
194	995
195	358
195	457
195	483
195	501
195	969
196	229
196	257
196	297
196	786
196	940
196	997
197	350
197	436
197	466
197	536
197	907
197	964
198	267
198	285
198	330
198	427
198	462
198	625
198	690
199	231
199	257
199	260
199	271
199	327
199	748
199	839
200	219
200	247
200	310
200	690
200	741
200	814
200	863
201	267
201	310
201	313
201	336
201	367
201	626
201	863
201	869
201	927
202	266
202	321
202	450
202	551
203	241
203	274
203	358
203	536
203	808
203	823
203	873
203	989
203	991
204	213
204	290
204	369
204	487
204	749
204	914
205	415
205	498
205	505
205	587
205	702
205	724
205	931
206	444
206	535
206	569
206	709
207	250
207	356
207	704
208	241
208	409
208	567
208	681
209	413
209	783
209	866
209	899
210	221
210	252
210	378
210	460
210	531
210	753
210	880
211	241
211	288
211	299
211	448
211	502
211	909
212	650
212	653
212	792
212	938
213	342
213	563
214	430
214	434
214	603
214	727
214	748
214	904
214	990
215	223
215	264
215	526
215	798
215	940
216	217
216	278
216	359
216	525
216	631
216	967
216	970
217	334
217	498
217	513
217	709
218	261
218	412
218	780
219	248
219	297
219	335
219	341
219	491
219	698
220	245
220	277
220	310
220	438
220	821
220	854
221	419
221	464
221	525
221	666
221	804
222	233
222	234
222	307
222	514
222	546
222	852
222	914
223	270
223	630
224	273
224	390
224	433
224	434
224	579
224	852
224	855
225	245
225	336
225	349
225	384
225	429
225	889
225	956
226	325
226	375
226	403
226	466
226	643
226	768
226	775
226	810
227	514
227	530
227	843
227	917
227	994
228	431
228	444
228	586
228	732
228	817
229	456
229	521
229	866
229	964
230	232
230	314
230	323
230	328
230	331
230	354
230	383
230	549
230	677
231	750
231	955
232	374
232	511
232	552
232	559
232	692
232	848
233	246
233	368
233	525
233	602
233	893
234	281
234	364
234	381
234	416
234	788
235	281
235	637
235	788
235	905
235	986
236	278
236	580
236	649
236	652
236	672
236	948
237	288
237	381
237	422
237	592
237	739
237	767
237	949
238	420
238	442
238	555
238	577
238	632
239	301
239	382
239	635
239	681
239	738
239	889
240	259
240	352
240	392
240	403
240	653
240	796
240	831
240	987
241	675
241	774
241	977
242	340
242	651
242	733
242	969
243	403
243	431
243	857
243	941
244	286
244	342
244	502
244	554
244	647
244	701
245	409
245	671
245	908
246	582
246	843
246	926
247	573
247	628
248	275
248	418
248	494
248	662
248	830
249	250
249	878
250	699
251	363
251	427
251	810
251	894
252	612
252	892
253	349
253	352
253	489
253	884
253	923
254	703
254	767
254	947
255	290
255	317
255	338
255	458
255	474
255	694
256	390
256	402
256	547
256	636
256	713
257	275
257	318
257	366
257	368
257	691
258	287
258	308
258	336
258	565
258	696
258	799
259	485
259	656
259	745
259	861
259	923
260	275
260	283
260	527
260	531
260	707
260	728
261	263
261	304
261	308
261	409
261	578
261	718
262	280
262	300
262	704
262	811
262	871
262	984
263	305
263	416
263	467
263	495
263	637
263	731
264	538
264	545
264	624
264	639
264	684
265	276
265	345
265	390
265	556
265	664
265	727
265	796
266	321
266	377
266	779
266	879
266	968
267	332
267	438
267	956
267	960
268	537
268	728
268	915
268	951
269	419
269	596
269	679
269	944
269	976
270	277
270	573
270	798
271	334
271	346
271	628
271	795
271	880
272	273
272	284
272	366
272	390
272	442
273	544
273	615
273	695
273	697
273	704
274	706
274	767
274	919
275	300
275	511
275	871
275	928
276	279
276	407
276	440
276	624
276	699
277	414
277	573
277	858
278	486
278	497
278	537
278	593
278	746
278	918
279	287
279	353
279	400
279	429
280	540
280	601
280	656
280	805
280	848
280	879
281	359
281	849
282	349
282	495
282	704
282	805
282	879
283	320
283	570
283	581
283	600
283	708
283	962
283	1000
284	555
284	679
284	753
284	787
285	444
285	626
285	761
285	833
286	295
286	358
286	493
286	669
286	807
286	947
287	968
288	384
288	487
288	822
288	833
288	883
289	466
289	795
289	826
289	916
289	946
290	382
290	459
290	548
290	706
290	777
291	298
291	383
291	507
292	452
292	957
292	974
292	988
293	323
293	385
293	391
293	843
294	307
294	377
294	436
295	317
295	351
295	663
296	356
296	601
296	605
297	359
297	671
297	859
297	919
298	511
299	585
299	608
299	736
299	950
301	612
301	684
301	963
302	455
302	489
302	763
302	900
303	374
303	800
303	848
304	474
304	522
304	611
304	659
305	499
305	528
306	408
306	527
306	552
306	610
306	806
306	983
307	493
307	521
307	969
308	408
308	435
308	768
308	859
310	336
310	411
310	574
310	625
311	319
311	337
311	943
312	362
312	463
312	669
313	490
313	552
313	968
313	982
314	398
314	500
314	533
314	581
314	620
315	458
315	678
315	759
315	772
315	830
315	911
316	322
316	564
316	588
316	596
317	324
317	584
317	670
318	488
318	754
318	971
319	339
319	361
319	446
319	533
319	806
320	370
320	601
320	846
321	456
321	932
322	328
322	475
322	524
322	720
322	953
323	511
323	660
324	415
324	515
325	534
325	543
325	597
325	792
325	921
326	726
326	763
326	804
326	941
326	998
327	528
328	340
328	397
328	457
328	500
328	518
329	379
329	423
329	431
329	482
329	682
329	835
329	970
330	479
330	858
330	867
330	973
331	491
331	507
331	595
331	772
332	353
332	391
332	633
332	673
332	935
333	357
333	518
333	547
333	713
333	781
333	945
334	556
334	579
336	446
336	945
338	675
338	836
339	715
339	868
339	886
340	700
340	714
341	725
341	837
342	410
342	647
343	756
343	796
344	374
344	388
344	411
344	744
345	453
345	539
345	544
345	555
346	420
346	509
346	655
346	672
347	357
347	358
347	482
347	543
347	569
348	467
348	528
348	714
348	778
348	841
348	946
349	636
350	453
350	676
350	922
351	474
351	902
351	995
353	367
353	529
353	541
353	782
354	470
354	495
354	550
354	806
354	861
354	881
355	391
355	414
355	435
355	977
355	993
356	674
356	714
356	762
356	928
356	983
357	535
357	562
357	667
357	688
358	490
358	740
359	778
359	994
360	755
360	816
360	850
361	470
361	806
361	881
362	670
362	792
362	932
363	423
363	482
363	661
363	999
364	542
364	837
365	397
365	421
365	486
365	677
365	741
365	746
366	388
366	576
366	626
366	657
367	688
367	858
368	480
368	613
368	662
368	775
369	502
369	760
369	962
371	382
371	407
371	545
371	630
371	814
372	437
372	794
372	831
372	899
372	908
372	920
373	416
373	471
373	520
374	435
374	597
375	413
375	703
375	723
375	924
376	377
376	407
376	465
376	584
376	645
376	892
377	456
378	531
378	631
378	809
378	944
379	930
380	421
380	647
380	892
381	797
382	406
382	608
383	885
384	479
384	684
384	685
385	782
385	857
386	419
386	467
386	701
387	552
387	582
387	941
387	963
388	480
388	976
389	437
389	678
389	836
390	557
390	864
391	492
391	690
392	403
392	477
392	559
392	576
393	599
393	625
393	630
393	683
393	789
393	934
393	957
394	790
394	798
395	401
395	539
395	615
395	756
395	976
395	982
396	402
396	657
396	973
397	419
397	534
397	568
397	785
398	540
398	602
398	925
398	988
399	472
399	565
399	838
400	409
400	468
400	774
401	557
401	674
401	865
402	588
402	773
402	809
402	854
403	476
404	484
404	648
404	865
405	621
405	696
405	737
405	754
405	842
406	577
406	594
407	435
407	624
407	671
407	740
408	524
408	540
408	606
408	665
408	890
409	437
410	654
410	793
410	794
411	662
411	693
412	928
413	473
413	566
413	646
414	702
415	477
415	512
415	601
415	621
416	471
416	530
416	742
417	764
417	968
418	509
418	553
418	778
419	506
419	666
420	556
420	605
421	846
422	585
422	829
422	877
423	586
423	713
423	874
423	891
423	901
424	606
424	613
424	655
424	878
424	938
425	453
426	540
426	580
426	621
426	692
427	660
427	741
427	814
427	901
428	434
428	642
429	599
429	912
430	500
430	551
430	672
430	926
431	842
431	970
432	816
433	539
433	558
433	655
434	746
434	795
435	983
436	691
436	916
437	526
437	596
437	897
437	899
438	869
438	977
439	443
439	699
440	615
440	722
441	758
442	520
443	769
443	844
443	936
444	874
444	917
445	723
445	765
445	959
445	981
446	621
446	641
446	707
447	529
447	973
448	700
448	764
448	954
449	518
449	590
449	609
449	802
449	953
451	549
451	811
451	840
451	897
452	591
452	642
453	469
454	498
454	635
454	814
454	961
454	989
455	652
455	674
456	792
457	643
457	907
458	589
458	717
459	487
459	634
459	749
460	497
460	614
461	619
461	730
462	512
462	633
462	745
463	552
463	559
463	649
464	666
465	645
465	899
466	478
466	543
467	807
468	624
468	681
468	734
468	875
469	517
469	533
469	878
470	552
470	644
471	841
471	897
472	816
473	548
473	553
473	703
473	803
475	489
475	539
475	579
475	763
476	683
476	744
476	794
476	907
477	508
477	578
478	729
479	612
479	925
481	640
481	653
481	932
481	940
482	694
483	555
483	672
483	691
483	868
484	490
484	668
484	935
485	732
485	975
485	990
486	495
486	953
488	819
489	520
489	615
490	577
490	591
490	645
491	550
491	597
491	872
491	916
492	955
493	560
493	765
493	847
494	516
494	708
494	878
495	923
496	519
496	736
496	743
497	516
497	544
497	965
498	697
498	733
498	781
499	731
499	841
499	996
500	652
500	683
501	924
502	585
503	822
503	852
504	583
504	598
505	507
505	638
505	967
506	708
506	816
507	638
507	661
508	527
508	870
509	524
509	565
509	662
510	631
510	658
510	661
510	667
510	696
510	755
511	886
512	562
512	809
513	568
514	803
515	669
517	747
517	826
517	919
517	964
518	941
519	574
520	610
520	617
521	546
521	567
521	654
522	566
522	665
523	528
523	922
525	906
526	681
526	699
526	936
527	643
530	613
530	698
530	742
531	570
531	696
531	735
532	786
532	834
532	981
533	744
534	979
535	550
535	879
536	926
537	708
537	825
538	541
538	567
538	777
538	844
538	988
539	834
540	689
541	721
541	790
541	821
542	563
542	637
543	558
543	902
544	697
545	827
545	879
546	566
546	786
547	903
548	766
548	934
549	779
550	780
550	826
550	872
551	640
551	717
551	961
554	594
554	743
555	615
555	648
555	746
556	918
556	967
559	884
560	623
560	676
561	583
562	593
563	710
563	759
564	584
565	598
566	952
567	629
567	904
568	726
568	990
570	785
571	784
571	891
571	923
572	938
573	593
574	632
576	800
576	971
577	670
577	932
579	697
579	929
580	808
580	998
581	603
581	728
581	740
581	845
582	613
583	599
584	930
586	688
586	993
587	630
587	631
587	785
588	771
588	802
588	963
589	981
590	817
591	766
591	824
592	706
592	978
593	645
594	851
594	991
595	806
595	823
595	987
596	638
598	769
598	863
599	721
601	884
602	828
603	651
603	719
604	690
604	913
606	693
606	996
607	653
608	819
608	840
611	813
612	681
613	831
614	746
616	801
616	934
617	652
617	965
617	979
618	812
619	650
619	856
620	719
621	873
622	676
622	711
622	867
623	754
623	807
623	859
624	722
624	908
625	738
625	910
626	687
627	770
628	972
629	639
629	827
629	967
630	757
633	927
635	833
636	667
642	769
643	890
644	862
645	836
646	780
646	902
646	959
648	934
648	939
649	748
649	861
650	724
651	709
651	944
652	795
652	965
653	774
655	710
655	787
655	996
657	695
657	733
658	771
659	757
659	940
660	788
660	884
661	773
661	784
663	689
663	864
664	898
664	986
665	893
666	679
667	735
668	988
669	731
673	920
676	694
677	827
677	931
679	785
679	839
682	729
684	887
685	894
686	907
686	992
687	825
689	862
691	710
692	834
694	711
695	992
697	726
697	787
698	872
699	913
700	885
701	736
707	830
707	913
710	820
713	755
715	853
716	751
718	981
719	749
719	759
720	932
722	943
723	870
724	847
725	744
728	900
729	996
730	833
730	846
730	885
730	975
731	872
732	911
734	936
734	957
736	933
738	875
738	944
740	982
742	775
744	815
748	827
749	800
749	902
750	835
752	987
754	829
760	790
760	829
761	910
762	931
763	918
765	868
766	889
766	916
768	818
772	994
773	854
774	892
776	787
777	856
778	958
780	832
782	939
783	924
789	909
789	920
790	888
794	822
796	976
799	802
809	880
811	919
813	851
815	831
818	864
818	896
819	954
820	913
820	921
823	966
825	992
827	846
828	852
832	959
835	971
836	942
838	984
839	931
840	850
842	871
849	914
852	947
853	971
857	858
857	862
861	967
866	969
869	901
871	910
881	975
883	978
886	993
890	992
898	906
898	970
900	975
905	959
912	943
918	1000
937	956
937	985
949	950
973	999
