1	10
1	12
1	15
1	22
1	29
1	32
1	53
1	60
1	68
1	70
1	90
1	91
1	99
1	102
1	117
1	127
1	129
1	136
1	145
1	151
1	169
1	201
1	209
1	217
1	268
1	294
1	322
1	331
1	334
1	337
1	348
1	350
1	360
1	402
1	434
1	458
1	475
1	506
1	522
1	544
1	616
1	626
1	657
1	671
1	681
1	689
1	761
1	835
1	864
1	920
2	5
2	9
2	15
2	22
2	25
2	28
2	34
2	41
2	45
2	51
2	55
2	59
2	63
2	70
2	87
2	104
2	107
2	112
2	121
2	142
2	182
2	185
2	208
2	228
2	235
2	238
2	243
2	251
2	314
2	330
2	342
2	352
2	366
2	501
2	513
2	588
2	627
2	717
2	722
2	733
2	734
2	758
2	796
2	828
2	870
2	882
2	909
2	944
3	6
3	9
3	10
3	20
3	29
3	38
3	50
3	61
3	68
3	74
3	75
3	95
3	98
3	105
3	110
3	111
3	116
3	128
3	155
3	160
3	222
3	251
3	267
3	295
3	327
3	379
3	404
3	416
3	420
3	433
3	435
3	453
3	504
3	531
3	535
3	546
3	549
3	589
3	602
3	785
3	812
3	881
3	899
3	956
3	958
3	962
3	983
4	14
4	23
4	26
4	28
4	34
4	35
4	37
4	62
4	72
4	76
4	79
4	82
4	92
4	99
4	111
4	120
4	123
4	148
4	150
4	153
4	156
4	210
4	237
4	256
4	257
4	261
4	297
4	307
4	312
4	377
4	400
4	418
4	422
4	488
4	528
4	546
4	565
4	574
4	673
4	736
4	766
4	769
4	921
4	931
4	953
4	969
5	6
5	18
5	19
5	20
5	27
5	41
5	45
5	46
5	51
5	67
5	74
5	82
5	87
5	101
5	112
5	119
5	121
5	160
5	182
5	189
5	228
5	243
5	264
5	280
5	281
5	296
5	338
5	366
5	456
5	497
5	501
5	554
5	570
5	572
5	583
5	620
5	736
5	763
5	764
5	796
5	801
5	946
5	954
5	980
6	24
6	26
6	37
6	47
6	48
6	61
6	64
6	98
6	105
6	106
6	115
6	116
6	117
6	118
6	135
6	160
6	169
6	171
6	222
6	243
6	277
6	287
6	327
6	344
6	415
6	438
6	485
6	551
6	564
6	590
6	599
6	601
6	605
6	628
6	755
6	769
6	779
6	781
6	840
6	885
6	893
6	912
6	993
7	8
7	18
7	67
7	91
7	97
7	114
7	117
7	118
7	124
7	128
7	137
7	154
7	168
7	188
7	190
7	248
7	249
7	259
7	260
7	291
7	309
7	318
7	345
7	359
7	362
7	372
7	381
7	420
7	426
7	435
7	450
7	468
7	502
7	517
7	544
7	552
7	569
7	636
7	639
7	712
7	739
7	814
7	829
7	846
7	949
8	14
8	17
8	18
8	45
8	46
8	62
8	73
8	96
8	103
8	120
8	128
8	146
8	154
8	164
8	180
8	196
8	224
8	255
8	260
8	274
8	301
8	306
8	313
8	314
8	327
8	329
8	340
8	350
8	371
8	390
8	391
8	446
8	460
8	465
8	517
8	538
8	633
8	739
8	825
8	856
8	880
8	890
8	974
9	13
9	25
9	26
9	60
9	70
9	81
9	88
9	92
9	104
9	130
9	136
9	179
9	198
9	200
9	210
9	227
9	246
9	256
9	273
9	282
9	316
9	318
9	319
9	332
9	365
9	382
9	385
9	400
9	409
9	440
9	474
9	476
9	560
9	570
9	753
9	794
9	876
9	907
9	937
9	964
9	974
10	16
10	21
10	52
10	53
10	54
10	56
10	60
10	67
10	69
10	90
10	102
10	104
10	115
10	122
10	132
10	150
10	152
10	166
10	188
10	195
10	239
10	242
10	272
10	305
10	333
10	344
10	348
10	383
10	435
10	472
10	483
10	510
10	578
10	682
10	716
10	723
10	745
10	831
10	836
10	853
11	17
11	20
11	21
11	22
11	32
11	34
11	42
11	57
11	68
11	76
11	80
11	114
11	117
11	140
11	153
11	159
11	171
11	185
11	188
11	231
11	235
11	246
11	266
11	274
11	338
11	354
11	398
11	408
11	466
11	507
11	575
11	648
11	659
11	806
11	852
11	909
11	912
11	919
11	935
11	978
11	996
12	16
12	23
12	33
12	36
12	46
12	50
12	60
12	82
12	97
12	108
12	114
12	136
12	137
12	180
12	202
12	241
12	267
12	289
12	311
12	363
12	364
12	388
12	395
12	412
12	445
12	498
12	519
12	568
12	669
12	672
12	679
12	743
12	763
12	806
12	828
12	923
12	928
12	953
12	1000
13	25
13	27
13	37
13	43
13	64
13	65
13	93
13	98
13	102
13	160
13	190
13	193
13	223
13	250
13	281
13	300
13	333
13	346
13	365
13	389
13	401
13	408
13	425
13	452
13	462
13	472
13	488
13	494
13	637
13	650
13	684
13	686
13	754
13	773
13	787
13	825
13	885
13	899
13	987
14	24
14	28
14	35
14	46
14	49
14	67
14	81
14	109
14	120
14	136
14	149
14	157
14	158
14	162
14	173
14	174
14	212
14	214
14	270
14	279
14	333
14	363
14	367
14	390
14	422
14	429
14	498
14	516
14	517
14	527
14	707
14	712
14	738
14	750
14	823
14	833
14	843
14	862
15	29
15	38
15	47
15	56
15	61
15	68
15	86
15	89
15	96
15	121
15	140
15	201
15	230
15	262
15	263
15	268
15	271
15	294
15	298
15	317
15	386
15	406
15	415
15	419
15	421
15	466
15	504
15	541
15	548
15	568
15	655
15	689
15	719
15	793
15	815
15	875
15	895
15	963
16	21
16	28
16	31
16	39
16	42
16	52
16	54
16	68
16	69
16	70
16	79
16	86
16	165
16	167
16	184
16	194
16	239
16	252
16	268
16	272
16	285
16	291
16	298
16	304
16	305
16	365
16	419
16	458
16	472
16	483
16	540
16	703
16	768
16	771
16	836
16	915
16	974
17	18
17	23
17	24
17	27
17	44
17	56
17	58
17	63
17	75
17	98
17	130
17	172
17	179
17	206
17	331
17	342
17	351
17	358
17	359
17	393
17	396
17	469
17	488
17	535
17	625
17	652
17	683
17	715
17	717
17	727
17	741
17	755
17	827
17	884
17	889
17	996
17	1000
18	21
18	71
18	75
18	85
18	118
18	124
18	128
18	164
18	166
18	198
18	221
18	290
18	300
18	308
18	332
18	383
18	390
18	391
18	427
18	479
18	525
18	538
18	545
18	582
18	614
18	683
18	718
18	794
18	807
18	819
18	834
18	859
18	916
18	985
19	23
19	25
19	30
19	33
19	36
19	44
19	75
19	124
19	127
19	133
19	165
19	170
19	199
19	241
19	242
19	245
19	252
19	289
19	291
19	319
19	335
19	374
19	415
19	420
19	457
19	471
19	527
19	547
19	558
19	589
19	633
19	650
19	681
19	694
19	706
19	801
19	847
20	22
20	26
20	45
20	53
20	67
20	76
20	85
20	90
20	93
20	117
20	123
20	149
20	183
20	230
20	270
20	323
20	428
20	477
20	487
20	493
20	504
20	540
20	601
20	604
20	639
20	661
20	682
20	694
20	751
20	781
20	935
20	951
20	961
20	972
20	991
21	23
21	24
21	26
21	42
21	52
21	54
21	60
21	69
21	91
21	94
21	98
21	104
21	123
21	125
21	133
21	152
21	153
21	157
21	275
21	276
21	286
21	305
21	383
21	536
21	600
21	602
21	662
21	666
21	679
21	706
21	780
21	877
21	914
21	919
22	23
22	55
22	59
22	68
22	69
22	70
22	71
22	75
22	88
22	90
22	117
22	143
22	158
22	163
22	229
22	252
22	281
22	314
22	414
22	439
22	507
22	541
22	543
22	580
22	655
22	784
22	855
22	863
22	900
22	957
22	961
22	965
22	973
22	997
23	27
23	36
23	52
23	56
23	63
23	75
23	87
23	92
23	94
23	100
23	109
23	129
23	134
23	136
23	204
23	218
23	247
23	270
23	284
23	289
23	352
23	364
23	417
23	426
23	454
23	529
23	727
23	752
23	757
23	801
23	805
23	920
24	25
24	37
24	48
24	50
24	66
24	75
24	87
24	97
24	106
24	126
24	169
24	171
24	254
24	265
24	283
24	305
24	307
24	311
24	325
24	336
24	347
24	423
24	470
24	527
24	542
24	556
24	631
24	671
24	785
24	837
24	905
24	967
24	975
25	33
25	37
25	39
25	78
25	83
25	96
25	106
25	109
25	111
25	139
25	147
25	223
25	229
25	237
25	240
25	326
25	346
25	379
25	462
25	472
25	521
25	539
25	570
25	593
25	627
25	665
25	704
25	739
25	783
25	809
25	892
25	978
26	31
26	34
26	35
26	57
26	61
26	62
26	72
26	83
26	91
26	97
26	99
26	106
26	124
26	156
26	161
26	173
26	205
26	219
26	288
26	292
26	293
26	335
26	340
26	481
26	528
26	560
26	571
26	609
26	618
26	684
26	894
26	988
27	37
27	44
27	48
27	58
27	64
27	75
27	114
27	121
27	127
27	137
27	158
27	165
27	188
27	192
27	209
27	219
27	284
27	343
27	423
27	445
27	461
27	478
27	491
27	528
27	588
27	652
27	664
27	764
27	789
27	877
27	880
27	952
27	985
28	32
28	33
28	55
28	112
28	141
28	157
28	170
28	174
28	203
28	208
28	211
28	229
28	250
28	262
28	321
28	328
28	351
28	355
28	362
28	404
28	427
28	539
28	563
28	572
28	587
28	702
28	748
28	830
28	878
28	929
28	935
28	969
28	991
29	34
29	40
29	57
29	59
29	69
29	81
29	91
29	108
29	151
29	182
29	197
29	215
29	217
29	265
29	282
29	288
29	298
29	415
29	418
29	421
29	499
29	541
29	552
29	629
29	662
29	698
29	699
29	736
29	826
29	839
29	899
29	954
29	960
30	38
30	42
30	44
30	55
30	56
30	87
30	121
30	129
30	164
30	195
30	249
30	260
30	261
30	284
30	299
30	301
30	336
30	348
30	358
30	369
30	393
30	437
30	454
30	461
30	503
30	527
30	533
30	570
30	621
30	626
30	641
30	720
30	745
30	798
30	972
31	32
31	39
31	42
31	54
31	60
31	65
31	77
31	98
31	132
31	152
31	185
31	191
31	194
31	204
31	228
31	239
31	255
31	271
31	302
31	346
31	378
31	389
31	419
31	439
31	483
31	561
31	627
31	703
31	745
31	791
31	831
31	848
31	881
31	899
32	35
32	41
32	43
32	45
32	84
32	85
32	94
32	141
32	190
32	191
32	208
32	212
32	240
32	293
32	303
32	309
32	328
32	355
32	505
32	506
32	619
32	631
32	663
32	702
32	735
32	760
32	842
32	858
32	861
32	947
32	952
32	975
33	53
33	56
33	75
33	77
33	86
33	94
33	121
33	133
33	154
33	163
33	234
33	249
33	258
33	278
33	351
33	378
33	411
33	432
33	451
33	519
33	524
33	553
33	577
33	597
33	621
33	720
33	725
33	779
33	902
33	940
33	992
34	35
34	56
34	62
34	65
34	72
34	79
34	92
34	99
34	109
34	123
34	173
34	175
34	205
34	219
34	257
34	353
34	418
34	422
34	467
34	470
34	550
34	660
34	753
34	762
34	776
34	803
34	804
34	904
34	956
35	58
35	62
35	64
35	93
35	189
35	234
35	235
35	253
35	256
35	292
35	316
35	329
35	334
35	335
35	401
35	422
35	442
35	448
35	481
35	510
35	537
35	550
35	571
35	749
35	931
35	946
35	966
35	990
36	44
36	66
36	75
36	77
36	121
36	124
36	127
36	179
36	277
36	348
36	378
36	388
36	393
36	404
36	407
36	413
36	489
36	512
36	585
36	672
36	730
36	776
36	803
36	822
36	879
36	887
36	926
36	938
37	39
37	48
37	61
37	65
37	116
37	122
37	156
37	160
37	169
37	250
37	295
37	302
37	305
37	358
37	420
37	426
37	508
37	538
37	607
37	670
37	785
37	818
37	876
37	932
37	981
38	44
38	68
38	77
38	94
38	96
38	102
38	103
38	121
38	124
38	139
38	168
38	178
38	207
38	277
38	284
38	289
38	313
38	329
38	351
38	445
38	513
38	529
38	590
38	645
38	850
38	918
38	995
39	73
39	80
39	108
39	115
39	148
39	177
39	178
39	184
39	221
39	244
39	293
39	324
39	382
39	405
39	473
39	484
39	516
39	573
39	590
39	612
39	623
39	655
39	806
39	872
39	883
39	976
40	47
40	59
40	68
40	87
40	119
40	125
40	144
40	156
40	212
40	218
40	227
40	230
40	270
40	294
40	298
40	350
40	360
40	402
40	499
40	626
40	669
40	750
40	794
40	796
40	865
40	867
40	885
40	890
40	937
41	63
41	86
41	96
41	115
41	119
41	138
41	152
41	215
41	220
41	226
41	258
41	264
41	281
41	320
41	347
41	359
41	375
41	398
41	470
41	572
41	665
41	795
41	821
41	901
41	932
41	980
42	52
42	87
42	92
42	93
42	94
42	116
42	204
42	208
42	212
42	219
42	239
42	243
42	276
42	287
42	397
42	449
42	536
42	566
42	600
42	772
42	848
42	878
42	919
42	984
43	62
43	65
43	78
43	83
43	91
43	98
43	116
43	129
43	137
43	139
43	193
43	201
43	244
43	253
43	262
43	272
43	280
43	347
43	399
43	437
43	515
43	675
43	728
43	744
43	872
43	951
43	982
44	53
44	58
44	122
44	126
44	146
44	165
44	195
44	232
44	371
44	408
44	441
44	488
44	504
44	593
44	599
44	607
44	635
44	647
44	759
44	766
44	831
44	984
44	995
45	49
45	63
45	86
45	113
45	119
45	131
45	138
45	183
45	194
45	197
45	215
45	225
45	228
45	251
45	325
45	442
45	473
45	484
45	537
45	679
45	701
45	740
45	774
45	994
46	58
46	61
46	68
46	81
46	96
46	97
46	111
46	148
46	177
46	182
46	259
46	269
46	297
46	363
46	444
46	476
46	479
46	545
46	592
46	652
46	675
46	750
46	759
46	805
46	807
47	53
47	59
47	68
47	71
47	81
47	95
47	114
47	121
47	192
47	197
47	291
47	298
47	328
47	337
47	348
47	370
47	385
47	469
47	630
47	636
47	638
47	749
47	800
47	804
47	993
48	54
48	89
48	106
48	115
48	145
48	223
48	232
48	347
48	355
48	376
48	417
48	423
48	425
48	454
48	484
48	508
48	516
48	559
48	610
48	642
48	680
48	793
48	958
48	970
49	66
49	74
49	89
49	95
49	105
49	107
49	125
49	150
49	238
49	243
49	255
49	277
49	309
49	370
49	386
49	425
49	492
49	530
49	669
49	744
49	770
49	802
49	846
49	943
49	949
50	53
50	61
50	64
50	106
50	142
50	149
50	174
50	175
50	186
50	231
50	266
50	326
50	327
50	416
50	512
50	538
50	561
50	566
50	594
50	671
50	869
50	878
50	898
50	918
51	69
51	93
51	104
51	133
51	142
51	154
51	157
51	177
51	191
51	222
51	228
51	375
51	405
51	417
51	473
51	503
51	514
51	598
51	601
51	660
51	699
51	721
51	845
51	854
51	861
52	60
52	63
52	123
52	132
52	157
52	199
52	239
52	271
52	397
52	450
52	468
52	510
52	515
52	523
52	643
52	682
52	786
52	813
52	896
52	915
52	970
52	973
53	68
53	104
53	169
53	199
53	201
53	213
53	217
53	278
53	307
53	360
53	402
53	433
53	509
53	535
53	638
53	673
53	694
53	863
53	866
53	917
54	59
54	60
54	92
54	99
54	199
54	219
54	285
54	339
54	398
54	444
54	448
54	644
54	660
54	701
54	723
54	760
54	775
54	787
54	811
54	870
54	874
55	65
55	71
55	76
55	95
55	106
55	114
55	127
55	183
55	189
55	224
55	247
55	314
55	320
55	401
55	443
55	493
55	511
55	542
55	696
55	791
55	847
55	855
56	58
56	67
56	100
56	128
56	179
56	187
56	294
56	297
56	430
56	488
56	558
56	572
56	608
56	647
56	679
56	680
56	779
56	873
56	933
57	71
57	107
57	159
57	173
57	189
57	239
57	267
57	274
57	314
57	321
57	325
57	348
57	349
57	477
57	507
57	515
57	518
57	540
57	577
57	608
57	713
57	778
57	796
58	75
58	100
58	111
58	117
58	126
58	133
58	182
58	277
58	343
58	373
58	398
58	432
58	451
58	599
58	653
58	661
58	759
58	869
58	889
58	964
59	85
59	101
59	127
59	130
59	158
59	185
59	214
59	272
59	310
59	446
59	466
59	545
59	630
59	637
59	714
59	818
59	838
59	908
59	929
60	69
60	82
60	101
60	141
60	179
60	272
60	276
60	368
60	369
60	373
60	378
60	383
60	536
60	600
60	678
60	840
60	946
61	103
61	106
61	135
61	160
61	193
61	287
61	323
61	377
61	425
61	442
61	523
61	631
61	634
61	642
61	657
61	842
61	939
61	992
62	70
62	95
62	109
62	118
62	123
62	244
62	288
62	321
62	323
62	364
62	377
62	383
62	395
62	467
62	565
62	609
62	649
62	705
62	742
63	74
63	95
63	107
63	140
63	228
63	254
63	321
63	392
63	396
63	468
63	473
63	492
63	523
63	554
63	607
63	804
63	811
63	831
63	930
64	74
64	83
64	138
64	159
64	193
64	205
64	269
64	295
64	401
64	417
64	430
64	468
64	532
64	554
64	643
64	681
64	712
64	732
64	820
64	990
65	78
65	102
65	103
65	143
65	146
65	148
65	186
65	287
65	291
65	338
65	353
65	432
65	467
65	494
65	539
65	710
65	728
65	773
65	976
66	73
66	79
66	108
66	213
66	214
66	260
66	273
66	382
66	392
66	405
66	432
66	498
66	557
66	582
66	585
66	603
66	653
66	678
66	852
66	872
66	886
67	88
67	114
67	188
67	195
67	200
67	231
67	274
67	306
67	320
67	327
67	351
67	398
67	469
67	610
67	611
67	849
67	966
67	997
68	96
68	98
68	197
68	334
68	390
68	446
68	465
68	467
68	555
68	630
68	674
68	795
69	80
69	90
69	107
69	167
69	276
69	308
69	356
69	395
69	407
69	448
69	483
69	508
69	561
69	602
69	666
69	723
70	82
70	144
70	199
70	217
70	224
70	272
70	294
70	328
70	334
70	483
70	595
70	694
70	697
70	815
70	838
70	920
70	956
71	81
71	88
71	97
71	135
71	183
71	184
71	216
71	241
71	243
71	268
71	306
71	493
71	518
71	603
71	811
71	835
71	837
71	919
72	83
72	99
72	111
72	123
72	151
72	153
72	159
72	179
72	215
72	253
72	256
72	288
72	355
72	406
72	624
72	706
72	743
72	782
72	949
72	959
73	82
73	83
73	90
73	102
73	103
73	108
73	123
73	136
73	246
73	396
73	476
73	525
73	540
73	569
73	684
73	693
73	700
73	759
73	770
74	89
74	104
74	108
74	109
74	119
74	155
74	157
74	206
74	220
74	289
74	342
74	349
74	375
74	439
74	530
74	710
74	726
75	77
75	133
75	150
75	275
75	299
75	414
75	517
75	594
75	628
75	795
75	888
76	78
76	84
76	96
76	117
76	170
76	184
76	189
76	224
76	240
76	317
76	365
76	416
76	492
76	550
76	604
76	905
76	910
76	990
77	100
77	158
77	189
77	197
77	264
77	278
77	304
77	313
77	381
77	446
77	709
77	789
77	816
77	830
77	930
77	980
78	194
78	202
78	221
78	237
78	277
78	322
78	333
78	337
78	338
78	386
78	462
78	504
78	637
78	664
78	765
78	981
78	998
79	92
79	99
79	144
79	161
79	242
79	257
79	316
79	321
79	360
79	514
79	565
79	626
79	667
79	768
79	844
79	919
79	965
80	114
80	215
80	224
80	300
80	380
80	413
80	448
80	478
80	540
80	580
80	604
80	661
80	689
80	857
80	890
80	927
80	959
80	986
81	113
81	137
81	147
81	178
81	188
81	227
81	455
81	512
81	559
81	590
81	643
81	731
81	791
81	841
81	923
82	83
82	105
82	113
82	136
82	168
82	172
82	177
82	213
82	233
82	243
82	345
82	487
82	659
82	696
82	925
83	202
83	233
83	283
83	331
83	333
83	342
83	346
83	370
83	648
83	788
83	875
83	979
83	991
83	1000
84	85
84	90
84	111
84	117
84	175
84	231
84	285
84	330
84	340
84	358
84	373
84	413
84	443
84	449
84	507
84	519
84	541
84	748
84	799
85	120
85	196
85	231
85	311
85	334
85	345
85	357
85	359
85	465
85	633
85	666
85	709
85	766
85	829
85	912
85	984
86	87
86	112
86	134
86	237
86	251
86	313
86	458
86	500
86	514
86	550
86	657
86	764
86	868
86	920
86	979
86	994
87	112
87	119
87	149
87	170
87	180
87	225
87	231
87	268
87	486
87	614
87	742
87	808
88	115
88	143
88	161
88	180
88	187
88	237
88	249
88	274
88	278
88	357
88	507
88	549
88	590
88	699
88	716
88	849
89	104
89	107
89	112
89	131
89	132
89	166
89	180
89	263
89	279
89	281
89	316
89	324
89	380
89	543
89	775
89	970
90	176
90	189
90	231
90	252
90	354
90	422
90	428
90	436
90	535
90	543
90	547
90	666
90	773
91	98
91	176
91	323
91	372
91	548
91	629
91	647
91	685
91	702
91	714
91	730
91	800
91	917
91	937
92	123
92	135
92	153
92	237
92	377
92	518
92	534
92	624
92	651
92	673
92	762
92	939
92	988
93	124
93	269
93	297
93	326
93	407
93	444
93	579
93	668
93	675
93	683
93	746
93	809
93	900
93	960
94	127
94	132
94	133
94	135
94	280
94	303
94	426
94	501
94	532
94	559
94	621
94	779
94	917
95	110
95	324
95	343
95	344
95	445
95	453
95	511
95	599
95	668
95	778
95	830
95	939
95	958
96	130
96	151
96	178
96	369
96	396
96	415
96	541
96	632
96	834
96	956
96	963
97	113
97	139
97	227
97	244
97	259
97	273
97	409
97	422
97	457
97	520
97	544
97	592
97	747
98	109
98	110
98	181
98	223
98	341
98	388
98	389
98	503
98	724
98	744
99	151
99	161
99	332
99	368
99	481
99	498
99	513
99	534
99	565
99	769
99	819
99	878
100	125
100	205
100	337
100	482
100	491
100	497
100	519
100	575
100	597
100	611
100	823
100	851
100	874
100	884
101	119
101	154
101	181
101	194
101	213
101	225
101	245
101	254
101	264
101	386
101	463
101	501
101	609
101	687
101	699
102	103
102	180
102	181
102	200
102	216
102	260
102	292
102	378
102	406
102	430
102	598
102	809
103	271
103	318
103	322
103	345
103	380
103	502
103	522
103	526
103	622
103	748
103	798
103	892
104	132
104	215
104	408
104	503
104	521
104	654
104	658
104	726
104	881
104	998
105	125
105	140
105	209
105	218
105	234
105	319
105	345
105	407
105	446
105	449
105	508
105	670
105	879
105	983
106	141
106	222
106	240
106	246
106	283
106	395
106	463
106	599
106	640
106	872
107	138
107	143
107	215
107	248
107	370
107	503
107	657
107	898
107	901
107	924
107	979
107	982
108	161
108	172
108	332
108	436
108	437
108	447
108	512
108	673
108	738
108	780
108	821
108	953
109	181
109	307
109	401
109	469
109	522
109	579
109	615
109	717
109	809
109	816
110	115
110	122
110	149
110	168
110	317
110	336
110	511
110	631
110	637
110	675
110	703
110	711
110	815
110	892
111	145
111	166
111	192
111	266
111	279
111	356
111	361
111	525
111	526
111	584
112	131
112	176
112	263
112	362
112	405
112	431
112	516
112	666
112	756
112	852
112	917
113	145
113	157
113	177
113	196
113	220
113	253
113	278
113	287
113	332
113	474
113	591
113	828
113	873
114	173
114	207
114	224
114	356
114	435
114	688
114	719
114	774
114	951
115	269
115	307
115	511
115	642
115	709
115	805
115	845
115	895
115	940
115	956
116	202
116	235
116	267
116	335
116	420
116	453
116	577
116	625
116	870
116	906
116	943
116	993
117	173
117	236
117	359
117	394
117	495
117	509
117	813
117	902
118	147
118	185
118	218
118	294
118	339
118	354
118	371
118	390
118	396
118	450
118	907
118	940
119	136
119	193
119	255
119	263
119	265
119	339
119	456
119	921
119	969
120	162
120	340
120	490
120	500
120	506
120	554
120	612
120	766
120	880
120	904
120	913
120	933
121	132
121	158
121	170
121	195
121	410
121	531
121	645
122	135
122	155
122	168
122	250
122	283
122	385
122	456
122	487
122	509
122	577
122	702
122	868
123	156
123	161
123	253
123	292
123	335
123	786
123	958
124	164
124	204
124	206
124	242
124	503
124	526
124	807
124	886
125	160
125	169
125	171
125	360
125	386
125	402
125	435
125	900
125	912
125	961
126	179
126	237
126	270
126	282
126	373
126	374
126	452
126	490
126	530
126	589
126	620
126	873
127	134
127	519
127	589
127	634
127	811
127	841
127	907
127	942
128	132
128	238
128	251
128	368
128	517
128	531
128	538
128	814
128	945
128	957
129	136
129	203
129	241
129	255
129	412
129	438
129	591
129	700
129	812
129	814
129	823
130	144
130	178
130	209
130	310
130	334
130	529
130	698
130	714
130	863
130	866
130	963
131	138
131	150
131	153
131	180
131	235
131	303
131	370
131	604
131	817
131	825
131	849
131	972
132	176
132	227
132	352
132	656
132	691
132	701
132	896
133	140
133	196
133	286
133	710
133	720
133	862
133	933
133	947
134	177
134	187
134	218
134	256
134	273
134	289
134	301
134	384
134	388
134	475
134	788
134	999
135	159
135	164
135	168
135	311
135	347
135	418
135	470
135	499
135	884
136	151
136	290
136	567
136	624
136	692
136	860
137	157
137	182
137	227
137	239
137	331
137	458
137	593
137	623
137	652
137	830
138	244
138	316
138	373
138	607
138	614
138	758
138	808
138	866
138	875
138	978
139	181
139	202
139	216
139	229
139	426
139	441
139	511
139	526
139	561
139	642
139	765
140	186
140	228
140	289
140	295
140	435
140	556
140	610
140	683
140	843
141	164
141	211
141	242
141	296
141	412
141	450
141	495
141	580
141	856
141	911
142	226
142	284
142	300
142	327
142	480
142	502
142	539
142	637
142	754
142	860
142	879
143	144
143	173
143	231
143	246
143	270
143	280
143	321
143	376
143	425
143	542
144	181
144	211
144	248
144	331
144	333
144	439
144	475
144	865
144	981
145	157
145	166
145	248
145	315
145	367
145	411
145	487
145	722
145	724
145	998
146	166
146	295
146	297
146	462
146	483
146	524
146	716
146	744
146	819
146	950
146	967
147	162
147	226
147	236
147	333
147	358
147	380
147	406
147	551
147	891
147	958
147	965
148	174
148	193
148	378
148	428
148	509
148	559
148	563
148	582
148	598
148	990
149	155
149	171
149	199
149	233
149	319
149	339
149	363
149	531
149	711
150	184
150	220
150	310
150	349
150	370
150	405
150	485
150	708
150	955
151	206
151	209
151	271
151	350
151	662
151	740
151	786
151	876
152	167
152	170
152	199
152	247
152	378
152	401
152	470
152	703
152	711
152	926
153	321
153	467
153	491
153	534
153	550
153	612
153	903
153	996
154	191
154	263
154	296
154	343
154	373
154	394
154	526
154	766
154	832
155	250
155	307
155	311
155	346
155	377
155	384
155	691
155	713
155	942
155	951
156	178
156	272
156	305
156	371
156	458
156	564
156	834
156	986
157	200
157	205
157	324
157	786
158	211
158	417
158	452
158	837
158	923
158	930
158	945
159	186
159	277
159	283
159	322
159	364
159	369
159	430
159	718
160	266
160	349
160	389
160	486
160	529
160	922
161	307
161	454
161	537
161	642
161	658
161	704
161	803
162	166
162	198
162	199
162	217
162	221
162	288
162	318
162	576
162	624
162	916
163	229
163	262
163	306
163	339
163	505
163	536
163	634
163	644
163	751
163	864
163	914
164	205
164	318
164	351
164	462
164	562
164	605
164	633
165	220
165	221
165	251
165	331
165	540
165	597
165	645
165	827
165	945
166	191
166	258
166	464
166	753
166	844
166	851
167	204
167	225
167	262
167	361
167	561
167	706
167	829
167	838
167	897
167	994
168	276
168	365
168	368
168	423
168	698
168	703
168	845
169	192
169	435
169	439
169	460
169	465
169	527
169	839
170	192
170	207
170	251
170	387
170	559
170	805
170	961
171	431
171	434
171	529
171	536
171	579
171	610
171	628
171	655
172	180
172	330
172	343
172	494
172	568
172	647
172	678
172	685
172	812
172	963
173	419
173	477
173	659
173	859
173	948
173	951
174	239
174	282
174	443
174	447
174	484
174	634
174	853
174	902
174	938
175	188
175	265
175	274
175	465
175	506
175	535
175	601
175	641
175	741
175	771
176	248
176	253
176	386
176	565
176	687
176	736
176	769
176	947
177	206
177	213
177	290
177	384
177	534
177	895
178	360
178	574
178	639
178	756
178	802
178	815
179	187
179	194
179	238
179	478
179	578
180	220
180	227
180	281
180	372
181	188
181	254
181	269
181	438
181	469
181	682
182	438
182	526
182	555
182	833
182	837
182	862
183	236
183	330
183	354
183	413
183	517
183	635
183	688
183	803
184	317
184	353
184	363
184	688
184	768
184	809
184	855
185	203
185	213
185	229
185	232
185	240
185	291
185	667
186	266
186	284
186	379
186	441
186	520
186	906
186	962
186	993
187	270
187	275
187	296
187	462
187	504
187	563
187	593
187	611
188	314
188	549
188	621
188	799
189	327
189	366
189	443
189	576
189	773
190	273
190	291
190	362
190	395
190	414
190	515
190	611
190	739
190	913
191	375
191	427
191	619
191	644
191	760
191	891
191	944
192	207
192	234
192	246
192	425
192	461
192	708
192	927
193	223
193	264
193	511
193	726
193	740
193	782
194	235
194	258
194	566
194	656
194	890
194	946
195	203
195	237
195	245
195	289
195	484
195	509
195	647
196	260
196	308
196	318
196	411
196	452
196	510
196	636
196	658
197	209
197	310
197	408
197	424
197	730
197	765
197	808
198	212
198	227
198	241
198	258
198	315
198	477
198	784
198	789
198	817
199	416
199	419
199	682
199	885
200	214
200	261
200	262
200	264
200	361
200	455
200	593
200	817
201	209
201	223
201	234
201	446
201	487
201	548
201	758
201	788
202	410
202	436
202	510
202	516
202	604
202	674
202	788
203	255
203	298
203	495
203	567
203	600
203	617
203	968
203	970
204	313
204	510
204	520
204	603
204	643
204	738
204	975
205	312
205	316
205	410
205	537
205	742
205	763
206	362
206	391
206	500
206	592
206	698
206	867
207	218
207	286
207	461
207	591
207	685
207	797
207	836
208	242
208	328
208	339
208	453
208	499
208	638
208	827
209	493
209	541
209	737
209	877
210	217
210	221
210	232
210	282
210	293
210	381
210	412
210	418
210	732
211	285
211	337
211	480
211	539
211	642
211	792
211	859
212	259
212	324
212	557
212	626
212	808
212	845
213	221
213	304
213	365
213	754
213	759
214	267
214	408
214	672
214	790
214	791
214	945
214	986
215	221
215	258
215	889
215	949
216	217
216	358
216	409
216	444
216	480
216	524
216	646
216	825
217	259
217	280
217	440
217	906
218	234
218	259
218	492
218	767
218	841
219	454
219	513
219	534
219	574
219	756
219	797
220	345
220	556
220	581
220	725
220	844
221	429
221	622
221	808
222	326
222	369
222	463
222	560
222	718
222	872
222	977
223	279
223	403
223	479
223	680
223	834
224	311
224	344
224	346
224	385
224	741
225	553
225	752
225	807
225	820
225	832
225	871
225	883
226	303
226	326
226	379
226	659
226	673
226	861
226	942
226	965
227	398
227	452
227	666
228	263
228	475
228	735
228	853
229	312
229	324
229	404
229	654
229	708
230	357
230	460
230	575
230	595
230	692
230	733
230	822
230	955
231	359
231	397
231	925
232	249
232	336
232	505
232	680
232	712
232	927
232	970
233	270
233	349
233	430
233	704
233	724
233	765
233	925
233	976
234	571
234	594
234	641
234	728
234	937
235	258
235	274
235	308
235	370
235	405
236	435
236	489
236	500
236	512
236	557
236	826
236	852
236	854
237	406
237	417
237	651
238	278
238	284
238	482
238	608
238	676
238	776
238	836
239	281
239	437
239	892
240	243
240	249
240	534
240	578
240	737
240	916
241	541
241	582
241	722
241	734
241	932
241	936
242	520
242	607
242	654
242	705
242	914
243	492
243	607
243	833
244	247
244	293
244	306
244	549
244	641
244	936
245	424
245	618
245	664
245	709
245	757
245	883
245	911
246	464
246	632
246	674
246	824
247	259
247	267
247	322
247	334
247	596
247	649
248	250
248	310
248	348
248	421
248	725
249	309
249	381
249	847
249	968
250	361
250	382
250	646
250	922
251	255
251	583
251	863
252	330
252	533
252	762
252	771
252	772
252	902
253	312
253	598
253	625
253	979
254	339
254	480
254	486
254	654
254	851
254	950
255	496
255	564
255	977
256	275
256	301
256	681
256	782
256	936
257	265
257	282
257	347
257	609
257	622
257	661
257	775
258	482
258	514
258	871
259	440
259	579
259	591
260	299
260	318
260	368
260	582
261	432
261	437
261	617
261	874
261	893
261	936
261	948
262	399
262	409
262	485
262	495
263	342
263	501
263	543
263	676
264	352
264	476
264	740
264	867
265	359
265	459
265	500
265	685
265	777
266	453
266	532
266	549
266	640
266	980
267	283
267	287
267	483
267	639
268	375
268	536
268	563
268	583
268	615
269	276
269	566
269	746
269	761
269	959
270	491
270	664
271	475
271	584
271	662
271	695
271	865
272	340
272	391
272	775
273	399
273	447
273	806
273	832
273	911
274	288
274	732
274	954
275	404
275	451
275	596
275	645
275	705
275	889
276	366
276	554
276	614
276	944
277	384
277	597
277	731
278	454
278	822
278	881
278	887
279	322
279	392
279	412
279	613
279	794
279	929
280	284
280	301
280	343
280	478
280	649
281	479
281	533
281	627
282	290
282	332
282	747
282	851
283	352
283	484
283	633
283	735
284	357
284	672
285	493
285	583
285	700
285	703
285	764
285	877
286	477
286	491
286	519
286	731
286	813
286	921
286	924
287	524
287	537
287	778
287	899
288	742
288	822
288	844
288	954
289	481
290	423
290	457
290	593
290	647
290	964
291	340
291	832
292	337
292	466
292	525
292	651
292	819
293	603
293	613
293	670
293	686
294	784
294	969
294	976
295	459
295	470
295	670
295	695
296	668
296	699
296	752
296	820
296	856
297	431
297	492
297	551
297	616
298	313
298	522
298	555
299	328
299	392
299	558
299	606
299	646
299	767
300	313
300	354
300	368
300	396
300	701
301	560
301	823
301	977
301	995
302	376
302	522
302	557
302	592
302	678
302	981
302	987
303	320
303	573
303	618
303	772
303	986
304	497
304	532
304	552
304	772
304	787
304	848
305	418
305	583
305	836
306	309
306	567
306	901
306	952
307	423
307	474
308	474
308	677
308	704
308	751
308	867
309	433
309	654
309	678
309	947
310	345
310	522
310	545
310	696
311	314
311	700
311	939
312	356
312	481
312	495
312	537
312	782
313	677
313	685
314	453
314	714
315	501
315	590
315	821
315	824
315	887
315	931
315	982
316	457
316	609
316	894
317	320
317	358
317	675
317	747
317	882
318	841
318	853
319	343
319	344
319	415
319	425
319	928
320	436
320	575
320	687
320	915
321	335
321	645
322	364
322	377
322	772
323	353
323	471
323	556
323	661
323	847
324	400
324	429
324	860
325	405
325	444
325	535
325	756
325	810
325	857
326	329
326	627
326	668
326	740
327	434
327	734
328	381
328	401
328	570
329	384
329	397
329	635
329	745
329	987
330	394
330	436
330	810
330	879
331	384
331	616
331	729
332	387
332	512
332	581
333	406
333	560
334	421
334	656
335	403
335	465
335	930
336	342
336	489
336	559
336	757
336	987
337	696
337	777
337	807
338	369
338	383
338	451
338	494
338	910
339	569
339	667
340	427
340	665
340	686
341	391
341	394
341	407
341	480
341	515
341	730
341	801
341	922
342	698
342	882
342	983
343	597
343	783
344	464
344	767
344	790
344	799
345	533
345	683
346	431
346	637
346	663
347	434
347	460
347	516
348	455
348	499
349	523
349	587
349	865
349	946
350	468
350	474
350	555
350	595
350	646
351	648
351	715
351	967
352	691
352	749
352	888
352	903
353	431
353	452
353	524
353	690
353	971
354	562
354	574
354	799
354	826
355	455
355	575
355	613
355	856
356	455
356	563
356	576
356	791
357	565
357	793
357	854
357	891
358	547
359	414
360	712
360	824
361	461
361	812
361	889
361	907
362	631
362	867
362	988
363	409
363	455
363	505
364	584
364	821
364	986
365	628
365	898
366	656
366	674
366	679
366	903
367	518
367	537
367	548
367	669
367	781
367	913
368	538
368	941
369	389
369	521
370	390
371	450
371	459
371	533
371	536
372	391
372	479
372	595
372	670
372	960
373	443
373	575
374	421
374	456
374	457
374	616
374	708
374	980
375	423
375	653
375	944
376	471
376	513
376	542
376	729
376	797
377	650
377	706
378	397
379	581
379	619
379	695
379	722
380	502
380	542
380	560
380	713
381	606
381	800
381	955
382	395
382	471
382	665
382	952
383	662
383	813
384	727
384	780
385	399
385	505
385	792
385	897
386	486
386	514
387	399
387	466
387	486
387	693
387	746
387	760
388	664
388	715
388	855
388	942
389	583
389	674
389	675
390	586
390	939
391	513
391	676
392	394
392	629
392	690
392	923
393	408
393	473
393	490
393	548
393	789
394	573
394	586
394	890
395	556
395	924
396	552
396	913
397	448
397	530
397	775
398	696
398	756
399	415
399	420
399	512
400	411
400	428
400	623
400	763
400	886
401	754
402	471
402	543
402	562
402	692
403	433
403	567
403	592
403	594
403	860
403	982
404	520
404	757
404	818
405	850
406	754
406	959
407	424
407	588
407	748
408	676
409	569
409	774
409	781
410	422
410	542
410	603
410	858
410	912
411	588
411	738
411	874
411	1000
412	629
412	988
412	999
413	436
413	595
413	771
413	938
414	535
414	586
414	673
414	677
415	426
416	616
416	697
416	870
416	928
417	729
417	821
418	467
418	556
419	601
419	741
419	780
420	442
420	707
421	649
421	880
421	943
422	680
423	977
424	446
424	617
424	701
424	816
424	976
425	760
426	471
426	611
427	539
427	557
427	613
427	663
428	449
428	688
428	691
428	954
429	495
429	668
429	687
429	908
429	932
430	527
430	785
430	838
431	650
431	667
431	743
432	451
432	625
432	957
433	611
433	674
433	716
433	804
434	497
434	532
434	843
434	907
436	925
436	953
437	442
437	569
437	585
438	557
438	603
438	678
438	927
439	810
439	847
440	684
440	825
440	935
440	991
441	463
441	661
441	668
441	672
442	497
442	615
443	478
443	790
444	710
444	943
445	558
445	727
445	813
447	490
447	572
447	665
447	810
448	464
448	648
449	574
449	669
449	713
450	522
450	831
451	466
451	785
452	515
453	497
454	641
455	909
456	460
456	534
456	670
457	464
457	742
458	755
458	895
459	561
459	828
459	933
459	985
460	497
460	695
461	653
461	812
462	997
463	490
463	585
463	978
464	911
464	940
465	552
466	721
467	688
468	503
468	770
469	651
469	711
470	883
471	577
472	524
472	816
472	817
473	687
473	876
474	608
474	862
475	691
475	697
476	586
476	622
476	894
477	602
477	655
478	749
478	782
479	606
479	685
480	669
480	712
481	667
481	815
482	558
482	728
482	755
482	915
484	525
485	708
485	737
485	779
485	966
486	506
486	833
487	584
487	677
488	715
488	768
489	621
489	635
489	751
489	934
490	633
490	900
491	694
491	801
492	625
493	768
493	783
494	640
494	778
494	860
495	923
496	564
496	596
496	610
496	722
496	763
496	887
498	699
498	905
498	1000
499	520
499	910
500	840
500	979
501	773
502	518
502	937
502	989
504	840
505	748
505	885
506	587
506	989
507	839
507	864
508	553
508	695
508	784
509	652
509	753
510	663
511	968
513	571
514	848
514	854
515	635
516	556
517	990
518	601
518	608
519	677
520	991
521	525
521	617
521	728
521	833
523	554
523	589
523	816
524	874
525	552
526	686
527	528
528	724
528	827
528	930
529	648
529	720
530	580
530	868
530	871
531	628
531	634
531	747
532	634
532	695
533	586
533	984
538	985
539	891
540	618
542	755
543	581
543	972
544	686
544	781
544	975
544	992
545	551
545	553
545	573
546	605
546	636
546	862
546	900
546	983
547	660
547	697
547	908
547	948
548	573
548	788
549	629
549	905
550	749
550	800
551	793
551	824
551	897
552	888
553	630
553	795
553	896
554	856
555	614
555	715
555	866
557	587
558	882
558	934
559	680
560	598
561	693
562	588
562	820
562	826
562	994
563	690
564	696
564	839
566	700
566	920
567	842
567	896
568	660
568	707
568	948
569	578
570	981
571	623
571	994
572	660
573	848
574	921
576	619
576	731
576	845
577	835
578	587
578	998
579	941
579	960
580	787
580	957
581	664
581	882
582	913
584	615
584	659
585	802
585	827
586	844
587	805
588	922
589	871
591	672
591	676
592	620
594	873
594	965
595	964
596	620
596	746
596	894
597	729
598	971
599	777
600	650
600	898
602	843
602	962
604	864
605	630
605	723
605	904
606	671
606	702
606	705
608	852
609	901
610	934
612	622
612	719
612	928
613	739
613	914
614	949
615	687
615	744
616	750
617	716
617	737
618	663
618	704
619	792
619	927
620	724
620	918
621	622
623	792
623	997
624	803
624	931
625	653
626	657
627	671
628	906
629	906
630	723
631	868
632	709
632	941
632	992
632	999
635	896
636	984
636	999
638	849
638	897
638	978
639	711
639	993
640	688
640	884
640	967
641	950
643	706
643	859
644	693
644	732
644	929
645	738
646	714
646	777
648	857
649	802
649	985
650	690
651	726
651	960
652	855
653	764
654	966
655	863
656	868
656	926
657	897
658	747
658	968
658	977
659	713
662	721
663	950
665	877
667	859
671	789
676	893
677	761
679	792
681	850
681	879
682	849
683	702
684	757
684	886
686	710
689	692
689	895
689	935
690	918
690	959
691	752
692	730
692	838
693	705
693	952
694	804
697	864
697	910
698	777
700	881
701	853
704	832
705	934
707	736
707	776
707	975
708	837
709	926
710	893
711	948
713	892
714	769
715	795
716	733
717	718
717	842
717	875
718	987
719	743
719	941
720	962
721	758
721	796
725	934
725	995
726	858
727	854
729	893
731	886
732	910
733	851
733	908
734	794
734	971
735	790
735	942
737	814
741	973
743	767
745	887
746	800
750	884
751	826
752	762
753	819
758	878
761	778
761	876
762	835
765	968
767	928
770	843
770	921
771	799
774	971
774	982
776	798
780	957
783	888
783	988
784	989
786	865
787	989
790	901
793	909
797	873
797	909
798	806
798	908
802	916
810	842
811	846
814	905
817	904
818	961
818	998
820	926
822	972
823	888
824	858
828	925
829	869
829	870
830	840
834	989
835	992
839	983
841	915
846	861
846	880
850	967
850	999
857	922
857	997
858	894
861	971
866	963
869	964
869	996
871	945
875	947
883	974
891	974
898	966
902	938
903	933
903	941
904	955
911	950
914	917
916	932
918	940
924	938
924	995
929	969
931	973
936	953
943	962
944	955
973	996
