1	6
1	13
1	19
1	20
1	21
1	30
1	36
1	59
1	64
1	74
1	76
1	78
1	106
1	131
1	132
1	157
1	173
1	177
1	191
1	192
1	193
1	197
1	201
1	202
1	237
1	243
1	246
1	256
1	411
1	420
1	431
1	432
1	447
1	504
1	543
1	562
1	566
1	572
1	623
1	661
1	688
1	698
1	753
1	773
1	813
1	823
1	873
1	877
1	881
1	902
2	3
2	4
2	7
2	13
2	29
2	40
2	49
2	54
2	59
2	61
2	78
2	82
2	85
2	104
2	135
2	163
2	177
2	185
2	227
2	234
2	235
2	250
2	252
2	292
2	342
2	391
2	401
2	407
2	435
2	437
2	483
2	493
2	525
2	563
2	616
2	626
2	631
2	639
2	707
2	712
2	713
2	726
2	761
2	769
2	952
2	957
2	960
2	992
3	9
3	14
3	25
3	35
3	37
3	43
3	49
3	82
3	84
3	87
3	90
3	92
3	94
3	101
3	118
3	135
3	211
3	231
3	257
3	266
3	268
3	343
3	372
3	379
3	425
3	441
3	448
3	488
3	491
3	523
3	538
3	545
3	551
3	552
3	563
3	623
3	648
3	674
3	706
3	714
3	736
3	846
3	878
3	932
3	938
3	969
4	5
4	12
4	48
4	51
4	52
4	55
4	79
4	83
4	90
4	122
4	123
4	142
4	162
4	204
4	225
4	246
4	247
4	271
4	273
4	283
4	301
4	321
4	332
4	342
4	346
4	412
4	473
4	479
4	537
4	689
4	692
4	705
4	717
4	728
4	731
4	741
4	775
4	834
4	842
4	852
4	871
4	890
4	891
4	941
4	1000
5	10
5	17
5	31
5	36
5	68
5	69
5	124
5	127
5	139
5	141
5	170
5	171
5	184
5	193
5	212
5	242
5	250
5	255
5	273
5	316
5	357
5	368
5	377
5	423
5	431
5	437
5	439
5	468
5	482
5	492
5	514
5	526
5	594
5	617
5	641
5	666
5	684
5	740
5	751
5	763
5	848
5	916
5	934
5	950
6	20
6	21
6	29
6	58
6	59
6	82
6	83
6	92
6	109
6	150
6	158
6	172
6	173
6	177
6	188
6	193
6	196
6	197
6	200
6	201
6	210
6	232
6	237
6	269
6	282
6	307
6	323
6	331
6	334
6	461
6	470
6	522
6	549
6	553
6	562
6	626
6	634
6	645
6	682
6	720
6	783
6	834
6	877
6	950
7	25
7	29
7	34
7	47
7	49
7	60
7	71
7	76
7	78
7	85
7	88
7	98
7	126
7	145
7	146
7	159
7	163
7	165
7	185
7	234
7	286
7	297
7	351
7	352
7	386
7	421
7	478
7	501
7	503
7	516
7	521
7	522
7	544
7	570
7	626
7	631
7	632
7	636
7	662
7	733
7	751
7	769
7	830
7	999
8	21
8	34
8	46
8	47
8	55
8	56
8	60
8	61
8	64
8	77
8	78
8	86
8	133
8	137
8	143
8	174
8	208
8	223
8	226
8	230
8	255
8	259
8	325
8	327
8	333
8	339
8	350
8	424
8	438
8	444
8	496
8	499
8	512
8	540
8	551
8	564
8	569
8	732
8	802
8	818
8	848
8	906
8	916
8	930
9	20
9	21
9	22
9	29
9	30
9	50
9	54
9	58
9	80
9	83
9	85
9	93
9	106
9	147
9	192
9	194
9	217
9	233
9	240
9	263
9	300
9	317
9	320
9	341
9	352
9	359
9	374
9	418
9	450
9	467
9	484
9	486
9	490
9	534
9	584
9	606
9	662
9	695
9	780
9	840
9	939
9	961
10	19
10	25
10	49
10	55
10	59
10	65
10	85
10	95
10	123
10	125
10	134
10	172
10	180
10	186
10	200
10	204
10	270
10	274
10	280
10	360
10	385
10	404
10	414
10	424
10	436
10	493
10	517
10	523
10	595
10	634
10	640
10	651
10	670
10	681
10	715
10	735
10	744
10	764
10	800
10	922
10	947
11	26
11	29
11	60
11	67
11	74
11	80
11	89
11	91
11	97
11	104
11	112
11	114
11	129
11	143
11	165
11	168
11	204
11	215
11	216
11	261
11	266
11	299
11	302
11	304
11	335
11	362
11	367
11	416
11	417
11	540
11	546
11	559
11	576
11	627
11	652
11	736
11	757
11	868
11	885
11	944
11	958
12	16
12	17
12	23
12	24
12	28
12	38
12	47
12	62
12	68
12	91
12	103
12	128
12	133
12	144
12	160
12	162
12	166
12	173
12	207
12	283
12	363
12	373
12	519
12	523
12	548
12	603
12	654
12	663
12	721
12	723
12	724
12	744
12	859
12	894
12	897
12	942
12	976
12	985
12	996
13	33
13	41
13	53
13	91
13	96
13	103
13	119
13	121
13	127
13	153
13	159
13	175
13	189
13	198
13	206
13	213
13	217
13	235
13	243
13	279
13	283
13	373
13	380
13	383
13	392
13	428
13	430
13	521
13	551
13	577
13	596
13	614
13	619
13	650
13	660
13	784
13	850
13	965
14	18
14	20
14	25
14	26
14	34
14	43
14	48
14	58
14	94
14	97
14	101
14	108
14	118
14	125
14	140
14	192
14	211
14	214
14	257
14	275
14	336
14	337
14	348
14	368
14	389
14	448
14	469
14	556
14	560
14	573
14	639
14	668
14	685
14	697
14	826
14	873
14	898
14	908
14	967
15	24
15	35
15	70
15	71
15	72
15	81
15	86
15	87
15	93
15	94
15	100
15	117
15	135
15	141
15	151
15	209
15	217
15	228
15	258
15	264
15	309
15	310
15	334
15	378
15	388
15	435
15	438
15	452
15	482
15	542
15	601
15	603
15	621
15	624
15	668
15	754
15	841
15	857
15	865
15	956
16	19
16	24
16	28
16	34
16	38
16	49
16	52
16	62
16	73
16	126
16	128
16	160
16	166
16	175
16	228
16	239
16	241
16	247
16	336
16	362
16	394
16	421
16	485
16	502
16	523
16	557
16	558
16	564
16	618
16	663
16	809
16	831
16	862
16	878
16	897
16	915
16	935
16	968
17	24
17	25
17	28
17	35
17	38
17	43
17	49
17	61
17	90
17	101
17	144
17	153
17	166
17	170
17	178
17	191
17	207
17	213
17	245
17	259
17	281
17	316
17	323
17	363
17	367
17	415
17	438
17	444
17	459
17	534
17	538
17	551
17	691
17	721
17	794
17	810
17	833
18	25
18	34
18	35
18	37
18	38
18	48
18	84
18	90
18	111
18	113
18	152
18	164
18	213
18	245
18	315
18	337
18	348
18	365
18	389
18	425
18	448
18	491
18	538
18	556
18	602
18	614
18	622
18	623
18	628
18	698
18	756
18	782
18	788
18	794
18	821
18	964
18	986
19	43
19	51
19	95
19	100
19	101
19	123
19	125
19	134
19	199
19	200
19	204
19	213
19	218
19	219
19	262
19	263
19	308
19	317
19	382
19	481
19	489
19	493
19	496
19	524
19	633
19	640
19	684
19	735
19	764
19	777
19	783
19	799
19	868
19	919
19	955
20	21
20	24
20	27
20	29
20	35
20	38
20	51
20	53
20	59
20	64
20	104
20	110
20	131
20	147
20	166
20	176
20	191
20	257
20	347
20	370
20	450
20	486
20	493
20	529
20	673
20	688
20	696
20	699
20	722
20	801
20	804
20	832
20	902
20	907
21	29
21	42
21	51
21	59
21	74
21	80
21	81
21	93
21	110
21	122
21	205
21	218
21	296
21	318
21	346
21	390
21	429
21	434
21	436
21	472
21	497
21	499
21	545
21	562
21	584
21	585
21	603
21	661
21	703
21	851
21	932
21	945
21	977
22	27
22	32
22	40
22	42
22	56
22	63
22	87
22	99
22	109
22	115
22	116
22	117
22	138
22	145
22	152
22	164
22	179
22	183
22	200
22	300
22	338
22	345
22	349
22	354
22	375
22	459
22	467
22	547
22	676
22	772
22	790
22	815
22	894
22	906
22	926
22	930
22	989
23	26
23	31
23	34
23	39
23	44
23	53
23	55
23	58
23	66
23	92
23	98
23	105
23	149
23	159
23	258
23	277
23	278
23	284
23	305
23	306
23	386
23	402
23	423
23	463
23	477
23	480
23	519
23	525
23	533
23	629
23	687
23	771
23	791
23	846
23	867
23	891
23	911
24	28
24	41
24	55
24	62
24	73
24	77
24	91
24	106
24	111
24	126
24	128
24	144
24	155
24	161
24	166
24	207
24	250
24	295
24	306
24	455
24	478
24	557
24	564
24	577
24	642
24	742
24	809
24	812
24	894
24	913
24	929
24	996
25	31
25	35
25	37
25	40
25	43
25	46
25	47
25	48
25	63
25	68
25	84
25	90
25	94
25	97
25	101
25	125
25	140
25	152
25	160
25	216
25	239
25	336
25	343
25	444
25	556
25	769
25	844
25	874
25	886
25	980
25	985
26	31
26	33
26	34
26	39
26	58
26	66
26	81
26	94
26	105
26	112
26	153
26	162
26	252
26	272
26	294
26	400
26	422
26	477
26	494
26	513
26	525
26	531
26	541
26	559
26	608
26	675
26	738
26	749
26	796
26	860
26	891
26	920
26	936
26	947
27	32
27	36
27	40
27	45
27	47
27	57
27	63
27	77
27	94
27	99
27	116
27	124
27	140
27	178
27	199
27	214
27	232
27	235
27	271
27	298
27	299
27	303
27	313
27	319
27	350
27	403
27	495
27	497
27	747
27	759
27	824
27	828
27	837
27	857
27	901
28	47
28	62
28	68
28	73
28	111
28	126
28	128
28	144
28	155
28	156
28	161
28	170
28	195
28	199
28	203
28	230
28	245
28	313
28	363
28	391
28	453
28	471
28	499
28	546
28	584
28	654
28	658
28	674
28	690
28	727
28	745
28	832
28	833
29	37
29	42
29	62
29	64
29	65
29	79
29	107
29	125
29	129
29	154
29	170
29	182
29	269
29	355
29	420
29	484
29	529
29	595
29	606
29	637
29	645
29	655
29	708
29	792
29	836
29	838
29	942
29	955
29	997
30	40
30	41
30	45
30	60
30	75
30	86
30	93
30	119
30	129
30	169
30	171
30	190
30	233
30	236
30	249
30	265
30	317
30	333
30	341
30	342
30	351
30	389
30	447
30	461
30	486
30	571
30	581
30	646
30	660
30	662
30	700
30	825
30	886
30	914
31	34
31	39
31	44
31	45
31	66
31	95
31	123
31	153
31	209
31	210
31	220
31	284
31	358
31	384
31	391
31	400
31	402
31	477
31	490
31	500
31	501
31	515
31	520
31	554
31	689
31	701
31	738
31	752
31	773
31	860
31	911
31	920
32	40
32	45
32	48
32	56
32	57
32	63
32	69
32	85
32	102
32	116
32	122
32	161
32	164
32	198
32	214
32	244
32	318
32	345
32	354
32	355
32	371
32	401
32	497
32	521
32	550
32	566
32	575
32	610
32	624
32	625
32	837
32	838
32	906
32	964
33	41
33	43
33	45
33	53
33	64
33	83
33	96
33	103
33	136
33	146
33	206
33	227
33	276
33	279
33	324
33	330
33	343
33	353
33	390
33	413
33	415
33	443
33	453
33	456
33	462
33	508
33	725
33	766
33	786
33	829
33	866
33	985
33	988
34	39
34	50
34	66
34	75
34	105
34	120
34	159
34	210
34	232
34	284
34	375
34	380
34	384
34	400
34	402
34	422
34	494
34	518
34	525
34	604
34	675
34	678
34	701
34	774
34	867
34	931
35	37
35	43
35	46
35	84
35	90
35	94
35	101
35	104
35	127
35	152
35	168
35	198
35	283
35	359
35	360
35	373
35	379
35	441
35	506
35	550
35	628
35	653
35	697
35	822
35	842
35	844
35	924
36	40
36	46
36	57
36	63
36	109
36	116
36	117
36	122
36	127
36	164
36	221
36	237
36	295
36	298
36	309
36	319
36	397
36	401
36	423
36	428
36	474
36	495
36	545
36	565
36	717
36	828
36	844
36	943
37	64
37	84
37	86
37	94
37	101
37	108
37	183
37	218
37	257
37	270
37	348
37	372
37	374
37	415
37	439
37	449
37	469
37	532
37	533
37	535
37	565
37	694
37	756
37	758
37	889
37	895
38	47
38	52
38	62
38	73
38	121
38	128
38	155
38	156
38	166
38	207
38	217
38	245
38	261
38	306
38	313
38	316
38	438
38	482
38	488
38	575
38	583
38	618
38	817
38	943
38	956
39	57
39	76
39	100
39	105
39	120
39	182
39	203
39	210
39	229
39	252
39	265
39	296
39	375
39	432
39	443
39	513
39	525
39	531
39	541
39	619
39	629
39	675
39	748
39	839
39	853
39	892
40	43
40	46
40	49
40	57
40	63
40	84
40	92
40	99
40	111
40	114
40	156
40	164
40	232
40	283
40	371
40	425
40	452
40	469
40	476
40	550
40	735
40	812
40	862
41	72
41	96
41	103
41	121
41	136
41	153
41	179
41	182
41	185
41	189
41	199
41	217
41	291
41	293
41	325
41	373
41	380
41	399
41	577
41	652
41	677
41	724
41	819
41	875
41	982
42	47
42	59
42	64
42	79
42	80
42	110
42	135
42	192
42	223
42	224
42	233
42	282
42	290
42	291
42	347
42	348
42	410
42	447
42	496
42	529
42	581
42	655
42	672
42	696
42	903
42	947
43	48
43	71
43	100
43	101
43	108
43	211
43	216
43	220
43	319
43	328
43	337
43	359
43	372
43	425
43	485
43	698
43	720
43	785
43	794
43	862
43	873
44	58
44	63
44	105
44	147
44	153
44	210
44	220
44	229
44	294
44	317
44	324
44	375
44	422
44	519
44	541
44	636
44	692
44	709
44	818
44	819
44	828
44	834
44	849
44	863
44	892
44	911
44	920
45	56
45	71
45	72
45	81
45	112
45	140
45	145
45	160
45	221
45	228
45	232
45	326
45	328
45	355
45	371
45	398
45	437
45	528
45	614
45	620
45	806
45	834
45	912
45	937
46	48
46	72
46	84
46	90
46	94
46	139
46	145
46	156
46	255
46	329
46	337
46	343
46	372
46	399
46	402
46	409
46	535
46	674
46	704
46	821
46	822
46	826
46	850
46	985
47	61
47	68
47	73
47	138
47	143
47	144
47	174
47	226
47	230
47	271
47	287
47	313
47	336
47	340
47	369
47	429
47	464
47	531
47	590
47	821
48	84
48	90
48	93
48	348
48	373
48	386
48	389
48	395
48	453
48	464
48	511
48	535
48	571
48	636
48	653
48	758
48	812
48	817
48	876
48	969
48	971
49	78
49	81
49	85
49	98
49	222
49	236
49	277
49	278
49	286
49	326
49	391
49	427
49	466
49	483
49	514
49	527
49	529
49	567
49	713
49	752
50	54
50	88
50	89
50	93
50	148
50	155
50	157
50	256
50	258
50	289
50	315
50	340
50	426
50	500
50	544
50	561
50	573
50	578
50	686
50	750
50	869
50	897
50	899
50	946
50	948
51	52
51	57
51	65
51	67
51	74
51	76
51	137
51	180
51	186
51	263
51	272
51	279
51	285
51	301
51	305
51	362
51	382
51	387
51	488
51	861
51	864
51	922
51	925
52	55
52	83
52	98
52	99
52	113
52	225
52	266
52	289
52	301
52	310
52	332
52	400
52	412
52	440
52	537
52	560
52	587
52	681
52	689
52	731
52	741
52	889
52	925
53	54
53	84
53	136
53	157
53	175
53	251
53	276
53	278
53	279
53	353
53	359
53	381
53	405
53	555
53	580
53	650
53	786
53	812
53	824
53	870
53	882
53	883
53	933
54	88
54	100
54	104
54	164
54	177
54	219
54	247
54	288
54	293
54	357
54	374
54	383
54	417
54	514
54	523
54	583
54	612
54	631
54	652
54	685
54	712
54	727
55	83
55	131
55	204
55	225
55	266
55	328
55	440
55	479
55	490
55	560
55	576
55	600
55	613
55	635
55	750
55	852
55	864
55	876
55	917
55	941
56	61
56	63
56	72
56	102
56	116
56	122
56	183
56	195
56	214
56	244
56	295
56	307
56	361
56	467
56	480
56	482
56	550
56	662
56	686
56	853
56	926
56	966
57	86
57	109
57	164
57	183
57	319
57	371
57	375
57	445
57	482
57	565
57	569
57	596
57	598
57	627
57	708
57	816
57	824
57	837
57	847
57	926
58	66
58	98
58	175
58	179
58	185
58	189
58	203
58	227
58	276
58	392
58	456
58	528
58	555
58	557
58	583
58	636
58	679
58	730
58	829
58	960
59	169
59	194
59	262
59	282
59	289
59	296
59	300
59	331
59	347
59	411
59	430
59	454
59	462
59	659
59	836
59	888
59	961
59	978
60	67
60	68
60	74
60	89
60	97
60	104
60	114
60	168
60	261
60	285
60	302
60	330
60	335
60	395
60	507
60	678
60	690
60	717
60	865
60	879
60	993
61	67
61	88
61	133
61	137
61	208
61	222
61	223
61	231
61	271
61	339
61	344
61	438
61	464
61	471
61	505
61	512
61	564
61	762
61	809
61	818
62	68
62	91
62	105
62	111
62	126
62	155
62	156
62	161
62	203
62	247
62	248
62	309
62	414
62	471
62	618
62	628
62	629
62	663
62	827
63	102
63	116
63	119
63	122
63	167
63	319
63	340
63	388
63	495
63	542
63	565
63	653
63	659
63	747
63	778
63	824
63	993
64	78
64	80
64	89
64	92
64	93
64	106
64	144
64	188
64	637
64	645
64	665
64	688
64	710
64	767
64	795
64	859
64	882
64	907
65	95
65	134
65	177
65	180
65	200
65	227
65	250
65	263
65	446
65	465
65	481
65	489
65	624
65	642
65	651
65	670
65	684
65	792
65	814
65	868
65	905
65	912
66	84
66	120
66	138
66	226
66	229
66	284
66	294
66	310
66	443
66	474
66	477
66	494
66	554
66	677
66	806
66	821
66	858
66	936
66	987
67	74
67	79
67	80
67	95
67	97
67	112
67	114
67	165
67	168
67	225
67	285
67	408
67	582
67	659
67	667
67	717
67	780
67	875
67	949
67	994
68	128
68	155
68	160
68	161
68	166
68	167
68	170
68	252
68	336
68	499
68	548
68	558
68	574
68	719
68	810
68	831
69	92
69	113
69	127
69	139
69	167
69	245
69	260
69	261
69	272
69	316
69	488
69	518
69	524
69	609
69	611
69	617
69	641
69	665
69	742
69	857
69	969
70	72
70	100
70	103
70	115
70	119
70	138
70	151
70	184
70	221
70	227
70	258
70	338
70	378
70	398
70	401
70	452
70	480
70	599
70	686
70	798
70	937
70	972
71	82
71	85
71	93
71	108
71	146
71	149
71	150
71	163
71	188
71	193
71	230
71	329
71	427
71	503
71	559
71	638
71	734
71	954
71	984
72	74
72	77
72	81
72	86
72	87
72	100
72	119
72	196
72	226
72	387
72	419
72	452
72	604
72	754
72	816
72	841
72	865
73	111
73	120
73	144
73	156
73	187
73	247
73	259
73	274
73	275
73	313
73	438
73	455
73	489
73	558
73	568
73	807
73	935
74	89
74	104
74	114
74	116
74	150
74	261
74	314
74	408
74	442
74	540
74	627
74	690
74	719
74	757
74	845
75	93
75	132
75	180
75	181
75	183
75	192
75	277
75	322
75	349
75	418
75	443
75	531
75	568
75	608
75	665
75	699
75	813
75	907
75	927
75	933
76	79
76	82
76	85
76	98
76	323
76	427
76	457
76	468
76	532
76	553
76	595
76	703
76	709
76	733
76	765
76	911
76	968
76	1000
77	86
77	91
77	133
77	143
77	205
77	208
77	223
77	231
77	287
77	333
77	424
77	505
77	578
77	611
77	900
77	930
77	983
78	86
78	173
78	177
78	197
78	219
78	225
78	311
78	364
78	376
78	386
78	489
78	881
78	957
78	960
78	979
79	82
79	106
79	115
79	121
79	181
79	186
79	240
79	317
79	335
79	578
79	633
79	644
79	682
79	881
79	939
79	980
80	141
80	169
80	192
80	201
80	206
80	281
80	349
80	460
80	665
80	767
80	809
80	888
80	893
80	907
80	946
81	86
81	100
81	124
81	138
81	209
81	226
81	228
81	267
81	273
81	292
81	378
81	528
81	542
81	737
81	963
82	142
82	146
82	185
82	192
82	196
82	286
82	370
82	636
82	691
82	774
82	830
82	861
82	884
82	923
82	970
83	131
83	177
83	180
83	308
83	328
83	470
83	473
83	587
83	613
83	635
83	705
83	728
83	786
83	805
83	995
84	94
84	170
84	239
84	242
84	273
84	337
84	377
84	473
84	488
84	511
84	537
85	104
85	140
85	187
85	222
85	297
85	342
85	377
85	397
85	421
85	458
85	499
85	514
85	952
86	143
86	151
86	161
86	208
86	231
86	334
86	336
86	512
86	569
86	749
86	806
86	849
87	102
87	109
87	114
87	117
87	123
87	221
87	243
87	403
87	422
87	454
87	759
87	763
87	790
87	816
87	824
87	898
88	154
88	203
88	241
88	299
88	315
88	377
88	383
88	384
88	506
88	518
88	561
88	658
88	778
88	795
88	918
88	921
89	97
89	112
89	114
89	154
89	165
89	168
89	215
89	285
89	302
89	314
89	397
89	531
89	729
89	776
89	870
90	94
90	135
90	170
90	174
90	280
90	286
90	348
90	400
90	449
90	800
90	833
90	965
91	160
91	174
91	300
91	333
91	406
91	438
91	473
91	485
91	661
91	721
91	732
91	806
91	990
91	996
92	102
92	141
92	167
92	192
92	201
92	300
92	368
92	393
92	406
92	524
92	602
92	680
92	950
92	972
93	114
93	147
93	155
93	181
93	257
93	269
93	307
93	327
93	418
93	517
94	197
94	376
94	452
94	491
94	556
94	635
94	758
94	908
95	96
95	180
95	360
95	380
95	433
95	446
95	470
95	489
95	561
95	744
95	803
95	832
95	917
95	922
96	136
96	193
96	217
96	276
96	279
96	381
96	407
96	476
96	549
96	551
96	577
96	730
96	770
96	939
96	963
97	114
97	195
97	207
97	215
97	302
97	394
97	417
97	454
97	690
97	787
97	819
97	900
97	958
98	137
98	187
98	209
98	229
98	236
98	384
98	516
98	632
98	748
98	860
98	863
98	931
98	953
99	122
99	140
99	142
99	167
99	202
99	298
99	327
99	345
99	482
99	505
99	693
99	779
99	828
99	915
99	993
100	117
100	119
100	208
100	304
100	541
100	749
100	800
100	885
100	912
100	940
101	109
101	242
101	348
101	376
101	512
101	555
101	683
101	693
101	943
101	995
102	122
102	214
102	298
102	354
102	434
102	497
102	586
102	596
102	610
102	625
102	677
102	831
102	889
103	104
103	121
103	151
103	159
103	187
103	216
103	217
103	235
103	253
103	353
103	428
103	547
103	699
104	119
104	186
104	222
104	224
104	261
104	264
104	335
104	626
104	729
105	117
105	126
105	210
105	284
105	384
105	480
105	494
105	671
105	687
105	771
105	819
105	900
106	223
106	240
106	254
106	301
106	320
106	343
106	450
106	459
106	498
106	563
106	596
106	714
106	803
107	129
107	158
107	181
107	182
107	197
107	341
107	364
107	370
107	423
107	468
107	504
107	527
107	595
107	606
107	643
107	673
107	851
108	142
108	149
108	169
108	178
108	211
108	238
108	379
108	487
108	504
108	646
108	649
108	720
108	768
108	898
109	152
109	164
109	232
109	371
109	445
109	612
109	634
109	734
109	747
109	793
109	990
110	111
110	132
110	143
110	182
110	281
110	314
110	347
110	367
110	385
110	472
110	513
110	529
110	776
110	839
111	118
111	155
111	181
111	245
111	306
111	389
111	459
111	533
111	625
111	674
112	114
112	121
112	124
112	168
112	367
112	408
112	667
112	675
112	678
112	719
112	861
112	879
113	124
113	139
113	153
113	171
113	250
113	252
113	260
113	269
113	316
113	357
113	420
113	443
113	796
113	957
114	172
114	261
114	304
114	416
114	442
114	476
114	628
115	130
115	157
115	172
115	196
115	238
115	351
115	353
115	539
115	593
115	688
115	695
115	711
115	756
115	987
116	117
116	214
116	270
116	338
116	551
116	605
116	825
116	837
116	956
116	990
117	136
117	209
117	338
117	347
117	528
117	610
117	651
117	669
117	885
117	955
118	144
118	208
118	248
118	346
118	448
118	511
118	533
118	668
118	760
118	815
118	822
118	844
118	969
119	228
119	338
119	371
119	454
119	475
119	625
119	901
119	936
119	990
120	275
120	277
120	297
120	322
120	485
120	713
120	785
120	788
120	789
120	829
120	892
120	957
121	135
121	136
121	198
121	276
121	443
121	472
121	487
121	540
121	547
121	555
122	244
122	295
122	495
122	610
122	620
122	663
122	797
122	906
123	134
123	186
123	200
123	270
123	280
123	323
123	447
123	505
123	630
123	642
123	900
124	139
124	167
124	184
124	289
124	468
124	524
124	576
124	585
124	611
124	887
125	169
125	183
125	199
125	200
125	213
125	447
125	615
125	804
125	899
125	991
126	144
126	160
126	184
126	205
126	293
126	575
126	654
126	859
126	980
127	130
127	167
127	171
127	291
127	316
127	492
127	630
127	680
127	751
127	835
128	155
128	275
128	386
128	434
128	471
128	519
128	780
128	810
128	843
129	147
129	236
129	252
129	253
129	311
129	664
129	807
129	855
129	950
129	975
129	988
130	132
130	169
130	181
130	264
130	265
130	323
130	331
130	341
130	518
130	568
130	655
130	795
130	852
131	272
131	308
131	321
131	473
131	681
131	718
131	735
131	775
131	805
131	860
131	959
132	136
132	158
132	276
132	517
132	534
132	558
132	571
132	574
132	646
132	823
132	981
133	138
133	174
133	190
133	223
133	254
133	284
133	325
133	333
133	342
133	728
133	995
134	295
134	302
134	312
134	360
134	469
134	598
134	640
134	702
134	715
134	721
134	917
135	217
135	303
135	362
135	491
135	533
135	535
135	554
135	626
135	743
136	231
136	265
136	293
136	324
136	330
136	361
136	598
136	650
137	138
137	208
137	221
137	223
137	231
137	269
137	406
137	485
137	614
137	810
137	818
138	267
138	355
138	452
138	454
138	465
138	512
138	725
138	970
139	229
139	250
139	255
139	367
139	412
139	479
139	666
139	774
139	782
139	835
140	179
140	257
140	326
140	356
140	395
140	845
140	915
140	964
141	273
141	320
141	345
141	420
141	433
141	524
141	696
141	701
141	934
141	978
142	150
142	188
142	292
142	457
142	466
142	572
142	688
142	716
142	781
142	895
143	206
143	231
143	325
143	406
143	471
143	499
143	916
143	983
144	233
144	247
144	259
144	539
144	879
145	195
145	243
145	258
145	421
145	495
145	586
145	625
145	697
145	956
145	964
146	163
146	225
146	331
146	522
146	685
146	709
146	727
146	761
146	765
146	975
147	153
147	181
147	254
147	303
147	320
147	692
147	695
147	870
147	991
148	154
148	202
148	288
148	299
148	417
148	424
148	612
148	671
148	811
148	816
148	920
148	923
148	938
149	151
149	172
149	188
149	193
149	248
149	348
149	358
149	408
149	622
149	928
149	962
150	191
150	390
150	475
150	566
150	586
150	622
150	685
150	761
150	872
150	970
151	221
151	309
151	338
151	454
151	455
151	671
151	806
151	963
151	973
152	175
152	183
152	186
152	244
152	248
152	388
152	657
152	706
152	722
153	252
153	259
153	346
153	405
153	477
153	598
154	167
154	299
154	315
154	377
154	426
154	500
154	526
154	588
154	688
154	931
155	160
155	207
155	529
155	863
155	922
156	168
156	191
156	246
156	348
156	379
156	647
156	898
157	178
157	188
157	292
157	396
157	457
157	471
157	741
157	976
157	997
158	201
158	282
158	361
158	370
158	549
158	592
158	593
158	776
158	795
158	855
159	206
159	253
159	343
159	428
159	471
159	494
159	725
159	766
160	170
160	488
160	882
160	897
160	925
161	198
161	275
161	444
161	464
161	591
161	800
161	985
162	308
162	366
162	436
162	587
162	633
162	705
162	853
162	890
162	904
162	925
163	185
163	220
163	222
163	318
163	358
163	391
163	486
163	716
163	729
164	219
164	497
164	514
164	565
164	610
165	168
165	334
165	408
165	442
165	495
165	690
165	787
165	794
165	959
166	239
166	253
166	684
166	742
166	929
166	961
167	420
167	528
167	534
167	763
167	975
168	277
168	304
168	359
168	576
168	738
169	233
169	352
169	529
169	644
169	748
169	860
169	914
170	306
170	557
170	862
170	873
170	894
171	184
171	250
171	260
171	368
171	439
171	458
171	517
171	555
171	887
172	196
172	197
172	358
172	363
172	410
172	532
172	619
172	799
173	238
173	287
173	311
173	591
173	638
173	799
173	808
173	911
173	976
174	211
174	222
174	242
174	259
174	339
174	444
174	503
174	800
175	278
175	380
175	431
175	508
175	510
175	520
175	720
175	831
176	182
176	192
176	280
176	300
176	460
176	486
176	488
176	585
176	611
176	669
176	773
177	187
177	224
177	326
177	466
177	783
178	188
178	329
178	366
178	582
178	638
178	657
178	755
178	959
179	217
179	227
179	251
179	257
179	353
179	436
179	866
179	880
180	263
180	338
180	630
180	681
180	916
180	954
181	321
181	500
181	568
181	804
181	955
182	192
182	306
182	492
182	597
182	672
182	932
183	265
183	296
183	468
183	580
183	820
184	244
184	255
184	260
184	273
184	557
184	737
184	934
185	219
185	260
185	521
185	726
185	744
185	883
186	247
186	289
186	337
186	450
186	874
186	999
187	230
187	364
187	458
187	501
187	579
187	761
187	845
188	193
188	254
188	442
188	521
188	994
189	198
189	234
189	322
189	353
189	430
189	508
189	520
189	554
189	705
190	233
190	236
190	288
190	352
190	592
190	743
190	825
190	839
190	914
190	947
191	329
191	466
191	494
191	551
191	579
191	878
191	979
192	438
192	801
193	381
193	451
193	462
193	466
193	532
194	317
194	324
194	361
194	369
194	477
194	505
194	536
194	562
194	647
194	949
195	221
195	295
195	409
195	434
195	542
195	543
195	600
195	815
196	251
196	465
196	507
196	694
196	739
196	782
196	973
197	285
197	553
197	667
197	781
197	902
197	979
198	253
198	283
198	324
198	405
198	743
198	988
199	404
199	446
199	634
199	664
199	755
199	777
199	814
200	280
200	393
200	466
200	803
200	868
201	205
201	318
201	414
201	639
201	654
201	711
201	733
202	340
202	383
202	478
202	506
202	561
202	750
202	869
202	891
202	918
203	277
203	431
203	535
203	719
203	738
203	762
203	849
204	210
204	243
204	261
204	305
204	592
204	621
204	850
205	282
205	296
205	303
205	447
205	536
205	657
205	908
205	938
206	251
206	274
206	336
206	356
206	510
206	820
207	464
207	516
207	557
207	826
207	913
208	223
208	339
208	550
208	574
209	267
209	378
209	436
209	528
209	594
209	754
210	220
210	411
210	550
210	629
211	613
211	693
211	706
211	866
211	895
211	974
212	284
212	327
212	374
212	468
212	518
212	642
212	659
212	666
212	737
212	991
213	218
213	312
213	383
213	436
213	642
213	777
214	397
214	636
214	697
214	724
214	793
215	305
215	328
215	385
215	417
215	719
215	814
215	920
215	979
216	253
216	359
216	449
216	586
216	704
216	924
216	1000
217	251
217	574
218	280
218	359
218	360
218	496
218	621
218	633
218	900
219	437
219	458
219	709
219	896
219	931
219	951
220	231
220	392
220	541
220	626
220	951
220	952
221	509
221	644
221	837
221	906
222	276
222	449
222	707
222	960
222	968
223	242
223	333
223	477
224	328
224	367
224	570
224	687
224	700
224	760
224	765
224	791
225	285
225	308
225	473
225	613
225	904
226	243
226	406
226	465
226	511
226	561
226	668
227	293
227	363
227	415
227	650
227	819
228	258
228	309
228	643
228	649
228	700
228	754
229	297
229	513
229	704
229	799
229	807
229	936
230	287
230	325
230	333
230	350
230	554
230	802
231	350
231	916
231	941
232	433
232	475
232	667
232	676
232	940
233	344
233	487
233	746
233	813
233	942
234	419
234	430
234	550
234	559
234	650
234	791
234	845
234	931
235	274
235	299
235	343
235	555
235	619
235	711
235	880
236	351
236	352
236	418
236	448
236	450
236	647
237	365
237	456
237	579
237	582
237	716
237	830
237	856
237	871
238	266
238	292
238	451
238	649
238	753
238	893
238	895
238	897
239	256
239	257
239	492
239	596
239	765
239	943
239	967
240	273
240	369
240	396
240	440
240	533
240	699
240	839
240	921
241	315
241	371
241	519
241	601
241	612
241	630
241	671
241	885
241	923
242	248
242	646
242	704
242	875
242	898
242	908
243	258
243	264
243	668
243	729
243	749
244	304
244	352
244	355
244	445
244	915
244	935
245	275
245	313
245	314
245	997
246	268
246	272
246	298
246	329
246	332
246	731
246	880
247	306
247	413
247	523
248	448
248	469
248	491
248	553
248	781
249	269
249	273
249	316
249	467
249	518
249	584
249	611
249	615
249	822
250	260
250	357
250	609
251	330
251	354
251	430
251	440
251	609
252	367
252	570
252	710
253	291
253	509
253	554
253	905
254	433
254	628
254	655
254	718
254	803
254	945
255	310
255	357
255	368
255	691
255	835
256	303
256	320
256	594
256	739
256	801
256	910
256	977
257	262
257	822
258	399
258	475
258	590
259	271
259	282
259	515
259	721
260	293
260	608
260	751
260	908
261	378
261	850
262	318
262	433
262	543
262	766
262	813
262	945
262	954
263	312
263	382
263	489
263	569
263	776
264	387
264	505
264	577
264	614
264	732
264	961
265	543
265	548
265	637
265	680
265	793
266	301
266	602
266	732
266	805
266	854
267	307
267	363
267	387
267	530
267	697
267	816
267	965
268	311
268	323
268	327
268	361
268	472
268	483
268	680
268	703
269	779
269	818
269	935
269	987
270	280
270	404
270	559
270	702
270	953
270	999
271	325
271	569
271	593
271	699
271	930
272	321
272	392
272	490
272	599
272	775
273	413
273	798
274	279
274	380
274	399
274	453
274	820
274	973
275	395
275	414
275	656
275	865
276	356
276	431
276	470
277	286
277	322
277	560
277	645
278	399
278	407
278	520
278	661
278	677
278	858
279	407
279	416
279	580
279	962
280	497
280	670
280	982
281	331
281	394
281	673
281	887
281	933
281	944
281	978
282	347
282	507
282	539
282	639
283	407
283	766
283	878
283	936
284	351
284	422
284	429
285	357
285	385
285	408
285	540
286	402
286	427
286	509
286	788
286	789
287	325
287	512
287	802
287	909
287	975
287	995
288	344
288	345
288	506
288	519
288	573
288	588
288	876
289	426
289	439
289	536
289	782
290	352
290	394
290	399
290	669
290	687
290	778
290	975
290	986
291	492
291	518
291	708
291	883
291	974
292	311
292	366
292	602
292	872
293	506
293	653
293	704
294	353
294	384
294	463
294	679
294	840
294	853
295	345
295	397
295	560
296	297
296	503
296	702
296	722
297	346
297	412
297	701
297	946
298	354
298	740
298	929
298	989
299	315
299	426
299	544
300	610
300	644
300	836
301	498
301	599
301	689
301	791
302	314
302	362
302	385
302	439
303	320
303	324
303	549
303	682
304	314
304	540
304	542
304	949
305	435
305	446
305	504
305	681
305	982
306	357
306	723
307	614
307	621
307	848
307	940
307	965
308	442
308	454
308	615
308	941
309	387
309	526
309	621
309	937
310	442
310	718
310	740
310	910
310	987
311	490
311	504
311	572
311	674
312	403
312	421
312	481
312	764
312	842
312	904
313	350
313	553
313	763
314	335
314	627
314	861
315	429
315	431
315	787
316	641
316	934
317	362
317	370
317	773
318	596
318	784
318	977
318	987
319	355
319	451
319	586
319	672
320	391
320	700
320	847
321	567
321	731
321	747
321	775
321	871
322	458
322	503
322	515
322	570
322	790
323	532
323	606
323	998
324	510
324	724
324	849
325	464
325	542
326	476
326	500
326	652
326	923
326	926
327	396
327	402
327	432
327	745
328	382
328	479
328	757
329	451
329	462
329	691
329	970
330	356
330	428
330	463
330	915
330	992
331	352
331	510
331	739
331	797
332	388
332	412
332	442
332	470
332	726
332	983
333	597
333	927
334	388
334	552
334	904
334	963
334	965
335	362
335	416
335	522
335	958
336	350
336	698
337	343
337	409
337	552
338	964
338	998
339	376
339	424
339	570
339	742
339	983
340	377
340	476
340	509
340	631
340	804
341	484
341	507
341	700
341	752
341	814
342	437
342	463
342	478
342	884
343	608
344	384
344	507
344	548
344	592
344	660
344	998
345	434
345	857
345	966
346	429
346	478
346	567
346	846
347	356
347	605
347	803
349	487
349	658
349	673
349	714
349	797
349	855
350	424
350	464
350	481
351	832
351	838
351	843
351	980
352	981
353	356
353	773
354	403
354	736
354	759
354	817
355	398
355	418
356	786
356	945
357	492
358	395
358	503
358	566
358	693
359	648
360	382
360	917
360	984
361	414
361	585
361	974
362	576
363	603
363	913
364	419
364	676
364	712
364	716
364	783
365	450
365	661
365	696
365	734
365	776
365	954
366	504
366	530
366	581
366	734
366	973
367	752
368	542
368	615
368	782
369	398
369	507
369	581
369	659
369	750
370	545
370	807
370	838
371	495
372	386
372	469
372	710
372	875
373	461
373	480
373	579
374	413
374	459
374	927
374	974
375	391
375	463
375	648
376	419
376	546
376	623
376	962
377	383
377	588
378	503
378	590
378	928
379	433
379	556
379	603
379	910
380	405
380	787
381	428
381	508
381	686
381	724
381	751
382	460
382	735
382	890
383	506
383	996
384	771
385	404
385	738
385	949
386	515
386	884
387	444
387	624
387	976
388	479
388	605
388	772
389	425
389	484
389	951
390	396
390	435
390	661
390	694
390	955
391	564
392	508
392	555
392	598
392	770
393	394
393	591
393	615
393	616
393	643
393	847
394	517
394	710
394	759
395	409
395	544
395	706
396	538
396	657
396	682
396	903
397	778
397	856
397	966
398	475
398	513
398	841
398	885
399	725
399	762
400	531
400	912
400	968
401	507
401	828
401	926
401	989
402	567
402	629
403	423
403	640
403	697
403	847
404	757
404	777
404	904
404	967
405	615
405	666
405	687
405	770
406	443
406	552
406	571
407	698
407	730
407	883
408	729
408	736
409	532
409	674
409	730
409	866
410	417
410	530
410	532
410	590
410	694
410	856
411	562
411	767
411	827
411	886
411	909
412	676
412	728
412	871
413	498
413	607
413	836
413	909
414	630
414	851
414	977
415	619
415	655
415	695
415	835
416	652
416	667
416	787
416	950
417	802
417	948
418	525
418	548
418	746
419	502
419	799
419	884
419	909
420	666
420	737
420	749
421	435
421	501
421	713
422	531
422	649
422	675
423	445
423	482
423	919
424	512
424	651
425	441
425	863
425	980
426	509
426	775
426	792
426	934
427	501
427	747
427	825
427	992
428	840
428	992
429	526
429	581
429	938
430	474
430	520
430	580
431	589
431	849
432	484
432	607
432	714
432	874
432	933
433	472
433	986
434	445
434	702
434	939
435	538
435	567
435	678
436	852
436	941
437	563
437	592
437	753
439	492
439	680
440	599
440	635
440	886
441	637
441	804
441	967
441	971
444	764
445	537
445	993
446	483
446	530
446	640
447	711
448	665
449	676
449	821
449	826
450	914
451	461
451	723
451	981
452	841
453	480
453	654
453	859
455	485
455	689
455	742
455	943
456	580
456	762
456	784
456	951
457	575
457	582
457	854
457	982
458	841
458	971
459	597
459	708
460	535
460	536
460	607
460	680
461	571
461	838
461	924
462	676
462	808
462	854
463	604
463	683
465	569
465	672
465	732
466	999
467	586
467	778
467	815
468	665
469	538
470	814
470	858
472	840
472	855
473	560
474	513
474	539
474	629
474	829
475	727
475	944
476	783
476	984
478	921
478	932
479	808
479	1000
480	597
481	767
481	768
481	866
483	509
483	896
483	946
484	797
484	832
485	717
486	646
486	958
487	527
487	657
487	827
489	496
490	692
490	864
491	679
491	835
493	506
493	609
493	672
494	988
496	634
496	919
497	989
498	549
498	605
498	656
498	709
499	521
500	754
500	869
501	508
501	588
502	546
502	575
502	663
502	809
502	929
504	973
505	790
508	520
509	561
510	547
510	836
510	877
511	607
511	720
511	923
513	853
514	733
514	789
515	664
515	748
515	765
516	727
516	879
516	951
516	984
517	638
517	647
519	876
520	588
521	739
522	707
522	789
522	921
523	756
524	608
524	631
525	801
526	578
526	792
526	948
527	545
527	823
527	939
527	997
528	848
530	570
530	723
530	739
533	622
534	666
534	948
534	994
535	538
536	597
536	599
536	988
537	599
537	842
537	890
539	643
539	645
539	827
540	780
541	867
541	972
543	562
543	616
543	952
544	641
544	683
544	992
545	768
545	981
546	558
546	575
546	632
547	568
547	772
547	811
548	568
548	903
549	607
549	910
552	621
552	798
552	956
553	760
553	869
554	919
556	638
556	703
557	574
558	602
558	648
559	563
559	583
560	741
561	671
562	573
563	802
564	617
565	895
566	604
566	954
567	884
571	793
572	781
572	962
572	967
573	583
573	902
574	983
576	959
577	905
578	600
578	830
579	593
579	694
580	589
581	669
582	668
582	877
583	896
584	641
584	880
585	644
585	899
587	594
587	673
587	705
588	918
589	594
589	725
589	784
589	811
590	624
590	963
591	691
591	808
591	856
592	696
593	854
593	976
594	901
595	607
595	711
597	633
598	677
600	601
600	788
600	928
601	730
601	899
601	952
602	971
603	935
604	701
604	791
605	740
605	796
606	669
606	716
608	974
609	673
609	813
611	718
612	712
612	861
613	746
613	890
616	632
616	769
616	938
617	637
617	734
617	737
618	805
618	831
618	1000
619	648
620	670
620	798
620	865
620	901
622	873
622	945
623	812
623	864
624	937
625	801
627	741
627	780
628	878
630	664
631	760
632	679
632	689
633	756
634	715
635	794
635	957
637	702
638	953
639	746
639	893
640	722
641	907
642	670
643	795
643	857
644	655
645	927
646	772
647	785
647	872
648	817
649	679
649	761
650	856
651	684
651	715
652	667
653	820
653	889
654	771
656	672
656	705
656	881
656	903
657	722
658	846
658	869
658	948
659	994
660	662
660	785
660	881
662	882
663	977
664	684
664	764
669	924
670	930
671	918
675	858
677	743
678	683
678	757
679	712
681	707
682	748
682	913
683	867
683	870
685	830
685	879
686	707
686	750
687	709
690	949
691	990
692	852
692	871
693	918
693	966
694	758
695	767
695	893
696	991
698	971
699	851
700	947
701	789
702	925
703	872
703	902
704	784
706	710
706	817
707	745
708	932
708	970
710	711
712	733
713	883
713	921
714	978
714	981
715	888
715	953
716	752
717	864
718	887
723	855
726	771
726	863
728	788
731	779
736	850
740	745
743	905
744	919
745	986
746	882
753	843
753	892
755	843
755	940
755	962
758	772
759	847
760	762
763	779
766	874
768	843
768	994
769	966
770	808
770	880
774	887
774	910
777	982
779	796
781	997
785	998
786	905
790	995
792	876
793	825
796	928
797	844
798	942
805	829
807	924
810	996
811	858
811	896
815	989
820	827
823	933
823	961
826	875
833	839
833	889
834	842
840	986
845	984
846	899
848	877
851	959
854	958
859	940
862	969
867	929
868	917
870	891
872	903
874	893
886	998
888	944
888	960
892	968
894	993
896	946
901	972
909	942
912	972
913	914
922	937
927	991
928	979
944	978
953	999
