1	2
1	15
1	32
1	33
1	38
1	51
1	75
1	76
1	97
1	99
1	112
1	115
1	140
1	146
1	151
1	153
1	154
1	186
1	188
1	202
1	219
1	223
1	230
1	235
1	237
1	248
1	274
1	309
1	329
1	346
1	359
1	394
1	402
1	414
1	424
1	435
1	441
1	473
1	533
1	541
1	547
1	567
1	604
1	611
1	739
1	772
1	803
1	898
1	903
1	978
2	7
2	9
2	15
2	33
2	39
2	49
2	53
2	67
2	76
2	78
2	88
2	97
2	116
2	127
2	130
2	133
2	140
2	204
2	212
2	230
2	239
2	247
2	262
2	275
2	287
2	328
2	394
2	400
2	424
2	429
2	443
2	448
2	512
2	514
2	536
2	565
2	567
2	603
2	622
2	635
2	669
2	690
2	754
2	768
2	938
2	974
2	978
3	10
3	13
3	35
3	49
3	55
3	62
3	66
3	81
3	83
3	84
3	86
3	95
3	96
3	102
3	114
3	121
3	122
3	123
3	128
3	137
3	139
3	144
3	177
3	180
3	184
3	206
3	212
3	214
3	217
3	234
3	280
3	306
3	308
3	310
3	332
3	367
3	371
3	486
3	539
3	555
3	561
3	602
3	615
3	791
3	843
3	862
3	981
4	8
4	9
4	12
4	16
4	19
4	27
4	32
4	33
4	34
4	36
4	61
4	68
4	75
4	80
4	90
4	98
4	118
4	166
4	173
4	179
4	206
4	219
4	290
4	295
4	313
4	324
4	331
4	408
4	425
4	430
4	446
4	447
4	531
4	543
4	593
4	715
4	729
4	761
4	788
4	805
4	849
4	924
4	943
4	955
4	972
4	990
5	10
5	11
5	26
5	34
5	40
5	54
5	101
5	104
5	118
5	164
5	182
5	204
5	210
5	255
5	258
5	267
5	289
5	325
5	340
5	374
5	375
5	379
5	391
5	413
5	415
5	433
5	437
5	446
5	447
5	459
5	480
5	500
5	559
5	587
5	588
5	646
5	698
5	720
5	722
5	726
5	761
5	864
5	923
5	928
5	983
6	11
6	12
6	17
6	18
6	32
6	43
6	51
6	61
6	65
6	75
6	106
6	130
6	180
6	183
6	196
6	230
6	248
6	251
6	257
6	263
6	275
6	314
6	353
6	369
6	376
6	385
6	439
6	478
6	492
6	496
6	548
6	569
6	621
6	659
6	676
6	719
6	723
6	747
6	880
6	905
6	923
6	933
6	944
6	959
6	988
7	9
7	15
7	17
7	30
7	57
7	76
7	88
7	116
7	126
7	127
7	171
7	186
7	190
7	191
7	201
7	215
7	216
7	244
7	247
7	249
7	257
7	262
7	282
7	314
7	321
7	329
7	331
7	394
7	399
7	423
7	443
7	448
7	490
7	583
7	595
7	620
7	624
7	683
7	744
7	755
7	757
7	768
7	853
7	940
8	14
8	16
8	19
8	23
8	27
8	32
8	34
8	35
8	51
8	61
8	75
8	125
8	127
8	174
8	180
8	206
8	210
8	219
8	223
8	236
8	290
8	347
8	381
8	411
8	416
8	463
8	468
8	483
8	511
8	520
8	524
8	599
8	613
8	628
8	629
8	638
8	640
8	675
8	695
8	751
8	919
8	982
8	990
9	30
9	47
9	57
9	59
9	107
9	116
9	127
9	143
9	147
9	152
9	171
9	181
9	203
9	205
9	215
9	216
9	226
9	244
9	247
9	249
9	329
9	335
9	345
9	399
9	423
9	429
9	450
9	506
9	637
9	659
9	669
9	694
9	716
9	742
9	755
9	803
9	851
9	880
9	950
9	974
10	11
10	22
10	26
10	28
10	33
10	49
10	54
10	60
10	72
10	73
10	90
10	95
10	102
10	104
10	135
10	176
10	223
10	228
10	250
10	287
10	289
10	325
10	336
10	380
10	433
10	521
10	564
10	566
10	592
10	626
10	649
10	697
10	766
10	831
10	838
10	876
10	936
10	948
10	956
10	971
11	29
11	40
11	58
11	62
11	72
11	73
11	81
11	123
11	135
11	150
11	159
11	164
11	194
11	235
11	255
11	273
11	280
11	289
11	308
11	310
11	332
11	364
11	391
11	433
11	477
11	493
11	527
11	544
11	563
11	615
11	619
11	632
11	687
11	701
11	794
11	855
11	869
11	998
12	16
12	23
12	36
12	39
12	43
12	44
12	49
12	61
12	74
12	77
12	82
12	120
12	148
12	149
12	153
12	168
12	218
12	219
12	237
12	275
12	298
12	306
12	328
12	331
12	339
12	358
12	396
12	450
12	484
12	507
12	606
12	680
12	729
12	767
12	814
12	829
12	933
12	961
13	28
13	40
13	52
13	58
13	66
13	72
13	81
13	85
13	92
13	122
13	123
13	132
13	143
13	164
13	166
13	184
13	209
13	214
13	231
13	240
13	245
13	284
13	299
13	300
13	317
13	328
13	340
13	349
13	455
13	501
13	555
13	566
13	665
13	741
13	835
13	855
13	862
13	881
13	894
14	15
14	19
14	27
14	32
14	44
14	45
14	50
14	71
14	92
14	124
14	131
14	176
14	182
14	218
14	236
14	285
14	286
14	290
14	316
14	347
14	396
14	406
14	469
14	507
14	513
14	557
14	597
14	615
14	695
14	701
14	705
14	746
14	756
14	799
14	805
14	896
14	943
14	955
14	993
15	33
15	39
15	50
15	68
15	71
15	76
15	124
15	129
15	131
15	139
15	146
15	149
15	174
15	178
15	204
15	237
15	336
15	345
15	420
15	471
15	511
15	513
15	521
15	541
15	548
15	565
15	582
15	630
15	635
15	660
15	705
15	728
15	762
15	827
15	844
15	955
16	19
16	23
16	34
16	35
16	36
16	41
16	61
16	70
16	76
16	80
16	98
16	118
16	174
16	195
16	206
16	210
16	218
16	290
16	494
16	511
16	516
16	551
16	554
16	560
16	628
16	638
16	717
16	730
16	784
16	788
16	847
16	860
16	864
16	887
16	960
16	982
17	18
17	43
17	47
17	75
17	91
17	106
17	117
17	148
17	162
17	168
17	189
17	247
17	251
17	260
17	283
17	295
17	296
17	307
17	331
17	346
17	369
17	450
17	480
17	486
17	492
17	498
17	517
17	531
17	558
17	595
17	606
17	624
17	812
17	870
17	887
17	933
17	962
18	27
18	32
18	43
18	47
18	49
18	75
18	91
18	106
18	144
18	168
18	172
18	189
18	257
18	283
18	295
18	296
18	298
18	307
18	331
18	358
18	385
18	443
18	496
18	503
18	517
18	531
18	582
18	595
18	634
18	659
18	669
18	713
18	869
18	894
18	952
18	962
19	23
19	35
19	36
19	44
19	48
19	57
19	68
19	75
19	118
19	148
19	150
19	174
19	187
19	210
19	218
19	219
19	245
19	290
19	302
19	340
19	463
19	483
19	494
19	557
19	579
19	613
19	650
19	663
19	683
19	747
19	784
19	822
19	906
19	993
20	31
20	45
20	53
20	56
20	77
20	83
20	87
20	98
20	100
20	103
20	116
20	135
20	186
20	252
20	266
20	297
20	301
20	311
20	326
20	359
20	502
20	525
20	534
20	600
20	625
20	633
20	647
20	653
20	692
20	707
20	718
20	807
20	815
20	846
20	859
20	916
20	963
20	979
21	24
21	25
21	26
21	27
21	37
21	45
21	46
21	53
21	63
21	65
21	77
21	83
21	89
21	103
21	105
21	109
21	171
21	229
21	238
21	300
21	405
21	460
21	461
21	507
21	508
21	510
21	518
21	528
21	608
21	625
21	683
21	718
21	739
21	770
21	809
21	836
21	901
21	938
22	24
22	25
22	26
22	37
22	46
22	48
22	55
22	57
22	63
22	71
22	79
22	89
22	91
22	101
22	103
22	105
22	120
22	152
22	185
22	197
22	244
22	268
22	319
22	338
22	344
22	371
22	397
22	442
22	485
22	488
22	523
22	683
22	744
22	809
22	816
22	985
22	991
23	27
23	32
23	36
23	41
23	44
23	68
23	80
23	98
23	110
23	118
23	134
23	148
23	169
23	173
23	182
23	213
23	232
23	238
23	290
23	302
23	339
23	381
23	415
23	459
23	550
23	572
23	673
23	676
23	715
23	825
23	858
23	905
23	918
23	919
24	25
24	26
24	35
24	38
24	46
24	48
24	59
24	63
24	79
24	83
24	89
24	116
24	120
24	134
24	185
24	197
24	219
24	222
24	233
24	253
24	282
24	344
24	377
24	461
24	465
24	532
24	675
24	732
24	743
24	816
24	822
24	875
24	927
24	961
24	985
25	26
25	29
25	48
25	50
25	57
25	63
25	79
25	89
25	105
25	117
25	120
25	134
25	152
25	158
25	179
25	181
25	233
25	333
25	495
25	538
25	584
25	603
25	637
25	654
25	666
25	678
25	682
25	690
25	702
25	717
25	927
25	938
25	976
25	991
26	35
26	48
26	63
26	69
26	83
26	89
26	103
26	105
26	117
26	120
26	152
26	171
26	179
26	205
26	229
26	268
26	344
26	384
26	442
26	465
26	509
26	532
26	583
26	590
26	646
26	678
26	693
26	744
26	850
26	931
26	963
27	33
27	35
27	39
27	45
27	50
27	71
27	79
27	98
27	124
27	148
27	173
27	174
27	286
27	337
27	373
27	380
27	406
27	431
27	464
27	520
27	550
27	619
27	689
27	705
27	722
27	728
27	858
27	883
27	891
27	915
27	983
28	52
28	85
28	87
28	92
28	99
28	122
28	133
28	142
28	155
28	178
28	199
28	200
28	207
28	223
28	234
28	250
28	254
28	265
28	294
28	363
28	368
28	388
28	401
28	416
28	426
28	432
28	505
28	617
28	629
28	647
28	682
28	731
28	838
28	890
28	980
29	38
29	41
29	69
29	73
29	94
29	104
29	152
29	161
29	167
29	205
29	261
29	318
29	322
29	323
29	326
29	335
29	363
29	416
29	449
29	458
29	504
29	508
29	545
29	554
29	555
29	616
29	618
29	708
29	711
29	724
29	780
29	828
29	921
29	984
30	39
30	47
30	57
30	78
30	88
30	157
30	179
30	183
30	196
30	201
30	203
30	215
30	226
30	229
30	230
30	244
30	268
30	321
30	328
30	329
30	370
30	397
30	399
30	414
30	423
30	477
30	512
30	549
30	595
30	659
30	688
30	742
30	841
30	915
31	37
31	53
31	56
31	69
31	77
31	93
31	109
31	117
31	145
31	148
31	224
31	252
31	264
31	277
31	326
31	357
31	360
31	362
31	365
31	405
31	438
31	454
31	469
31	526
31	534
31	561
31	564
31	594
31	701
31	738
31	808
31	859
31	863
31	932
31	986
32	43
32	44
32	47
32	51
32	59
32	75
32	195
32	219
32	261
32	385
32	410
32	451
32	496
32	530
32	558
32	580
32	598
32	606
32	721
32	736
32	740
32	751
32	768
32	840
32	852
32	897
32	905
32	947
32	968
33	50
33	67
33	71
33	74
33	84
33	88
33	124
33	141
33	146
33	174
33	200
33	227
33	232
33	236
33	246
33	269
33	274
33	347
33	462
33	482
33	580
33	592
33	595
33	650
33	660
33	681
33	765
33	819
33	820
34	35
34	36
34	67
34	68
34	81
34	98
34	123
34	173
34	199
34	206
34	334
34	378
34	379
34	506
34	542
34	550
34	551
34	560
34	568
34	594
34	611
34	641
34	653
34	656
34	689
34	736
34	786
34	866
34	879
34	887
35	44
35	60
35	61
35	80
35	110
35	118
35	124
35	128
35	166
35	347
35	413
35	425
35	437
35	449
35	468
35	520
35	589
35	591
35	597
35	599
35	676
35	720
35	774
35	858
35	864
36	37
36	80
36	85
36	133
36	146
36	173
36	174
36	187
36	206
36	218
36	222
36	243
36	258
36	324
36	339
36	425
36	437
36	530
36	594
36	613
36	628
36	655
36	663
36	670
36	982
37	49
37	53
37	65
37	70
37	86
37	103
37	130
37	145
37	186
37	221
37	242
37	270
37	277
37	346
37	360
37	365
37	371
37	414
37	490
37	534
37	546
37	572
37	581
37	608
37	667
37	826
37	929
38	41
38	42
38	64
38	85
38	92
38	94
38	101
38	102
38	108
38	136
38	153
38	326
38	335
38	386
38	388
38	487
38	491
38	545
38	555
38	607
38	684
38	696
38	753
38	760
38	818
38	858
38	930
39	67
39	127
39	139
39	149
39	190
39	191
39	201
39	204
39	205
39	216
39	233
39	262
39	275
39	287
39	377
39	514
39	617
39	669
39	686
39	792
39	856
39	882
39	909
39	962
39	980
40	60
40	81
40	104
40	113
40	125
40	132
40	137
40	138
40	150
40	159
40	177
40	201
40	241
40	278
40	289
40	383
40	418
40	540
40	561
40	653
40	654
40	673
40	807
40	874
40	931
40	953
40	975
41	48
41	94
41	133
41	145
41	167
41	326
41	416
41	428
41	449
41	458
41	607
41	633
41	708
41	709
41	763
41	780
41	800
41	815
41	834
41	875
41	893
41	951
41	958
41	970
41	975
42	52
42	84
42	100
42	111
42	114
42	133
42	151
42	182
42	198
42	256
42	330
42	363
42	373
42	438
42	491
42	508
42	519
42	548
42	553
42	643
42	651
42	724
42	780
42	885
42	937
42	964
42	975
42	984
43	68
43	78
43	91
43	106
43	160
43	183
43	189
43	251
43	283
43	358
43	385
43	478
43	484
43	536
43	558
43	586
43	679
43	713
43	759
43	793
43	852
43	853
43	912
43	942
44	84
44	98
44	110
44	124
44	195
44	234
44	236
44	313
44	324
44	334
44	347
44	381
44	468
44	471
44	516
44	676
44	725
44	745
44	751
44	767
44	788
44	851
44	993
45	53
45	69
45	77
45	86
45	103
45	163
45	221
45	232
45	238
45	262
45	264
45	301
45	319
45	343
45	362
45	372
45	445
45	510
45	522
45	534
45	625
45	801
45	834
45	899
45	928
46	48
46	57
46	89
46	116
46	153
46	179
46	191
46	207
46	222
46	229
46	268
46	344
46	442
46	445
46	499
46	510
46	532
46	573
46	583
46	602
46	678
46	717
46	732
46	770
46	807
46	892
47	57
47	88
47	91
47	169
47	175
47	188
47	189
47	205
47	211
47	216
47	224
47	275
47	287
47	314
47	361
47	431
47	443
47	456
47	498
47	620
47	627
47	840
47	933
48	57
48	63
48	79
48	120
48	142
48	158
48	168
48	264
48	338
48	354
48	515
48	523
48	528
48	577
48	584
48	609
48	620
48	678
48	745
48	817
48	822
49	62
49	73
49	81
49	104
49	123
49	137
49	144
49	159
49	180
49	187
49	255
49	284
49	305
49	341
49	398
49	433
49	481
49	516
49	791
49	862
49	911
50	68
50	93
50	122
50	124
50	146
50	173
50	178
50	204
50	232
50	236
50	260
50	269
50	347
50	389
50	511
50	537
50	591
50	897
50	946
50	967
50	972
50	973
51	61
51	74
51	75
51	78
51	130
51	173
51	195
51	260
51	263
51	318
51	324
51	342
51	409
51	464
51	550
51	599
51	673
51	685
51	747
51	764
51	813
51	844
51	922
52	82
52	85
52	93
52	119
52	143
52	191
52	268
52	291
52	311
52	322
52	366
52	400
52	412
52	505
52	529
52	543
52	651
52	664
52	672
52	779
52	838
52	885
52	895
52	989
53	56
53	72
53	77
53	86
53	120
53	202
53	220
53	221
53	227
53	238
53	252
53	266
53	300
53	311
53	335
53	343
53	381
53	546
53	564
53	657
53	986
54	60
54	78
54	82
54	110
54	125
54	168
54	248
54	255
54	352
54	384
54	436
54	463
54	520
54	547
54	593
54	638
54	655
54	720
54	749
54	866
54	869
54	928
54	948
54	987
55	72
55	73
55	116
55	123
55	128
55	135
55	156
55	165
55	212
55	231
55	243
55	278
55	284
55	303
55	384
55	398
55	538
55	544
55	557
55	602
55	694
55	833
55	954
55	970
56	69
56	96
56	110
56	117
56	121
56	163
56	167
56	192
56	229
56	238
56	253
56	266
56	362
56	365
56	438
56	466
56	605
56	632
56	643
56	662
56	891
56	899
56	920
57	134
57	151
57	158
57	181
57	191
57	204
57	240
57	294
57	319
57	320
57	409
57	499
57	531
57	568
57	604
57	675
57	782
58	60
58	62
58	66
58	70
58	73
58	96
58	113
58	139
58	176
58	194
58	209
58	273
58	284
58	359
58	406
58	418
58	544
58	562
58	575
58	611
58	614
58	686
58	765
58	936
59	67
59	79
59	105
59	107
59	150
59	155
59	190
59	229
59	235
59	279
59	296
59	320
59	329
59	361
59	418
59	439
59	468
59	485
59	635
59	772
59	816
59	909
60	72
60	104
60	182
60	207
60	303
60	352
60	380
60	384
60	407
60	473
60	492
60	524
60	547
60	549
60	559
60	698
60	730
60	794
60	833
60	979
61	74
61	82
61	88
61	115
61	166
61	174
61	256
61	341
61	350
61	369
61	557
61	587
61	640
61	746
61	845
61	860
61	925
61	959
62	64
62	71
62	73
62	96
62	100
62	102
62	108
62	113
62	175
62	194
62	211
62	221
62	390
62	391
62	392
62	539
62	634
62	646
62	697
62	934
62	970
63	69
63	83
63	117
63	120
63	171
63	179
63	197
63	213
63	226
63	229
63	272
63	287
63	526
63	532
63	623
63	666
63	797
63	876
63	976
64	103
64	107
64	108
64	123
64	164
64	200
64	212
64	213
64	217
64	227
64	270
64	273
64	280
64	332
64	357
64	422
64	475
64	543
64	571
64	697
64	799
64	828
64	939
65	70
65	100
65	112
65	163
65	169
65	192
65	202
65	216
65	225
65	297
65	322
65	359
65	402
65	412
65	525
65	600
65	643
65	644
65	677
65	785
65	965
65	997
66	73
66	117
66	121
66	132
66	211
66	246
66	254
66	265
66	304
66	349
66	368
66	378
66	470
66	611
66	639
66	653
66	663
66	671
66	687
66	806
66	826
67	71
67	99
67	117
67	141
67	153
67	186
67	204
67	269
67	271
67	274
67	279
67	346
67	393
67	424
67	489
67	623
67	630
67	812
67	827
68	82
68	124
68	217
68	236
68	417
68	450
68	468
68	557
68	565
68	621
68	689
68	695
68	799
68	906
68	939
68	993
69	77
69	83
69	109
69	120
69	319
69	333
69	345
69	435
69	441
69	464
69	485
69	532
69	668
69	821
69	859
69	899
69	966
70	71
70	94
70	101
70	133
70	163
70	207
70	217
70	223
70	261
70	272
70	322
70	366
70	487
70	644
70	650
70	797
70	871
70	921
70	930
71	107
71	115
71	121
71	129
71	136
71	178
71	200
71	366
71	482
71	549
71	733
71	746
71	946
71	973
71	983
72	73
72	113
72	156
72	228
72	255
72	327
72	334
72	378
72	481
72	562
72	583
72	651
72	702
72	766
72	923
72	924
72	955
73	87
73	102
73	104
73	132
73	139
73	173
73	303
73	325
73	540
73	547
73	634
73	791
73	935
74	107
74	146
74	153
74	197
74	201
74	230
74	279
74	293
74	435
74	457
74	464
74	645
74	660
74	669
74	764
74	769
74	860
74	934
75	106
75	196
75	258
75	324
75	362
75	430
75	498
75	579
75	754
75	758
75	777
75	867
75	977
76	78
76	82
76	88
76	115
76	152
76	230
76	274
76	370
76	435
76	441
76	526
76	630
76	636
76	641
76	690
76	736
76	978
77	117
77	166
77	188
77	221
77	264
77	343
77	354
77	460
77	584
77	625
77	691
77	794
77	901
77	995
78	82
78	88
78	141
78	147
78	282
78	298
78	394
78	484
78	512
78	514
78	569
78	693
78	780
78	812
78	918
79	105
79	109
79	229
79	233
79	264
79	333
79	509
79	666
79	699
79	714
79	744
79	810
79	865
79	925
79	994
80	98
80	147
80	184
80	218
80	298
80	329
80	339
80	352
80	498
80	511
80	530
80	574
80	725
80	788
80	906
80	943
81	117
81	123
81	128
81	132
81	155
81	211
81	343
81	383
81	392
81	694
81	707
81	804
81	894
81	951
81	984
82	88
82	95
82	103
82	107
82	153
82	193
82	257
82	314
82	424
82	490
82	617
82	767
82	920
82	944
83	90
83	97
83	109
83	197
83	221
83	222
83	319
83	372
83	397
83	461
83	515
83	572
83	618
83	836
84	114
84	138
84	143
84	160
84	170
84	304
84	317
84	353
84	428
84	491
84	504
84	529
84	664
84	779
84	857
84	881
84	921
85	91
85	92
85	99
85	101
85	106
85	201
85	256
85	259
85	304
85	348
85	386
85	500
85	539
85	552
85	984
85	989
86	123
86	145
86	167
86	179
86	242
86	277
86	311
86	360
86	372
86	387
86	499
86	601
86	642
86	667
86	913
86	949
86	997
87	101
87	119
87	239
87	252
87	270
87	348
87	350
87	355
87	374
87	422
87	571
87	665
87	682
87	710
87	748
87	750
87	753
88	146
88	215
88	296
88	336
88	402
88	429
88	450
88	536
88	622
88	636
88	861
89	105
89	117
89	191
89	226
89	363
89	370
89	397
89	553
89	570
89	717
89	817
89	822
89	841
89	866
90	144
90	228
90	233
90	284
90	364
90	383
90	390
90	410
90	433
90	467
90	540
90	588
90	626
90	627
90	743
90	869
90	900
91	95
91	106
91	196
91	263
91	331
91	396
91	586
91	659
91	677
91	713
91	723
91	768
91	880
91	947
92	122
92	136
92	207
92	265
92	350
92	375
92	400
92	426
92	427
92	545
92	715
92	750
92	811
92	828
92	835
93	114
93	138
93	151
93	170
93	198
93	224
93	351
93	356
93	373
93	462
93	475
93	486
93	552
93	575
93	680
93	987
94	161
94	241
94	249
94	305
94	316
94	504
94	553
94	708
94	709
94	818
94	878
94	913
94	916
94	940
94	949
95	164
95	184
95	186
95	241
95	250
95	327
95	367
95	383
95	398
95	403
95	410
95	493
95	892
95	945
95	981
96	121
96	128
96	194
96	212
96	280
96	315
96	489
96	544
96	545
96	639
96	661
96	733
96	824
96	889
96	954
97	103
97	120
97	140
97	149
97	197
97	202
97	235
97	370
97	520
97	567
97	604
97	674
97	681
97	700
97	841
97	856
98	174
98	200
98	272
98	285
98	425
98	725
98	751
98	825
98	829
98	967
98	986
99	101
99	108
99	112
99	151
99	271
99	279
99	348
99	416
99	422
99	502
99	632
99	647
99	798
99	816
99	855
100	202
100	271
100	300
100	301
100	318
100	346
100	354
100	355
100	421
100	513
100	657
100	674
100	691
100	919
101	119
101	234
101	294
101	386
101	502
101	514
101	545
101	665
101	760
101	837
101	935
102	122
102	172
102	183
102	231
102	259
102	395
102	440
102	455
102	493
102	610
102	810
102	943
102	945
103	117
103	221
103	442
103	454
103	528
103	654
103	745
103	808
103	902
104	177
104	248
104	307
104	313
104	343
104	364
104	410
104	467
104	495
104	790
104	931
105	185
105	229
105	423
105	532
105	570
105	590
105	675
105	686
105	702
105	847
105	959
106	168
106	171
106	173
106	196
106	239
106	569
106	595
106	713
106	747
106	769
106	961
107	154
107	193
107	246
107	285
107	286
107	473
107	489
107	548
107	681
107	700
107	718
107	803
108	112
108	119
108	175
108	199
108	207
108	211
108	256
108	280
108	355
108	367
108	742
108	743
108	941
108	954
109	119
109	158
109	181
109	197
109	311
109	377
109	626
109	668
109	722
109	809
109	817
109	845
110	128
110	302
110	340
110	342
110	379
110	415
110	472
110	497
110	597
110	680
110	698
110	767
111	114
111	224
111	312
111	351
111	353
111	376
111	400
111	427
111	529
111	535
111	601
111	651
111	782
111	877
111	904
111	987
112	181
112	197
112	202
112	235
112	271
112	282
112	350
112	476
112	533
112	677
112	757
112	772
112	785
113	135
113	273
113	276
113	303
113	310
113	378
113	527
113	561
113	810
113	912
113	922
113	934
113	992
114	151
114	162
114	323
114	349
114	370
114	462
114	724
114	842
114	844
114	895
114	942
114	962
115	116
115	188
115	193
115	237
115	396
115	404
115	439
115	454
115	492
115	630
115	637
115	764
115	792
116	240
116	310
116	336
116	426
116	448
116	490
116	623
116	714
116	716
117	152
117	221
117	442
117	570
117	965
118	302
118	490
118	578
118	579
118	655
118	740
118	751
118	943
118	944
118	947
119	140
119	165
119	207
119	208
119	341
119	347
119	357
119	422
119	452
119	500
119	682
120	448
120	461
120	573
120	762
120	785
120	817
121	194
121	200
121	211
121	544
121	551
121	561
121	611
121	671
121	752
121	864
121	911
122	222
122	265
122	404
122	407
122	488
122	556
122	591
122	951
122	970
122	986
123	181
123	242
123	288
123	368
123	455
123	671
123	806
124	146
124	232
124	453
124	569
124	737
124	805
124	897
125	184
125	228
125	243
125	284
125	293
125	334
125	395
125	418
125	527
125	626
125	839
125	908
126	242
126	252
126	266
126	322
126	379
126	449
126	466
126	618
126	667
126	688
126	783
126	826
126	846
126	863
127	147
127	155
127	175
127	203
127	281
127	282
127	290
127	377
127	518
127	565
128	144
128	213
128	380
128	429
128	602
128	656
128	671
128	749
128	789
129	149
129	173
129	174
129	195
129	233
129	477
129	799
129	840
129	930
129	946
129	957
129	964
129	990
130	142
130	146
130	211
130	293
130	336
130	548
130	699
130	795
130	814
130	891
130	907
131	142
131	149
131	173
131	185
131	212
131	217
131	285
131	389
131	417
131	489
131	537
131	671
131	820
132	199
132	208
132	243
132	291
132	521
132	646
132	648
132	874
132	906
132	913
133	182
133	234
133	265
133	422
133	458
133	571
133	616
133	660
133	917
134	187
134	190
134	215
134	336
134	344
134	431
134	441
134	523
134	745
134	762
134	781
135	137
135	165
135	214
135	241
135	276
135	354
135	409
135	562
135	743
135	794
136	142
136	293
136	306
136	363
136	366
136	370
136	421
136	453
136	576
136	585
136	737
136	957
137	164
137	243
137	248
137	273
137	372
137	527
137	538
137	649
137	761
137	914
137	960
138	160
138	162
138	177
138	189
138	317
138	400
138	419
138	475
138	661
138	672
138	779
138	874
139	144
139	159
139	170
139	184
139	259
139	308
139	410
139	440
139	481
139	698
140	149
140	237
140	279
140	336
140	471
140	739
140	819
140	861
140	898
140	967
141	146
141	155
141	186
141	346
141	401
141	478
141	499
141	592
141	636
141	885
141	999
142	170
142	217
142	220
142	375
142	422
142	453
142	585
142	705
142	778
143	168
143	289
143	294
143	312
143	392
143	500
143	575
143	781
143	790
143	989
144	231
144	341
144	403
144	562
144	618
144	631
144	652
144	804
145	161
145	305
145	405
145	442
145	596
145	618
145	701
145	709
145	733
145	766
146	257
146	300
146	809
146	844
147	191
147	257
147	275
147	288
147	471
147	490
147	690
147	700
147	731
147	938
148	260
148	302
148	456
148	457
148	520
148	840
148	939
148	971
149	155
149	269
149	368
149	393
149	537
149	778
149	856
150	164
150	176
150	180
150	303
150	327
150	392
150	407
150	722
150	876
150	936
151	162
151	245
151	315
151	317
151	353
151	474
151	711
151	802
152	171
152	185
152	222
152	270
152	514
152	622
152	974
153	155
153	260
153	396
153	503
153	769
153	798
153	896
154	158
154	186
154	220
154	355
154	476
154	563
154	608
154	779
154	800
154	879
154	932
154	949
155	170
155	175
155	196
155	279
155	429
155	714
155	735
156	165
156	180
156	194
156	225
156	259
156	341
156	436
156	582
156	643
156	996
156	1000
157	193
157	256
157	317
157	349
157	376
157	412
157	451
157	462
157	474
157	475
157	543
157	577
158	235
158	268
158	401
158	473
158	509
158	541
158	573
158	973
159	182
159	284
159	289
159	679
159	776
159	928
159	941
159	948
159	1000
160	162
160	199
160	315
160	356
160	369
160	373
160	486
160	501
160	842
160	996
161	261
161	294
161	472
161	633
161	691
161	763
161	857
161	875
161	917
161	968
162	291
162	330
162	491
162	530
162	535
162	759
162	823
162	966
163	225
163	277
163	300
163	513
163	533
163	546
163	757
163	776
163	929
164	538
164	539
164	562
164	609
164	653
164	694
165	207
165	254
165	353
165	482
165	574
165	598
165	719
165	830
165	903
166	258
166	272
166	316
166	446
166	506
166	507
166	872
166	977
167	242
167	380
167	430
167	457
167	554
167	643
167	688
167	696
167	889
168	189
168	257
168	298
168	558
168	678
168	758
169	225
169	253
169	271
169	301
169	359
169	402
169	606
169	677
169	800
169	902
170	291
170	427
170	462
170	501
170	603
170	634
170	843
170	903
171	244
171	287
171	723
171	732
171	777
171	841
172	180
172	184
172	231
172	259
172	276
172	349
172	395
172	432
172	495
172	562
172	771
173	420
173	574
174	187
174	883
174	897
175	201
175	240
175	249
175	314
175	394
175	735
175	838
175	974
176	334
176	406
176	407
176	418
176	497
176	540
176	652
176	756
177	214
177	234
177	245
177	349
177	351
177	400
177	406
177	884
178	389
178	585
178	621
178	658
178	748
178	802
178	893
178	988
179	377
179	490
179	515
179	622
179	759
180	231
180	241
180	248
180	327
180	646
181	245
181	281
181	399
181	461
181	526
181	852
182	258
182	415
182	420
182	466
182	849
183	190
183	196
183	239
183	283
183	361
183	441
183	450
183	565
184	321
184	433
184	527
184	634
184	839
185	229
185	233
185	509
185	609
185	775
185	865
185	985
186	253
186	567
186	709
186	898
187	210
187	352
187	365
187	381
187	549
187	721
187	888
188	205
188	215
188	473
188	567
188	637
188	684
188	779
188	952
189	307
189	439
189	498
189	517
189	713
189	912
190	195
190	249
190	265
190	345
190	423
190	443
190	622
191	320
191	334
191	423
191	442
191	465
192	237
192	252
192	267
192	297
192	318
192	350
192	522
192	783
192	875
192	913
193	254
193	274
193	275
193	393
193	418
193	621
193	915
193	963
194	273
194	278
194	333
194	652
194	749
194	953
195	210
195	258
195	313
195	340
195	789
195	872
196	215
196	249
196	385
196	582
196	642
197	271
197	274
197	355
197	837
198	335
198	351
198	368
198	376
198	586
198	711
198	775
198	842
198	877
198	890
199	368
199	404
199	409
199	427
199	486
199	556
199	782
200	209
200	246
200	286
200	510
200	612
200	681
201	328
201	439
201	494
201	739
201	742
202	235
202	533
202	553
202	691
202	816
202	856
203	233
203	287
203	322
203	396
203	575
203	692
203	803
203	880
203	922
204	244
204	274
204	329
204	620
204	762
205	226
205	249
205	281
205	435
205	439
205	526
206	219
206	272
206	425
206	615
206	676
207	388
207	797
207	886
208	209
208	315
208	373
208	547
208	704
208	727
208	773
208	775
208	904
209	288
209	308
209	403
209	417
209	481
209	707
209	951
210	218
210	267
210	437
210	637
210	888
211	332
211	366
211	432
211	556
212	246
212	285
212	558
212	585
212	658
213	267
213	272
213	411
213	420
213	579
213	594
213	860
214	299
214	404
214	493
214	603
214	707
214	892
214	970
215	239
215	240
215	271
215	321
216	239
216	314
216	423
216	431
216	699
216	878
217	286
217	408
217	464
217	710
217	820
218	342
218	488
218	594
218	813
219	415
219	589
219	979
220	223
220	300
220	341
220	401
220	501
220	535
220	710
220	884
221	584
221	656
221	861
222	319
222	362
222	836
222	932
222	995
223	355
223	357
223	750
223	797
223	861
224	315
224	373
224	474
224	519
224	664
224	823
224	942
225	253
225	346
225	354
225	459
225	460
225	815
225	968
226	329
226	344
226	390
226	397
226	633
226	853
227	286
227	306
227	470
227	554
227	606
227	705
227	710
227	737
228	243
228	248
228	321
228	453
228	542
228	729
228	876
229	693
230	512
230	662
230	753
230	812
230	907
231	243
231	299
231	697
231	704
231	850
232	427
232	599
232	650
232	740
232	784
232	931
233	268
233	721
233	974
234	308
234	394
234	665
234	819
234	886
235	531
235	737
235	898
235	918
236	302
236	404
236	431
236	537
236	689
237	240
237	369
237	477
237	844
237	978
238	277
238	311
238	405
238	625
238	704
238	913
239	262
239	456
239	503
239	755
239	769
240	281
240	309
240	431
240	716
240	777
241	254
241	299
241	588
241	738
241	776
241	843
242	277
242	434
242	445
242	601
242	783
242	826
243	250
243	303
243	730
243	900
244	247
244	282
244	321
244	456
244	568
245	256
245	504
245	552
245	577
245	842
246	313
246	366
246	731
246	752
246	821
247	377
247	492
247	582
247	683
247	699
248	406
248	410
248	542
249	644
249	686
249	692
250	278
250	310
250	378
250	390
250	538
250	899
251	263
251	283
251	434
251	827
251	912
251	947
251	998
252	288
252	387
252	662
252	933
253	510
253	589
253	654
253	685
253	899
254	299
254	317
254	327
254	539
254	610
255	325
255	505
255	532
255	627
255	694
256	317
256	575
256	771
256	971
257	258
257	464
257	658
258	317
258	340
258	786
259	361
259	472
259	552
259	598
259	752
260	479
260	513
260	524
260	769
260	907
261	323
261	335
261	502
261	525
261	555
261	968
262	296
262	336
262	777
262	950
262	977
263	293
263	315
263	432
263	443
263	478
263	624
264	362
264	413
264	485
264	702
264	750
265	304
265	436
265	502
265	804
266	360
266	480
266	522
266	564
266	770
266	995
267	347
267	381
267	638
267	715
267	774
267	915
268	399
268	526
268	686
269	371
269	453
269	496
269	650
269	681
269	905
270	286
270	371
270	401
270	543
270	886
270	953
271	598
271	691
271	734
272	342
272	513
272	858
272	905
273	390
273	410
273	631
273	985
274	283
274	610
274	976
275	293
275	754
275	976
276	399
276	407
276	455
276	485
276	556
276	566
276	649
277	449
277	526
277	581
277	956
278	332
278	339
278	482
278	627
278	776
278	881
279	295
279	338
279	759
279	772
280	366
280	459
280	741
280	806
280	833
281	320
281	448
281	492
281	514
281	857
281	991
282	399
282	431
282	443
282	609
283	434
283	558
283	758
283	787
284	509
284	639
284	904
285	286
285	393
285	408
285	617
285	884
286	624
286	989
287	533
287	666
287	714
288	508
288	684
288	802
288	932
288	937
288	965
289	373
289	380
289	948
290	337
290	385
291	345
291	505
291	629
291	873
291	941
292	372
292	581
292	601
292	605
292	618
292	734
292	871
292	887
292	975
293	723
293	795
293	827
294	341
294	741
294	837
294	886
295	496
295	558
295	565
295	699
295	961
296	503
296	551
296	693
296	911
297	344
297	350
297	657
297	843
297	920
297	932
298	563
298	814
298	848
298	907
299	358
299	383
299	427
299	727
300	460
300	949
301	472
301	567
301	608
301	889
301	917
302	574
302	621
302	829
303	325
303	384
303	835
304	351
304	610
304	704
304	914
304	945
305	349
305	871
305	875
305	916
305	929
305	937
306	552
306	671
306	741
306	765
306	957
307	361
307	434
307	777
307	880
307	959
308	395
308	458
308	566
308	596
309	369
309	434
309	455
309	592
309	599
309	617
309	827
310	391
310	494
310	646
310	911
311	372
311	791
311	821
312	376
312	453
312	519
312	672
312	712
312	740
312	941
313	550
313	640
313	873
313	883
314	324
314	580
314	812
315	351
315	356
315	782
316	324
316	389
316	411
316	636
316	658
316	670
317	475
318	466
318	555
318	863
318	929
318	940
319	445
319	515
319	668
320	423
320	424
320	446
320	572
320	702
321	435
321	448
321	568
322	518
322	601
322	616
323	356
323	366
323	672
323	711
323	914
323	958
324	640
324	740
325	391
325	435
325	444
325	522
326	365
326	460
326	701
326	950
327	413
327	415
327	787
327	895
328	333
328	397
328	609
328	668
329	641
330	356
330	419
330	437
330	672
330	796
330	857
330	903
331	457
331	480
331	961
332	392
332	436
332	765
332	798
333	345
333	686
333	808
333	991
334	440
334	729
334	888
335	449
335	472
335	708
336	444
337	411
337	437
337	468
337	578
337	587
337	813
337	978
338	359
338	465
338	637
338	757
338	856
338	882
339	430
339	542
339	784
339	944
340	452
340	540
340	680
341	495
341	505
342	464
342	530
342	630
342	676
342	996
343	365
343	685
343	863
343	901
344	393
344	397
345	439
345	870
345	927
346	563
346	833
347	408
348	388
348	571
348	647
348	767
348	835
348	988
349	525
349	893
350	452
350	674
350	682
351	407
351	706
351	727
352	459
352	516
352	561
352	831
352	847
353	475
353	539
353	614
353	966
354	476
354	668
354	703
354	859
355	451
355	566
356	367
356	648
356	878
357	501
357	502
357	673
357	951
358	496
358	723
358	758
358	793
359	632
359	808
360	564
360	605
360	625
360	720
361	548
361	635
361	793
362	703
362	821
363	756
363	780
363	819
364	605
364	727
364	810
364	879
364	981
365	688
365	834
367	412
367	436
367	623
367	706
368	521
368	778
369	473
369	848
370	744
370	909
371	544
371	911
371	946
372	454
372	854
373	964
374	379
374	436
374	468
374	529
374	698
374	720
375	416
375	482
375	576
375	668
375	750
376	428
376	712
376	796
377	675
377	853
378	600
378	619
378	936
379	547
379	559
379	721
380	413
380	467
381	628
381	774
382	391
382	413
382	578
382	613
382	656
382	700
382	832
382	833
383	438
383	862
383	992
384	482
384	894
384	923
385	496
385	952
386	598
386	667
386	748
386	988
386	991
387	402
387	586
387	657
387	834
387	940
387	997
388	422
388	461
388	576
388	710
389	417
389	819
389	901
389	939
390	519
390	626
390	914
391	403
391	837
392	491
392	556
392	593
393	585
393	778
393	820
394	434
394	640
395	404
395	495
395	575
395	924
396	528
396	587
397	949
398	432
398	467
398	704
398	810
398	998
399	536
400	648
400	781
401	533
401	649
401	884
402	483
402	807
402	861
403	467
403	602
403	631
403	706
404	631
404	868
405	696
405	734
405	852
405	901
406	997
406	1000
407	463
407	900
408	483
408	584
408	589
408	994
409	651
409	771
409	791
409	867
410	741
411	530
411	611
411	679
411	795
412	504
412	529
412	543
412	883
413	444
413	860
414	477
414	524
414	525
414	645
414	999
415	437
415	830
416	799
416	964
417	432
417	746
417	888
417	999
418	649
418	726
419	474
419	535
419	623
419	664
419	890
419	966
420	437
420	455
420	470
420	736
421	511
421	667
421	801
421	818
421	828
421	910
422	571
424	541
424	809
424	865
425	479
425	544
425	813
426	428
426	672
426	877
426	936
426	964
427	432
427	685
428	488
428	505
428	802
428	926
429	484
429	512
429	994
430	591
430	599
430	673
430	910
431	716
432	738
433	749
433	900
434	506
434	882
435	692
436	653
436	939
438	445
438	800
438	804
438	811
440	481
440	603
440	614
440	971
441	620
441	703
444	551
444	580
444	679
444	925
445	454
445	734
446	540
446	730
446	981
447	560
447	597
447	628
447	867
447	872
448	498
449	487
450	622
451	500
451	504
451	596
451	790
452	489
452	660
452	900
452	980
453	972
454	466
454	850
455	931
456	479
456	507
456	792
457	795
457	848
457	925
458	462
458	703
458	763
459	673
459	977
460	848
460	863
461	654
462	529
463	549
463	638
463	756
465	590
465	693
465	839
466	902
466	995
467	613
467	722
469	522
469	607
469	616
469	688
469	696
470	511
470	728
470	731
470	846
471	541
471	792
471	803
472	871
472	878
473	999
474	505
474	764
474	989
475	577
476	524
476	644
476	645
476	908
477	687
477	814
478	614
478	636
478	896
479	484
479	498
479	503
479	582
480	848
480	917
480	922
481	726
481	752
482	517
483	512
483	551
483	825
484	635
484	870
485	678
485	717
486	519
486	937
487	508
487	662
487	712
487	783
488	771
488	775
488	996
489	652
489	733
491	707
491	790
492	663
493	539
493	652
493	934
494	670
494	832
494	969
495	639
495	838
497	573
497	655
497	670
497	774
497	866
499	515
499	518
499	702
500	835
500	893
501	577
501	921
502	553
503	853
503	887
504	555
506	593
506	689
506	972
507	754
507	840
508	657
508	854
509	570
509	865
510	528
510	701
512	692
513	737
514	615
515	534
515	675
516	656
516	883
516	993
517	569
517	586
517	670
518	608
518	662
518	703
519	591
519	937
520	789
521	652
521	796
521	868
522	703
522	1000
523	525
523	570
523	614
523	735
524	560
524	969
525	807
527	868
527	927
528	534
528	963
529	768
530	973
531	947
531	994
533	786
534	708
535	823
535	966
535	987
536	612
536	907
536	925
537	636
537	687
537	728
538	596
538	627
540	643
541	824
541	999
542	597
542	698
542	928
543	830
545	661
545	712
546	550
546	608
546	685
546	910
547	960
548	944
549	578
549	787
550	619
551	641
552	661
552	881
553	661
553	710
554	581
554	642
554	920
556	924
556	981
557	560
557	613
559	641
559	792
559	894
559	990
560	789
560	829
561	733
562	728
563	573
563	674
564	758
566	934
568	695
568	755
569	635
570	621
571	682
572	908
572	965
573	745
574	589
574	977
576	647
576	687
576	935
577	942
578	820
578	869
579	680
579	867
580	890
580	952
581	845
581	855
583	683
583	692
584	822
585	872
586	606
587	872
587	969
588	593
588	749
588	794
589	761
590	808
590	877
590	985
591	695
592	623
592	632
593	969
594	725
596	802
596	941
597	726
598	727
600	645
600	837
600	910
601	708
602	706
603	773
604	718
604	725
604	976
605	633
605	801
607	684
607	694
607	930
609	909
610	839
610	892
612	746
612	748
612	806
612	957
614	639
615	948
616	661
616	712
617	640
619	756
619	811
620	700
624	669
624	959
626	983
627	839
628	973
629	712
629	760
629	796
630	700
631	874
631	971
632	772
633	642
634	873
638	825
639	904
641	849
642	801
642	854
644	763
644	908
645	677
645	855
647	805
648	711
648	743
648	823
649	738
650	790
651	926
654	865
655	663
655	793
656	817
657	763
658	660
658	705
659	818
662	685
663	867
664	687
664	771
665	760
665	992
666	717
666	995
667	734
670	849
674	690
674	908
677	815
679	787
679	866
680	982
681	785
684	910
684	920
688	902
689	954
690	994
691	917
693	952
695	715
696	846
696	979
697	870
697	956
699	754
704	998
706	766
706	992
707	956
709	785
709	829
711	968
713	774
714	755
714	770
715	761
716	748
716	950
718	927
719	766
719	824
719	954
721	868
724	958
724	997
726	831
729	946
730	919
731	753
732	836
732	871
735	850
735	868
736	847
738	953
739	882
742	896
747	847
752	824
753	778
757	965
759	967
760	825
762	852
764	793
765	945
770	836
773	830
773	831
773	885
775	885
776	945
781	801
781	895
782	987
783	926
784	990
786	805
786	851
787	923
788	874
789	891
795	950
796	873
797	798
798	841
800	957
804	942
806	916
811	895
811	903
813	849
814	958
815	834
818	854
821	846
823	881
824	904
826	979
828	975
830	890
831	879
832	909
832	960
832	969
842	854
843	953
845	916
845	940
850	963
851	864
851	888
857	958
859	986
862	972
870	918
873	926
876	914
877	921
878	996
879	906
882	918
884	980
886	926
889	935
889	984
891	915
892	998
893	938
896	962
897	929
898	982
902	967
912	922
919	955
924	992
930	988
935	980
956	1000
960	983
