1	2
1	8
1	19
1	34
1	44
1	57
1	87
1	93
1	95
1	104
1	118
1	148
1	152
1	156
1	157
1	158
1	160
1	171
1	187
1	188
1	191
1	193
1	248
1	278
1	289
1	305
1	313
1	345
1	349
1	382
1	431
1	455
1	567
1	582
1	587
1	596
1	609
1	634
1	641
1	655
1	668
1	703
1	716
1	725
1	753
1	798
1	932
1	936
1	953
1	989
2	9
2	19
2	57
2	86
2	93
2	104
2	108
2	111
2	118
2	141
2	152
2	154
2	158
2	162
2	173
2	184
2	187
2	188
2	191
2	193
2	194
2	196
2	202
2	218
2	241
2	253
2	270
2	345
2	372
2	376
2	383
2	431
2	442
2	461
2	480
2	584
2	590
2	641
2	655
2	716
2	749
2	765
2	778
2	891
2	936
2	975
2	987
3	9
3	13
3	14
3	22
3	26
3	54
3	68
3	70
3	106
3	115
3	116
3	163
3	189
3	199
3	251
3	261
3	262
3	276
3	311
3	323
3	331
3	336
3	381
3	395
3	399
3	439
3	445
3	448
3	477
3	479
3	498
3	530
3	585
3	599
3	604
3	639
3	681
3	736
3	740
3	743
3	756
3	784
3	816
3	859
3	945
3	948
3	996
4	6
4	13
4	20
4	28
4	35
4	36
4	37
4	54
4	55
4	61
4	73
4	74
4	75
4	124
4	127
4	132
4	134
4	135
4	137
4	138
4	159
4	224
4	255
4	281
4	299
4	328
4	374
4	386
4	390
4	394
4	443
4	450
4	469
4	493
4	534
4	556
4	595
4	620
4	705
4	731
4	753
4	776
4	782
4	846
4	851
4	913
5	33
5	38
5	46
5	54
5	63
5	80
5	81
5	91
5	92
5	99
5	102
5	124
5	133
5	134
5	137
5	146
5	155
5	174
5	184
5	221
5	260
5	267
5	286
5	331
5	342
5	355
5	378
5	384
5	419
5	438
5	465
5	499
5	505
5	527
5	533
5	632
5	666
5	667
5	684
5	706
5	717
5	761
5	785
5	856
5	973
6	18
6	33
6	35
6	36
6	40
6	54
6	73
6	74
6	75
6	92
6	97
6	132
6	134
6	135
6	155
6	159
6	169
6	192
6	224
6	258
6	288
6	307
6	333
6	364
6	367
6	391
6	393
6	394
6	417
6	419
6	497
6	534
6	548
6	565
6	569
6	588
6	637
6	648
6	705
6	710
6	752
6	782
6	852
6	952
7	10
7	11
7	18
7	32
7	52
7	55
7	71
7	77
7	94
7	98
7	115
7	126
7	153
7	156
7	172
7	175
7	178
7	190
7	197
7	206
7	223
7	274
7	290
7	309
7	326
7	327
7	335
7	339
7	365
7	368
7	458
7	522
7	544
7	553
7	618
7	624
7	651
7	658
7	675
7	699
7	706
7	745
7	775
7	955
7	959
8	17
8	32
8	90
8	117
8	140
8	148
8	149
8	157
8	170
8	211
8	219
8	279
8	287
8	312
8	320
8	344
8	359
8	411
8	447
8	472
8	480
8	491
8	516
8	566
8	578
8	581
8	594
8	610
8	623
8	629
8	645
8	709
8	728
8	729
8	754
8	794
8	803
8	827
8	853
8	938
8	942
8	960
8	975
9	13
9	14
9	22
9	26
9	40
9	42
9	43
9	45
9	47
9	55
9	68
9	77
9	82
9	115
9	147
9	228
9	254
9	297
9	311
9	385
9	399
9	474
9	479
9	484
9	525
9	528
9	535
9	561
9	575
9	636
9	653
9	685
9	688
9	756
9	844
9	870
9	923
9	924
9	926
9	941
9	948
10	11
10	18
10	32
10	38
10	52
10	63
10	94
10	142
10	153
10	156
10	172
10	190
10	200
10	247
10	304
10	313
10	326
10	327
10	334
10	339
10	353
10	368
10	413
10	433
10	458
10	504
10	540
10	558
10	647
10	651
10	659
10	660
10	675
10	682
10	692
10	699
10	706
10	755
10	781
10	782
10	959
11	12
11	18
11	24
11	29
11	38
11	97
11	121
11	172
11	176
11	178
11	197
11	201
11	206
11	223
11	235
11	247
11	296
11	313
11	326
11	383
11	433
11	442
11	458
11	504
11	539
11	540
11	544
11	614
11	624
11	634
11	691
11	726
11	875
11	878
11	903
11	914
11	935
11	965
11	969
12	24
12	38
12	49
12	59
12	60
12	78
12	86
12	97
12	110
12	121
12	123
12	175
12	179
12	180
12	235
12	273
12	291
12	313
12	317
12	321
12	379
12	406
12	461
12	481
12	483
12	522
12	574
12	582
12	662
12	683
12	699
12	759
12	769
12	777
12	837
12	842
12	901
12	904
12	920
13	14
13	19
13	26
13	35
13	40
13	42
13	45
13	77
13	106
13	147
13	189
13	199
13	209
13	254
13	261
13	267
13	319
13	341
13	381
13	468
13	479
13	498
13	536
13	571
13	586
13	698
13	707
13	756
13	797
13	816
13	840
13	841
13	866
13	885
13	887
13	907
13	916
14	26
14	40
14	42
14	45
14	68
14	70
14	77
14	83
14	84
14	106
14	107
14	111
14	115
14	147
14	242
14	261
14	336
14	368
14	377
14	393
14	445
14	448
14	489
14	525
14	561
14	653
14	671
14	685
14	696
14	748
14	813
14	816
14	818
14	866
14	882
14	899
14	971
15	21
15	31
15	33
15	39
15	43
15	46
15	56
15	62
15	80
15	91
15	99
15	141
15	150
15	225
15	238
15	245
15	264
15	279
15	293
15	344
15	378
15	383
15	523
15	564
15	594
15	661
15	667
15	679
15	697
15	704
15	724
15	760
15	811
15	823
15	827
15	856
15	898
15	922
15	929
15	973
16	20
16	48
16	50
16	65
16	66
16	69
16	83
16	85
16	89
16	109
16	131
16	151
16	164
16	176
16	212
16	214
16	217
16	268
16	269
16	393
16	396
16	412
16	415
16	420
16	484
16	494
16	514
16	534
16	539
16	546
16	551
16	557
16	572
16	592
16	635
16	815
16	838
16	854
16	1000
17	39
17	90
17	117
17	140
17	149
17	157
17	170
17	197
17	211
17	219
17	287
17	320
17	345
17	352
17	359
17	410
17	411
17	426
17	447
17	472
17	480
17	516
17	566
17	578
17	581
17	703
17	709
17	728
17	742
17	794
17	795
17	803
17	917
17	938
17	942
17	953
17	960
17	964
18	32
18	52
18	71
18	79
18	94
18	142
18	153
18	172
18	197
18	200
18	226
18	239
18	247
18	266
18	274
18	309
18	327
18	353
18	368
18	433
18	485
18	558
18	596
18	624
18	629
18	651
18	659
18	675
18	682
18	692
18	775
18	802
18	959
18	991
19	24
19	34
19	39
19	57
19	59
19	78
19	86
19	87
19	95
19	108
19	111
19	125
19	128
19	153
19	187
19	193
19	195
19	218
19	270
19	347
19	349
19	383
19	425
19	442
19	476
19	510
19	584
19	634
19	641
19	822
19	826
19	834
19	903
19	932
19	980
20	33
20	36
20	41
20	48
20	50
20	52
20	58
20	66
20	69
20	75
20	83
20	89
20	109
20	114
20	131
20	132
20	134
20	150
20	167
20	213
20	217
20	268
20	307
20	371
20	373
20	420
20	462
20	486
20	535
20	539
20	551
20	879
20	925
20	969
20	990
20	997
21	27
21	28
21	30
21	37
21	47
21	51
21	55
21	56
21	72
21	79
21	106
21	208
21	236
21	243
21	252
21	257
21	258
21	262
21	280
21	289
21	322
21	325
21	367
21	370
21	402
21	403
21	423
21	460
21	492
21	530
21	576
21	654
21	695
21	732
21	751
21	772
21	912
22	23
22	57
22	58
22	68
22	69
22	70
22	80
22	88
22	90
22	96
22	106
22	127
22	171
22	207
22	230
22	276
22	284
22	297
22	335
22	336
22	351
22	380
22	399
22	421
22	524
22	571
22	603
22	604
22	638
22	784
22	808
22	816
22	840
22	882
22	910
22	966
23	58
23	68
23	69
23	70
23	88
23	127
23	151
23	207
23	230
23	249
23	261
23	271
23	284
23	335
23	351
23	354
23	358
23	380
23	421
23	559
23	615
23	733
23	773
23	776
23	800
23	807
23	808
23	815
23	838
23	884
23	893
23	910
23	921
23	949
23	954
23	983
23	998
24	29
24	38
24	44
24	49
24	58
24	59
24	60
24	78
24	87
24	95
24	118
24	125
24	142
24	154
24	161
24	179
24	187
24	190
24	195
24	210
24	218
24	234
24	241
24	292
24	337
24	339
24	407
24	425
24	449
24	627
24	647
24	689
24	834
24	988
25	118
25	177
25	232
25	242
25	243
25	282
25	306
25	308
25	321
25	329
25	338
25	350
25	356
25	408
25	435
25	526
25	529
25	532
25	562
25	614
25	644
25	649
25	657
25	678
25	680
25	683
25	744
25	746
25	763
25	820
25	859
25	872
25	873
25	901
25	937
25	962
25	980
26	42
26	106
26	107
26	116
26	142
26	147
26	189
26	199
26	202
26	203
26	209
26	240
26	251
26	262
26	276
26	297
26	311
26	323
26	365
26	377
26	405
26	464
26	468
26	622
26	638
26	653
26	743
26	748
26	758
26	891
26	909
26	926
26	978
27	28
27	30
27	47
27	51
27	53
27	55
27	67
27	72
27	144
27	204
27	208
27	236
27	243
27	257
27	258
27	272
27	289
27	295
27	303
27	316
27	325
27	357
27	377
27	408
27	423
27	460
27	465
27	492
27	601
27	770
27	859
27	892
27	912
27	928
27	945
27	946
28	35
28	36
28	37
28	55
28	67
28	70
28	73
28	75
28	79
28	80
28	98
28	132
28	208
28	220
28	257
28	259
28	281
28	303
28	310
28	333
28	403
28	446
28	492
28	530
28	559
28	608
28	646
28	672
28	772
28	789
28	870
28	912
28	913
28	933
29	44
29	60
29	71
29	78
29	97
29	98
29	103
29	110
29	121
29	142
29	176
29	234
29	239
29	300
29	313
29	327
29	330
29	407
29	409
29	449
29	452
29	485
29	522
29	526
29	649
29	660
29	670
29	702
29	788
29	839
29	918
29	935
29	987
29	989
30	37
30	47
30	51
30	55
30	67
30	72
30	79
30	92
30	180
30	220
30	236
30	252
30	258
30	295
30	302
30	303
30	314
30	322
30	325
30	357
30	404
30	408
30	460
30	465
30	518
30	576
30	597
30	654
30	672
30	695
30	715
30	821
30	917
30	947
31	38
31	43
31	56
31	62
31	90
31	91
31	99
31	101
31	120
31	143
31	160
31	168
31	183
31	212
31	226
31	238
31	293
31	312
31	344
31	373
31	430
31	451
31	453
31	466
31	513
31	563
31	626
31	754
31	762
31	810
31	836
31	845
31	848
31	868
31	984
32	38
32	52
32	71
32	94
32	126
32	142
32	153
32	156
32	175
32	178
32	197
32	200
32	223
32	226
32	274
32	304
32	358
32	413
32	433
32	458
32	496
32	540
32	618
32	624
32	631
32	647
32	659
32	693
32	700
32	839
32	972
32	986
33	36
33	44
33	54
33	63
33	75
33	76
33	112
33	120
33	138
33	139
33	143
33	164
33	184
33	187
33	216
33	233
33	265
33	281
33	292
33	352
33	364
33	402
33	406
33	546
33	549
33	622
33	676
33	779
33	892
33	929
33	979
34	57
34	59
34	66
34	76
34	78
34	87
34	95
34	96
34	111
34	125
34	128
34	129
34	154
34	191
34	194
34	196
34	218
34	237
34	276
34	313
34	330
34	337
34	347
34	349
34	375
34	387
34	440
34	476
34	734
34	826
34	861
34	951
35	47
35	61
35	70
35	74
35	86
35	100
35	112
35	121
35	138
35	159
35	199
35	205
35	228
35	275
35	298
35	380
35	391
35	393
35	454
35	478
35	640
35	664
35	701
35	714
35	731
35	747
35	867
35	893
35	981
36	41
36	75
36	92
36	112
36	145
36	164
36	184
36	213
36	224
36	260
36	281
36	307
36	364
36	367
36	371
36	402
36	406
36	441
36	506
36	534
36	602
36	708
36	801
36	833
36	846
36	911
37	46
37	51
37	54
37	55
37	66
37	68
37	74
37	79
37	83
37	92
37	103
37	114
37	119
37	150
37	204
37	220
37	228
37	260
37	339
37	556
37	701
37	707
37	719
37	814
37	843
37	946
37	950
38	52
38	71
38	123
38	172
38	175
38	180
38	247
38	280
38	296
38	346
38	361
38	368
38	438
38	574
38	618
38	631
38	659
38	769
38	775
38	792
38	820
38	897
38	904
39	44
39	87
39	95
39	96
39	123
39	128
39	161
39	171
39	179
39	187
39	194
39	195
39	196
39	201
39	337
39	347
39	397
39	537
39	582
39	612
39	670
39	674
39	712
39	804
39	944
39	947
39	951
40	42
40	45
40	77
40	106
40	107
40	115
40	147
40	164
40	193
40	209
40	238
40	362
40	365
40	422
40	475
40	477
40	550
40	555
40	696
40	750
40	828
40	841
40	900
40	906
40	915
40	941
41	42
41	61
41	74
41	101
41	118
41	132
41	135
41	138
41	145
41	150
41	155
41	169
41	310
41	328
41	342
41	343
41	352
41	391
41	400
41	416
41	443
41	560
41	648
41	671
41	735
41	786
41	877
42	45
42	67
42	77
42	106
42	113
42	116
42	181
42	203
42	209
42	254
42	266
42	365
42	405
42	452
42	464
42	468
42	525
42	528
42	552
42	758
42	819
42	841
42	887
43	54
43	56
43	81
43	90
43	91
43	265
43	350
43	424
43	429
43	434
43	466
43	493
43	519
43	535
43	538
43	673
43	679
43	721
43	723
43	726
43	768
43	815
43	845
43	850
43	902
43	987
44	57
44	59
44	60
44	69
44	98
44	103
44	108
44	111
44	118
44	121
44	123
44	194
44	308
44	317
44	337
44	427
44	562
44	641
44	674
44	692
44	777
44	788
44	837
44	886
45	77
45	92
45	107
45	113
45	116
45	202
45	203
45	369
45	377
45	401
45	422
45	464
45	477
45	512
45	528
45	550
45	702
45	708
45	758
45	790
45	865
45	876
45	915
45	999
46	81
46	106
46	134
46	137
46	146
46	163
46	174
46	267
46	279
46	331
46	340
46	438
46	499
46	505
46	533
46	535
46	554
46	602
46	619
46	684
46	705
46	713
46	771
46	849
46	862
46	993
47	51
47	67
47	70
47	72
47	79
47	275
47	318
47	328
47	367
47	513
47	530
47	576
47	606
47	640
47	653
47	654
47	751
47	767
47	770
47	772
47	793
47	843
47	886
48	50
48	58
48	65
48	66
48	69
48	83
48	85
48	89
48	103
48	109
48	131
48	151
48	164
48	214
48	217
48	240
48	393
48	396
48	420
48	459
48	478
48	727
48	854
48	855
48	908
48	982
49	59
49	60
49	86
49	114
49	126
49	201
49	223
49	232
49	273
49	292
49	308
49	317
49	398
49	449
49	471
49	580
49	589
49	590
49	664
49	686
49	752
49	754
49	911
49	924
49	955
50	58
50	65
50	66
50	83
50	85
50	89
50	131
50	164
50	212
50	217
50	412
50	415
50	416
50	486
50	514
50	517
50	551
50	557
50	703
50	815
50	838
50	841
50	910
50	974
51	67
51	72
51	214
51	220
51	236
51	259
51	263
51	289
51	302
51	316
51	322
51	325
51	370
51	389
51	418
51	437
51	446
51	460
51	518
51	770
51	917
51	961
52	71
52	94
52	126
52	156
52	178
52	200
52	274
52	368
52	485
52	496
52	522
52	544
52	598
52	631
52	643
52	651
52	682
52	700
52	745
52	939
52	955
53	84
53	105
53	130
53	166
53	182
53	240
53	246
53	247
53	263
53	285
53	324
53	388
53	430
53	495
53	506
53	543
53	550
53	575
53	589
53	633
53	847
53	879
53	888
53	896
53	916
53	998
54	63
54	80
54	102
54	167
54	184
54	288
54	301
54	304
54	443
54	570
54	616
54	687
54	697
54	737
54	764
54	801
54	820
54	824
54	870
55	73
55	74
55	92
55	132
55	134
55	145
55	146
55	236
55	302
55	322
55	325
55	357
55	374
55	482
55	518
55	534
55	608
55	843
56	95
56	120
56	141
56	238
56	272
56	282
56	293
56	345
56	353
56	363
56	373
56	457
56	560
56	583
56	626
56	673
56	677
56	711
56	726
56	757
56	811
56	868
57	78
57	86
57	108
57	111
57	188
57	196
57	241
57	305
57	313
57	337
57	349
57	455
57	467
57	509
57	587
57	641
57	712
57	734
57	799
57	951
58	68
58	83
58	88
58	89
58	109
58	127
58	131
58	151
58	212
58	232
58	249
58	271
58	351
58	483
58	551
58	557
58	727
58	780
58	956
58	983
59	78
59	86
59	96
59	110
59	111
59	114
59	128
59	129
59	180
59	194
59	195
59	210
59	291
59	376
59	575
59	649
59	670
59	680
59	769
60	97
60	98
60	121
60	161
60	165
60	206
60	235
60	270
60	277
60	292
60	361
60	379
60	449
60	526
60	574
60	643
60	670
60	680
60	691
60	759
61	73
61	75
61	94
61	143
61	164
61	169
61	228
61	250
61	255
61	288
61	307
61	328
61	342
61	513
61	539
61	607
61	632
61	801
61	835
61	940
61	954
61	985
62	101
62	124
62	137
62	174
62	183
62	221
62	225
62	282
62	286
62	293
62	419
62	424
62	434
62	444
62	466
62	501
62	542
62	561
62	583
62	724
62	811
62	972
62	976
63	76
63	81
63	99
63	112
63	120
63	233
63	301
63	326
63	429
63	493
63	499
63	538
63	570
63	611
63	684
63	738
63	795
63	846
63	856
63	862
63	892
64	122
64	144
64	166
64	234
64	253
64	263
64	280
64	294
64	296
64	307
64	314
64	315
64	324
64	349
64	388
64	430
64	432
64	495
64	508
64	545
64	791
64	832
64	860
64	895
64	948
65	83
65	85
65	98
65	109
65	117
65	131
65	151
65	164
65	380
65	396
65	412
65	415
65	416
65	459
65	478
65	482
65	551
65	572
65	727
65	854
65	910
65	974
66	70
66	72
66	83
66	89
66	119
66	208
66	214
66	217
66	257
66	318
66	380
66	497
66	551
66	565
66	715
66	912
66	946
66	957
67	70
67	72
67	79
67	96
67	114
67	119
67	131
67	144
67	208
67	251
67	257
67	289
67	302
67	399
67	825
67	880
67	933
67	946
68	112
68	115
68	119
68	148
68	276
68	298
68	318
68	389
68	494
68	601
68	793
68	800
68	824
68	833
68	915
68	921
69	89
69	127
69	131
69	207
69	212
69	261
69	271
69	284
69	335
69	389
69	479
69	494
69	592
69	697
69	829
69	949
69	974
70	106
70	139
70	237
70	268
70	298
70	374
70	389
70	401
70	579
70	733
70	740
70	923
70	949
70	961
71	126
71	156
71	180
71	190
71	193
71	206
71	227
71	234
71	235
71	251
71	290
71	330
71	387
71	435
71	481
71	573
71	706
72	79
72	119
72	208
72	259
72	318
72	423
72	507
72	546
72	601
72	714
72	756
72	787
72	789
72	872
72	880
72	977
73	85
73	114
73	132
73	135
73	139
73	150
73	283
73	371
73	403
73	478
73	497
73	556
73	735
73	779
73	796
73	930
73	946
74	75
74	109
74	138
74	150
74	198
74	228
74	281
74	288
74	403
74	472
74	482
74	488
74	569
74	620
74	646
74	710
75	205
75	314
75	332
75	352
75	502
75	517
75	588
75	687
75	710
75	727
75	798
75	930
75	940
75	995
76	112
76	145
76	146
76	167
76	205
76	216
76	233
76	237
76	391
76	393
76	469
76	493
76	541
76	567
76	764
76	783
76	830
76	852
76	931
77	113
77	116
77	147
77	209
77	240
77	276
77	422
77	452
77	520
77	525
77	561
77	585
77	790
77	900
78	95
78	108
78	165
78	199
78	201
78	239
78	305
78	321
78	330
78	379
78	398
78	495
78	574
78	674
79	100
79	236
79	256
79	257
79	272
79	298
79	343
79	459
79	640
79	714
79	739
79	950
79	957
80	102
80	141
80	167
80	255
80	272
80	283
80	310
80	341
80	527
80	531
80	538
80	779
80	780
80	786
80	833
80	994
81	91
81	99
81	137
81	174
81	221
81	233
81	340
81	424
81	434
81	549
81	591
81	666
81	732
81	827
81	889
81	919
81	931
82	107
82	116
82	189
82	203
82	240
82	283
82	369
82	385
82	452
82	477
82	484
82	512
82	528
82	536
82	550
82	555
82	688
82	696
82	739
82	999
83	89
83	151
83	212
83	214
83	217
83	269
83	396
83	412
83	415
83	572
83	990
83	1000
84	105
84	108
84	122
84	130
84	166
84	181
84	182
84	252
84	253
84	295
84	319
84	495
84	543
84	593
84	605
84	618
84	847
84	887
84	895
85	89
85	109
85	192
85	212
85	228
85	419
85	420
85	497
85	506
85	514
85	622
85	676
85	749
85	935
85	956
85	969
86	98
86	123
86	195
86	306
86	321
86	341
86	387
86	442
86	753
86	759
86	788
86	799
86	834
86	897
87	95
87	128
87	129
87	171
87	179
87	201
87	218
87	237
87	291
87	305
87	382
87	424
87	698
87	839
87	911
88	100
88	151
88	230
88	268
88	335
88	389
88	448
88	464
88	669
88	773
88	776
88	800
88	816
88	817
88	893
88	921
88	950
89	109
89	131
89	151
89	161
89	188
89	214
89	217
89	269
89	592
89	809
89	974
90	93
90	104
90	152
90	168
90	250
90	282
90	287
90	320
90	348
90	392
90	431
90	466
90	475
90	673
90	778
91	141
91	143
91	155
91	162
91	225
91	355
91	360
91	500
91	511
91	567
91	594
91	677
91	694
91	840
91	856
92	139
92	144
92	150
92	167
92	259
92	325
92	333
92	371
92	408
92	465
92	597
92	730
92	824
93	101
93	104
93	136
93	141
93	152
93	157
93	173
93	198
93	248
93	451
93	453
93	611
93	628
93	645
93	673
93	894
94	98
94	126
94	156
94	197
94	200
94	215
94	239
94	244
94	290
94	304
94	309
94	334
94	433
95	108
95	111
95	128
95	129
95	185
95	241
95	330
95	349
95	382
95	397
95	650
96	108
96	111
96	118
96	129
96	161
96	194
96	222
96	347
96	427
96	537
96	596
96	712
96	894
96	932
97	161
97	210
97	270
97	277
97	334
97	407
97	413
97	435
97	582
97	634
97	686
97	755
97	869
97	886
98	110
98	126
98	142
98	544
98	558
98	658
98	699
98	700
98	718
98	875
98	959
99	168
99	186
99	248
99	267
99	340
99	363
99	531
99	542
99	713
99	790
99	807
99	846
99	943
99	972
100	105
100	114
100	119
100	127
100	151
100	230
100	249
100	298
100	354
100	473
100	507
100	559
100	630
100	851
100	957
101	120
101	134
101	141
101	160
101	168
101	392
101	466
101	469
101	531
101	661
101	673
101	679
101	806
101	934
102	120
102	173
102	178
102	186
102	248
102	282
102	331
102	378
102	394
102	444
102	451
102	520
102	701
102	810
102	919
103	110
103	121
103	126
103	175
103	292
103	346
103	449
103	471
103	476
103	590
103	605
103	664
103	678
103	683
104	126
104	158
104	162
104	198
104	262
104	270
104	372
104	455
104	502
104	596
104	655
104	665
104	902
104	975
105	122
105	182
105	185
105	246
105	253
105	324
105	370
105	432
105	633
105	688
105	691
105	847
105	876
105	881
105	907
106	113
106	337
106	448
106	498
106	503
106	797
106	885
106	996
107	113
107	116
107	266
107	401
107	484
107	487
107	555
107	636
107	652
107	818
107	865
107	874
107	967
108	111
108	128
108	129
108	154
108	201
108	490
108	509
108	590
108	911
108	927
109	214
109	393
109	396
109	412
109	517
109	551
109	572
109	809
109	915
110	121
110	165
110	210
110	269
110	339
110	413
110	489
110	532
110	617
110	718
110	826
110	988
111	128
111	191
111	218
111	231
111	278
111	379
111	741
112	143
112	145
112	384
112	390
112	394
112	419
112	429
112	521
112	585
112	701
112	919
113	115
113	116
113	202
113	266
113	439
113	536
113	723
113	810
113	818
113	864
113	914
113	971
114	224
114	378
114	381
114	395
114	416
114	433
114	591
114	640
114	880
114	973
115	189
115	203
115	207
115	336
115	365
115	445
115	498
115	736
115	909
115	915
116	147
116	202
116	209
116	385
116	452
116	519
116	708
116	750
116	992
117	149
117	157
117	235
117	320
117	472
117	515
117	516
117	566
117	578
117	581
117	623
117	703
117	729
117	853
118	129
118	179
118	185
118	187
118	194
118	195
118	397
118	650
118	746
119	256
119	275
119	318
119	404
119	416
119	454
119	507
119	767
119	817
119	976
120	168
120	299
120	310
120	360
120	414
120	568
120	583
120	625
120	637
120	687
121	126
121	179
121	180
121	232
121	235
121	291
121	774
121	842
122	182
122	252
122	263
122	296
122	428
122	533
122	543
122	589
122	630
122	639
122	642
122	805
122	971
123	179
123	234
123	278
123	397
123	612
123	630
123	662
123	753
123	903
123	924
123	944
124	138
124	231
124	268
124	467
124	478
124	507
124	568
124	710
124	785
124	852
124	858
124	908
125	136
125	171
125	195
125	210
125	229
125	235
125	404
125	510
125	686
125	741
125	834
125	924
126	197
126	334
126	413
126	678
126	791
127	207
127	284
127	358
127	483
127	505
127	557
127	603
127	669
127	773
128	131
128	187
128	440
128	467
128	509
128	668
128	920
129	171
129	187
129	222
129	300
129	582
129	668
129	923
129	947
130	246
130	280
130	285
130	294
130	315
130	388
130	496
130	617
130	642
130	741
130	863
130	881
130	948
131	217
131	444
131	557
131	592
131	809
132	249
132	390
132	403
132	436
132	687
132	719
132	786
132	940
133	134
133	163
133	245
133	355
133	392
133	462
133	521
133	527
133	538
133	563
133	676
133	717
133	807
133	930
134	146
134	255
134	400
134	497
134	501
134	625
134	801
135	145
135	341
135	366
135	372
135	406
135	456
135	541
135	602
135	767
135	782
135	995
136	148
136	173
136	188
136	270
136	313
136	480
136	596
136	612
136	650
136	673
136	749
136	902
136	958
137	279
137	331
137	363
137	470
137	499
137	554
137	717
137	845
137	858
137	898
138	150
138	255
138	310
138	450
138	701
138	732
138	785
138	800
138	925
139	169
139	187
139	213
139	255
139	341
139	443
139	462
139	514
139	535
139	764
139	979
140	159
140	264
140	343
140	414
140	444
140	581
140	720
140	761
140	783
140	868
140	889
140	989
141	162
141	372
141	431
141	439
141	628
141	810
141	984
142	179
142	273
142	309
142	317
142	356
142	526
142	617
143	164
143	231
143	360
143	373
143	694
143	696
143	780
143	806
143	849
144	167
144	316
144	324
144	369
144	492
144	545
144	643
144	647
144	793
144	928
145	167
145	341
145	417
145	436
145	564
145	620
145	730
145	801
146	192
146	264
146	523
146	615
146	622
146	652
146	731
146	836
146	870
147	203
147	266
147	657
147	747
147	819
147	865
147	914
148	160
148	173
148	198
148	287
148	359
148	610
148	729
148	848
148	953
148	964
149	183
149	211
149	320
149	345
149	410
149	411
149	491
149	516
149	557
149	578
149	703
150	205
150	223
150	224
150	416
150	767
150	985
151	236
151	268
151	559
151	669
151	1000
152	162
152	173
152	248
152	315
152	348
152	410
152	426
152	431
152	891
152	975
153	200
153	280
153	304
153	458
153	488
153	540
153	658
153	682
153	693
154	278
154	346
154	449
154	467
154	598
154	660
154	748
154	749
154	897
154	955
155	178
155	213
155	233
155	245
155	260
155	283
155	556
155	663
155	735
155	858
156	206
156	280
156	309
156	693
156	745
156	806
157	158
157	160
157	375
157	410
157	491
157	566
157	805
157	938
158	173
158	278
158	372
158	431
158	502
158	558
158	656
158	722
158	894
159	225
159	390
159	637
159	698
159	704
159	738
159	795
159	920
159	929
160	250
160	339
160	547
160	563
160	645
160	711
160	765
160	768
161	180
161	185
161	425
161	510
161	628
161	752
161	894
162	193
162	198
162	348
162	587
162	611
162	716
162	746
162	804
163	221
163	264
163	493
163	666
163	771
163	783
163	849
163	858
163	889
163	934
164	205
164	212
164	450
164	459
165	176
165	210
165	241
165	273
165	277
165	306
165	339
165	499
165	574
165	918
166	215
166	315
166	324
166	427
166	428
166	642
166	672
166	830
166	914
166	956
167	333
167	403
167	541
167	560
167	691
167	877
168	215
168	227
168	279
168	500
168	629
168	645
168	836
168	871
169	201
169	288
169	342
169	364
169	394
169	417
169	506
169	579
169	731
170	211
170	219
170	287
170	312
170	359
170	415
170	491
170	623
170	629
170	728
170	853
171	222
171	330
171	337
171	382
171	440
171	461
171	562
172	178
172	215
172	226
172	504
172	682
172	802
172	838
172	986
173	198
173	248
173	451
173	656
173	902
173	964
174	177
174	306
174	355
174	411
174	414
174	424
174	538
174	853
174	931
175	180
175	215
175	308
175	412
175	481
175	504
175	532
175	857
176	273
176	292
176	562
176	662
176	683
176	792
176	881
176	970
177	227
177	229
177	243
177	282
177	338
177	407
177	614
177	752
177	918
177	970
178	215
178	226
178	700
178	702
178	842
179	481
179	490
179	523
179	598
180	210
180	383
180	435
180	988
181	362
181	484
181	536
181	545
181	642
181	830
181	844
181	890
181	937
181	999
182	191
182	215
182	252
182	263
182	294
182	647
182	805
182	832
183	312
183	331
183	463
183	500
183	515
183	724
183	858
183	898
183	922
184	216
184	340
184	436
184	443
184	719
184	761
184	934
185	237
185	379
185	397
185	461
185	467
185	509
185	562
185	718
186	238
186	250
186	293
186	382
186	436
186	513
186	661
186	679
186	762
186	908
187	861
187	951
188	198
188	348
188	447
188	609
188	665
188	703
188	829
189	251
189	276
189	297
189	311
189	503
189	681
189	707
190	241
190	285
190	295
190	326
190	605
190	702
190	895
190	968
191	194
191	196
191	305
191	383
191	455
191	612
191	788
192	352
192	454
192	482
192	541
192	632
192	649
192	732
192	851
192	979
193	196
193	426
193	609
193	634
193	656
193	989
194	222
194	237
194	665
194	855
195	246
195	273
195	379
195	407
195	628
196	366
196	382
196	425
196	510
196	650
196	927
197	200
197	223
197	309
197	675
197	682
198	345
198	375
198	502
198	655
198	891
199	230
199	256
199	316
199	482
199	880
199	941
199	996
200	221
200	223
200	226
200	693
200	965
201	274
201	471
201	490
201	665
201	944
202	336
202	422
202	468
202	784
202	813
202	926
202	978
203	512
203	580
203	665
203	747
203	866
203	900
204	220
204	236
204	258
204	370
204	423
204	576
204	601
204	614
204	742
204	933
205	300
205	333
205	341
205	391
205	687
205	690
205	869
206	326
206	339
206	433
206	875
206	965
206	991
207	271
207	284
207	335
207	358
207	615
207	707
208	220
208	258
208	283
208	640
208	677
209	276
209	281
209	487
209	791
209	822
210	317
210	356
210	670
210	759
211	219
211	320
211	359
211	475
211	491
211	600
211	880
212	517
212	809
212	990
213	228
213	386
213	403
213	514
213	606
213	796
213	919
214	269
214	362
214	486
214	539
215	593
215	631
215	832
215	879
216	241
216	355
216	462
216	463
216	501
216	619
216	690
216	958
217	393
217	413
217	855
218	291
218	302
218	612
218	670
218	718
219	264
219	287
219	453
219	475
219	515
219	728
219	942
220	225
220	256
220	328
220	751
220	917
221	384
221	523
221	531
221	549
221	567
221	823
222	237
222	425
222	448
222	584
222	628
222	674
222	947
223	346
223	356
223	662
223	774
224	358
224	541
224	554
224	601
224	701
224	869
225	238
225	293
225	444
225	677
225	768
225	972
226	327
226	433
226	504
226	700
226	842
227	229
227	244
227	250
227	466
227	657
227	677
227	963
227	966
228	517
228	690
228	814
228	940
229	321
229	338
229	350
229	408
229	529
229	613
229	680
229	744
230	311
230	385
230	389
230	434
230	503
230	945
231	250
231	357
231	384
231	434
231	436
231	501
231	520
231	807
232	461
232	562
232	597
232	686
232	746
232	763
232	962
233	301
233	331
233	429
233	527
233	586
233	850
234	246
234	254
234	319
234	361
234	439
234	939
235	239
235	291
235	292
235	839
236	252
236	418
236	530
237	241
237	387
237	734
237	971
238	259
238	500
238	515
238	629
238	848
239	308
239	471
239	624
239	692
239	888
239	945
240	285
240	323
240	395
240	508
240	633
240	736
241	346
241	617
241	627
242	243
242	301
242	308
242	437
242	781
242	810
242	871
242	966
242	984
243	302
243	344
243	446
243	613
243	657
243	933
244	356
244	513
244	597
244	621
244	644
244	678
244	711
244	792
244	901
245	299
245	411
245	501
245	521
245	527
245	625
245	853
246	280
246	295
246	319
246	545
246	639
247	633
247	857
247	860
247	990
247	998
248	278
248	346
248	724
248	829
249	354
249	494
249	653
249	669
249	776
249	982
250	340
250	463
250	500
250	594
251	297
251	399
251	488
251	840
251	976
252	430
252	547
252	886
252	968
253	285
253	427
253	430
253	543
253	593
253	876
254	266
254	286
254	336
254	385
254	401
254	999
255	364
255	420
255	595
255	890
256	272
256	298
256	441
256	482
256	851
256	943
257	328
257	357
257	358
257	648
258	259
258	606
258	613
258	977
259	272
259	289
259	370
259	418
260	286
260	350
260	360
260	374
260	390
260	501
261	421
261	483
261	561
261	854
261	983
262	311
262	314
262	597
262	743
262	784
262	843
263	277
263	314
263	315
263	508
263	896
264	286
264	363
264	533
264	564
264	591
265	378
265	434
265	518
265	523
265	586
265	619
265	704
265	764
266	377
266	536
266	790
266	864
267	463
267	511
267	567
267	717
267	771
267	796
268	416
268	483
268	559
268	635
269	415
269	478
269	546
269	592
269	982
270	387
270	609
270	689
270	904
271	335
271	351
271	838
271	884
271	910
271	981
272	418
272	441
272	443
272	456
273	300
273	786
273	788
273	970
274	485
274	659
274	693
274	744
274	883
275	298
275	380
275	399
275	426
275	482
275	488
275	546
276	636
276	899
277	317
277	440
277	577
277	593
277	831
277	904
278	349
278	490
278	640
278	891
279	344
279	370
279	610
279	625
279	637
280	309
280	589
280	876
281	371
281	454
281	521
281	833
282	434
282	529
282	657
282	908
283	318
283	787
283	870
283	912
283	925
284	335
284	354
284	473
284	483
284	529
285	418
285	430
285	570
285	589
285	883
286	373
286	414
286	554
286	586
286	666
287	502
287	566
287	795
287	960
288	352
288	514
288	607
288	676
288	887
289	423
289	437
289	789
290	386
290	476
290	643
290	686
290	691
290	883
291	588
291	689
291	944
292	413
292	837
293	312
293	694
293	762
294	428
294	430
294	577
294	604
294	681
294	863
295	319
295	367
295	492
295	961
296	361
296	474
296	605
296	647
296	672
297	377
297	399
297	571
297	603
298	381
298	663
299	332
299	340
299	347
299	469
299	517
299	780
300	347
300	510
300	674
300	712
300	760
301	542
301	586
301	812
301	850
301	898
302	569
302	646
302	905
303	308
303	321
303	564
303	569
303	626
303	872
304	458
304	504
304	553
304	775
305	347
305	437
305	509
305	927
306	387
306	437
306	529
306	614
306	711
307	507
307	646
307	648
307	721
308	408
308	792
309	553
309	866
310	333
310	459
310	588
310	607
311	385
311	498
311	813
312	359
312	400
312	426
312	457
313	777
314	432
314	446
314	695
314	916
315	496
315	575
315	604
315	831
316	318
316	325
316	367
316	869
316	922
317	321
317	330
317	440
318	503
318	663
319	630
319	844
319	874
319	999
320	422
320	475
320	960
321	437
321	669
322	408
322	417
322	454
322	460
322	928
323	336
323	385
323	395
323	405
323	583
323	756
324	388
324	494
324	863
324	890
325	700
325	981
326	553
326	598
326	706
327	368
327	544
327	699
327	875
328	380
328	386
328	824
329	338
329	526
329	614
329	621
329	626
329	781
329	812
329	901
330	760
330	881
331	360
331	531
332	366
332	511
332	515
332	530
332	549
332	625
332	697
333	367
333	400
333	497
334	476
334	544
334	562
334	591
334	920
335	949
336	380
336	941
337	376
337	642
338	597
338	644
338	683
338	733
338	962
339	939
340	590
340	737
340	827
341	364
341	710
342	360
342	456
342	542
342	573
342	952
343	386
343	441
343	456
343	591
343	663
343	867
344	359
344	410
344	677
344	943
345	871
345	903
345	984
346	361
346	660
346	920
347	467
347	668
348	583
348	600
348	722
348	804
348	997
349	376
349	947
350	414
350	526
350	621
350	697
350	806
351	398
351	473
351	638
351	733
351	884
352	541
352	737
352	780
353	458
353	558
353	618
353	702
353	857
353	991
354	473
354	599
354	721
354	773
354	815
355	563
355	721
355	845
356	627
356	665
356	844
357	606
357	613
357	928
358	503
358	714
359	576
360	366
360	417
361	409
361	574
361	744
362	401
362	524
362	784
362	828
362	926
363	429
363	451
363	667
363	761
364	569
364	995
365	422
365	552
365	748
366	391
366	400
366	417
366	952
367	579
368	553
369	524
369	552
369	698
369	825
369	890
370	543
370	639
371	400
371	565
371	731
372	611
372	656
372	778
373	625
373	713
373	934
374	556
374	608
374	867
374	956
375	447
375	609
375	894
375	936
375	964
376	397
376	903
376	944
376	974
377	639
377	748
378	652
378	716
378	997
379	476
379	877
381	399
381	571
381	856
381	996
382	537
382	712
383	584
383	662
384	463
384	493
384	531
384	789
385	571
386	595
386	607
386	710
387	398
387	675
388	491
388	543
388	664
388	887
389	448
389	669
390	510
390	595
390	925
391	404
391	772
392	533
392	563
392	690
392	823
392	849
394	420
394	600
394	979
395	441
395	615
395	730
395	996
396	412
396	572
396	1000
397	398
397	423
398	471
398	537
398	580
400	521
400	867
401	604
401	685
401	698
402	404
402	518
402	579
402	783
402	985
403	719
404	565
404	671
404	859
405	639
405	723
405	797
405	888
405	916
406	441
406	595
406	607
406	622
407	418
407	769
407	966
408	633
409	471
409	650
409	702
409	720
409	734
409	951
410	447
410	502
410	547
411	470
411	475
411	738
412	854
413	680
414	436
414	450
414	523
415	572
415	592
416	814
417	534
417	913
418	427
418	496
419	420
419	751
419	757
420	990
421	435
421	473
421	599
421	773
421	817
422	758
422	790
423	772
423	957
424	520
424	779
424	796
425	467
425	486
425	839
426	515
426	742
426	765
427	876
427	878
427	890
428	495
428	585
428	825
428	879
428	993
429	761
429	779
429	993
430	633
431	451
431	742
432	479
432	813
432	830
432	831
432	927
434	868
435	644
435	726
435	883
436	438
436	672
437	770
437	825
438	520
438	568
438	679
438	943
439	474
439	545
439	681
440	580
440	882
441	541
442	476
442	500
442	744
443	488
444	666
444	871
445	509
445	817
445	828
445	899
446	646
446	793
446	797
447	472
447	774
448	559
449	490
450	469
450	737
450	852
451	600
452	688
452	864
453	548
453	616
453	709
453	754
454	789
454	872
455	720
455	765
455	885
456	516
456	548
456	973
457	564
457	570
457	692
457	757
457	984
459	503
459	546
460	492
460	579
461	709
461	766
462	470
462	507
462	622
463	567
463	570
464	512
464	882
464	885
465	481
465	688
465	791
466	757
468	514
468	525
468	561
469	607
469	705
470	548
470	620
470	679
470	833
471	897
472	578
472	581
473	486
473	983
474	599
474	906
474	909
474	967
475	578
477	615
477	764
477	830
478	667
479	494
479	884
480	566
480	828
480	936
481	487
481	878
483	893
484	508
484	593
485	540
485	791
485	878
486	808
486	855
487	522
487	589
487	605
487	708
488	546
488	620
489	550
489	561
489	636
489	736
489	822
490	537
490	718
491	516
492	968
493	954
494	1000
495	664
495	847
496	636
496	802
497	949
498	571
498	819
499	527
499	549
500	781
501	812
502	600
503	740
504	573
505	523
505	697
505	725
505	929
506	535
506	548
506	620
507	666
508	545
508	860
508	863
509	720
510	590
511	517
511	850
511	877
511	972
512	550
512	575
512	994
513	606
513	621
515	560
516	960
518	576
518	872
519	684
519	717
519	871
519	952
519	958
520	652
520	725
521	556
521	560
522	681
522	831
524	707
524	740
524	874
524	928
525	528
525	822
526	937
527	771
528	739
528	906
529	532
529	683
530	950
531	570
532	628
532	769
532	835
533	591
533	684
534	995
535	554
536	696
536	698
537	720
537	755
538	754
538	807
539	735
539	798
540	558
540	618
542	616
542	811
542	823
543	832
544	857
545	907
547	600
547	656
547	716
547	975
548	602
548	798
549	904
549	930
550	552
552	617
552	797
552	967
553	755
553	906
554	827
554	850
555	577
555	758
555	828
555	874
556	969
557	635
558	766
559	776
560	808
560	954
563	848
564	771
565	950
565	954
568	796
568	860
568	889
569	963
573	598
573	895
573	991
575	971
577	617
577	747
577	864
579	730
580	987
580	988
581	900
582	992
583	829
584	624
584	741
585	599
585	813
586	725
587	722
587	826
587	832
588	786
588	913
593	847
594	705
594	931
595	632
596	611
598	689
599	715
601	613
602	811
602	846
603	837
603	893
603	982
604	878
605	627
606	963
608	671
608	845
608	867
609	804
610	709
610	938
610	942
611	722
612	713
613	970
615	736
616	690
616	717
616	898
619	862
619	892
619	993
621	763
621	820
623	794
623	953
623	964
626	762
626	962
627	820
627	873
629	709
630	766
630	939
631	809
631	888
632	725
632	958
634	939
635	638
635	821
635	921
636	866
637	704
637	715
638	808
638	983
641	932
642	691
643	651
643	860
644	649
644	962
645	694
645	768
646	835
648	767
648	842
649	763
650	712
651	986
652	836
652	973
653	733
654	787
654	819
654	961
655	861
655	953
656	861
657	678
658	706
658	766
658	948
659	675
660	699
660	802
661	768
661	798
661	922
662	988
663	821
663	824
664	755
667	684
667	812
668	886
668	932
671	852
671	979
672	805
674	760
676	705
676	715
678	759
680	752
681	907
685	899
685	909
685	923
686	826
687	713
688	916
689	745
689	799
690	729
692	741
693	888
694	704
694	938
695	732
695	905
695	917
696	723
704	836
707	884
708	882
708	994
711	859
711	868
713	997
714	793
714	976
715	968
716	804
719	814
721	940
722	848
723	992
724	823
726	937
727	869
728	729
730	976
734	753
735	802
737	997
738	783
738	958
739	864
739	865
740	817
742	794
743	992
743	994
745	955
746	927
747	844
749	924
750	825
750	896
750	991
751	981
757	862
760	965
762	966
763	980
765	985
766	857
770	787
774	777
774	987
775	994
777	911
778	794
778	963
781	937
782	995
785	977
785	985
787	821
792	935
795	812
799	834
799	861
800	921
803	942
803	961
803	989
805	863
806	908
814	877
818	841
818	906
819	926
821	977
822	896
829	929
831	907
835	913
835	931
837	875
840	941
843	905
849	943
851	981
855	982
862	922
865	978
873	897
873	980
873	986
874	967
879	998
881	970
883	998
885	909
889	892
895	914
896	978
899	923
900	992
901	986
902	936
905	959
905	968
918	965
918	980
919	930
925	952
933	977
934	993
935	963
945	957
956	969
967	978
