205,258,292
3,7,42,47
65,117
292,303
9,269
9,285
170,195
203,208,256
59,99
51,196,314
9,11,235
133,136
265,281
20,230
35,203
38,108
7,33
229,295
276,305
125,231
19,281
6,226
29,64,65
49,183
31,175,209
186,245,277
82,186
75,321
77,266
31,186
49,205
26,68
109,151
94,108
43,56
19,89,134,249
58,139
227,296
30,175,193
211,228
4,47
71,72,167
133,298
126,174,317
71,213
152,169,213
22,279,323
52,156
132,220
60,201
218,263
207,227,294
37,88,239
136,144,272
52,103
36,42
51,201
82,108
1,2
139,161
30,186,193
101,210,221
49,177
19,197
89,106
51,73,196
126,142
200,310
93,148
131,155
43,118
35,244,285,297
118,163
105,243
122,301
24,72
53,100
80,131
262,306
52,231
41,76,92
230,243
131,184
20,239
89,142
53,185
73,126
31,103
167,169,323
149,271
55,94,108
229,290
217,290
100,126,174,317
12,222,249
276,301
41,42,92,107
71,153,167
17,184,198
100,288
226,243
138,220,221
88,199
150,172
17,38
41,76,107
63,125
113,134
13,259,306
29,76
209,287
198,199
87,135,286
104,149
21,75
216,217
13,106
47,80,108
11,122,235
140,145,166
135,302
250,311
133,280
58,127,206
120,158
202,292
1,2,171
8,47,97
227,311
107,138
141,172,202
6,226,298
144,269,299
111,186
32,114,115
203,207,215
107,176
161,163
11,305
8,65
18,298
7,8,76
87,247
107,108,247
141,205
66,139
45,159
65,264
144,145,269
206,209,302
133,316
17,86
50,184
125,174
57,78
34,253
232,236,241,312
145,323
107,114
73,260
65,132
38,174
236,312
115,130
77,132
101,127
292,305
106,216
34,223
124,127,135
100,174,184
35,90
91,117
54,125
106,226
74,154
87,232
272,313
147,287
41,108
88,232
205,303,305
77,127,163
9,99
27,109
75,294
23,126,177
269,305
33,61,64,130
91,92,101
89,298
124,127,175
221,309
137,273
248,294
52,62,231
36,38
276,288,299
107,170
47,97
175,176
244,253
112,298
254,255
258,288,303
18,295
45,105
155,167
59,170,317
83,124,175
30,58,82
105,197
23,177,188
81,128
196,274
29,64,86
46,298
27,102
44,45,46
68,96
160,169
170,173
243,293
232,241
40,72,167
55,247,277
35,147,297
264,286
112,228
102,153
32,61,64
224,259
14,124,127,135
175,302
217,303
218,219,226
104,226
216,298
29,86,101
275,314
107,127
74,155
193,309
132,309
136,166
20,90,104
98,258
140,301
36,41
25,318
215,262
42,48
202,268,276
31,163,192
71,128,167
206,239
207,223
74,279
31,78
75,102
76,179
52,93,270
105,297
66,161
144,145,166,268
134,218,243
58,206
94,127,186
235,316
8,97
220,289
16,114
103,178
281,301
9,307
229,293
49,73,196
83,263
223,254
49,195
141,166
76,121
104,112
62,317
279,301
133,258
73,184
91,92
27,155
1,74,152
29,66
38,72
174,320
208,256
73,317
80,81,326
13,107
239,277
27,275
219,243,259
73,201
227,253
85,101,130
148,282
9,272,276
91,101,115
205,313
42,101
314,320
30,132
48,70
80,94
36,38,127
11,205
88,176,239
31,182
33,226
256,311
125,189
268,299
30,82,83
265,322
30,139
71,279
49,317
189,205
29,92
281,290
21,109
108,239
163,324
169,195
176,178
215,223
236,241,264,312
27,71
16,61,115
14,56,124
71,167
37,121
62,73
145,292
22,274
71,80,167
58,86
72,314
30,31
147,263
111,241
10,145
41,92,107
265,280
280,301,305
6,112,218
6,259
178,303
54,126
47,115
223,282
61,65,70
184,189,196
74,321
3,85
108,247
145,310
78,101,210
186,312
135,245,312
198,210
257,297
61,70
227,255
112,303
11,37
112,285
36,76
82,83,135
28,76,91
166,258,280
148,199
32,115
82,163,186
111,286
82,138
126,195
250,282,310
51,103
31,178
177,292
269,316
41,70
247,264
132,186
177,185
104,249
89,226,243
8,29
75,154
227,310
38,121
61,93,116
171,216
14,43
21,155,167
29,114
1,131
12,230
12,19
281,299
10,133
103,128
89,112
73,267
144,293,305
88,286
68,156
215,275
118,184
48,115
86,110
21,167,169
132,191
66,88
136,280,299,303
166,287
100,173
1,155
71,81,326
46,253
296,297
54,185
31,178,302
200,263
18,87
169,275
23,275
88,266
72,102
47,121
150,298
49,54
60,171,180,184
105,295
22,279
187,195,201
138,139,221
165,169
128,142
4,42,47
68,165
93,323
17,138,139
207,208,256,263
47,92,97
203,215
215,253
98,174,177
9,10
59,98,195
63,146,201
95,149,187
184,199,202
84,216
58,175
203,215,227
159,275
3,36
71,81,169
74,169
40,214
17,65
58,70
148,297
9,10,316
108,161
29,64,121
60,274
58,175,186
216,251
182,192
19,243
145,205,269,287
33,61,232
113,226
61,277
164,270
70,205
12,219
85,107
67,96
268,305
72,95,158
207,308
61,78,79
13,47
16,33,65
84,193,206
57,186
120,270
26,323
235,292
299,301,305
60,131
142,235
142,287,307
148,308
107,286
5,90,106
208,213
63,188
49,118,195
170,185
213,242
170,171,188
161,181
170,187
42,47,85,108
31,176,178
150,293
52,103,159
72,255
36,38,210
179,186
88,108
53,265
28,92,101
3,4,47
31,178,181
21,74
18,288,299
37,191
26,149,323
194,304
111,124,277
55,245
133,288
92,107
11,112
8,61,70
41,47,97
9,112,113
223,244
186,193
73,188,196
145,287,291
47,107
8,38
179,181,233
203,254,326
31,309
138,221
7,66,76,108
25,102,103
183,188
98,99,126
22,194
13,112
199,215,223
51,263
145,166,172
98,170,320
65,101
141,142,269
78,264
156,159
156,283
88,176
6,138,139
22,75,279
150,276
252,277
62,231
78,179
265,278
60,183
39,214
213,294
21,93
12,112
18,45,262
123,220
235,293
21,22,155
141,303
232,247
10,235
215,298
27,75
122,210,221
49,177,188
73,160,170
25,75
60,126
62,125
192,193
60,180,184
53,187
22,73
91,92,130
147,148
87,236,241,286
14,232
33,70
171,321
108,178,209
5,150
80,111
71,72,81,194
44,90
23,112
92,97
60,100,174
7,70
134,219,298
100,293
19,89
54,73
21,153
3,37
104,293
29,86
291,301
134,259
95,144
155,279
60,184,201
7,8,107
69,158,164
64,114,121
133,150
33,76
82,163
158,321
98,174
94,107
158,162
205,258,269
150,290
75,102,155
144,313
236,277
134,212
123,195
191,220
201,231
21,279
85,221
58,78,132
250,256
26,152,323
11,172,205,258
84,135,161
211,259
7,28,85
142,313
152,213
4,32,115
82,122,186
95,158,187
135,197
58,161,302
31,209,266
4,85
242,296
27,128,318
67,156
50,60
75,149,151
107,174
34,35,263
9,281,303
2,128
37,70,94
229,243,259
204,294
213,254
196,235
102,107
171,184,199
98,177,188
112,192
78,243
104,217
90,259
241,261
90,106
94,108,129
20,262
73,171,196
285,299
292,313
136,265
7,41,66
77,186
237,277
12,112,113
105,150
101,107
12,89,112
122,123
207,212
246,286
54,180,231
298,306
22,164,194,304
56,111
90,226
158,169
16,70,127
87,107
98,99,201
265,272,281
109,231
299,315
163,206
141,142,281
144,269
133,175
288,293
76,130
52,196
50,187
4,127
11,61
78,170
11,258
2,151
148,306
104,230
88,246
98,126,320
32,107,232
5,12,106
2,75,279
4,47,92
91,210
120,157
29,94
51,68
9,133,276,281
82,186,277
128,323
202,300
7,8,37
22,152
249,295
58,77,127
1,22,155
115,176,302
50,59,184
4,65
311,326
73,188
15,232
265,305
58,206,209,302
139,241
110,284
147,263,297
29,121
51,196
75,323
205,300
2,75
47,302
253,257
122,237
127,167
142,235,287
140,166
279,321
21,128
123,264
31,108
44,212
152,155
95,169
82,263
24,327
132,233
97,111
105,149
113,229
74,170
60,98,174
2,102
30,175,186
49,126,317
250,282
66,94
112,273
287,292,301
154,171
101,163,221
184,187
54,60
234,254
9,305
22,49,187
102,131
21,71,81,128
76,204
42,127
161,193
5,113,134
126,177,317
168,187
105,112
184,202,205
89,104
116,121
146,160
144,301
19,259
232,266
126,187
291,292
148,302
51,52
119,159
107,259,306
108,178,206
77,127,175
141,142,301
32,61,115
124,186
13,113
150,222
288,301
57,178
15,312
31,116,178
96,283
97,127
184,231
90,287
15,122,135,284
172,196
13,88
36,91
74,81
21,155,318
115,176,206
88,238,261
13,259,262
77,78,221
108,126
106,243
145,172
36,38,116
47,71,167
99,149
256,263
66,85,92
61,64,115
35,243
141,145
27,153
170,174
51,173,260
5,112,259
172,272,281
215,234,256
64,115,176
67,314
55,286
36,38,181
101,163
217,249
175,309
138,206
144,258,299
28,32,115,116
6,112,219
21,22
12,197,249
84,132,161,191
160,168
72,126,173
150,202
78,84
46,295
25,26,93
21,80,155
6,139,321
280,301
27,151
1,103
173,188
226,228
20,218
179,261
83,123
25,103,167
71,72,196
43,284
51,60,177
67,190
157,159
201,320
226,290
57,302
59,118,184
211,212
203,253
26,149
112,216,298
205,288
23,68
293,299
281,291
32,38
140,293
58,161,220
45,112
92,101,107
235,303
34,208
161,220
4,36
173,304
80,152
108,206
268,300
245,264
24,68
90,197
35,281
155,323
9,280,303
285,296
272,285,301
9,276
212,229,243
166,291
110,252
22,128
100,184
142,202,305
145,166,305
17,138,198
29,61,86
145,278
5,313
22,155
150,217
13,107,108
5,252
170,274
12,60
225,236
161,179
63,126
145,205
272,303
265,303
19,104
279,318
59,195,317
82,232
141,172,202,265
145,166,268,269,276
175,261,302
9,20
82,266
78,289
75,155,167
39,93
228,299
5,113,134,259
124,264
84,220
231,271
28,76,85
208,215
33,127
140,287
14,15,135
55,135,225
39,75
113,306
85,86
155,261
145,272,281
87,94
89,134,229
70,94
43,124,277
71,184
80,169
207,254,296
73,189
287,291
52,120
30,79
204,310
26,74,102
144,280
24,162
55,246,286
93,249
20,60
57,78,79
212,298
35,148,297
11,178,235
13,45
109,323
100,188
74,318
76,94
113,217,243
194,195
136,268
119,263
38,65
90,105
87,247,286
145,166,276
58,221,302
17,91
98,184,320
89,134,243
82,284
65,264,312
81,279
141,205,258,265
12,249
11,265
55,122,135
72,167
4,8
258,291
6,18,218
70,121
144,145,166,276,285
89,112,113
83,302
3,42
28,115
280,303
212,250
254,326
104,134
138,179
177,194
7,66,107
6,105,217
49,60
171,184
124,135
51,146
77,163,277
27,72
60,99,174
199,321
205,258
9,11
80,102
55,225
98,100
89,134,249
266,277
142,272
72,184,320
111,135,277
116,130
1,2,131
37,56,70,135
217,281
140,144
173,195
54,275
9,10,133
181,192,309
237,286
19,229
140,202
148,251
107,108,130
132,161,191
171,227
3,32,107
43,186,277
25,188
141,144
301,303,305
57,210
183,201
148,223
59,195
9,11,303
241,277
36,72
113,212
226,259
94,116
5,19,113
66,85,108
65,182
217,262
205,280,299
144,265
9,293
78,192
14,87,124,225
17,235
63,118
146,168
21,167
179,198
155,321
142,299
26,279
60,73,196
83,127,302
96,156
40,321
21,243
13,18
5,228
7,36
63,98,189
23,24
9,268
73,75,187
82,167
64,115,116
45,89
48,61
157,287
183,227
111,135,236
8,48,92
73,171
51,165
243,259
65,108
79,302
102,109,318
141,301
223,227
61,64,114
4,8,42,47
102,103,131
214,311
147,326
60,272
150,321
60,171
159,259
51,173,196
17,41
70,77
52,93
104,105,243
173,260,314
45,139
142,172
144,145,285
172,205,258
80,128
202,205,291
92,107,108
27,155,318
191,210
112,217,249
15,56
89,216
98,100,174
49,174
127,135
142,281,313
33,65,116
280,313
18,112
30,122,193
1,279
126,196
131,279,318
82,122,135,284
23,319
281,293,305
265,281,322
87,225
74,75,151
24,319
162,314
59,171,184
305,322
207,251
72,260,314
77,107,127,163
51,317
173,196,314
45,295
94,107,108
141,142,287
31,239
193,233
223,310
185,196
187,213
41,101,108
58,206,209
114,124
111,284
27,74,149
51,131
228,229
144,166,273
30,179
143,156
216,219
218,259
58,127,163
167,177
64,65,130
28,32,115
293,301
73,126,170
77,237
103,209
249,296,326
17,117,130
89,106,222
172,281
38,91
162,319
232,264
65,147
21,27
199,227
269,288,299
104,113
58,132,309
120,131
74,75,102
34,49
86,116
58,245
95,275
94,179
49,72,177
20,226
167,318
144,272
96,200
5,89
88,232,261
105,219
81,102
133,205
14,124,135
103,318
9,281,293
261,277
12,222
44,259
281,294
246,264
66,114
228,295
6,229
211,224
113,228,306
13,18,20
38,114
92,116
61,309
42,238
82,111,135
36,191
36,139
95,320
71,155,167
9,235,316
92,108,114
205,258,272
133,265
199,282
142,144,287
13,195
170,174,317
145,166,299
11,214
50,98
72,74
41,76,85
269,272
288,300
4,28,108
52,158
93,314
287,306
25,27
64,94
151,167
134,216,306
101,115,130
80,81,128
26,102,167
8,210
176,206
51,73,173
35,148
212,230
72,188
141,268
188,304
60,184,187
8,37
49,203
112,218
77,101
111,245
149,158
136,144,305
37,178
174,177,317
220,312
72,317
114,117
108,261
119,165
42,108
225,286
149,151
9,10,276
265,268,276
104,134,259
13,226
46,112
95,149
77,324
94,127
35,253
245,252
126,188,317
9,136
6,217
17,29
243,262
98,205
151,152
5,18
100,126,177
142,303
117,121,130
21,149
87,252
13,92
206,221
8,76
38,86
281,298
20,218,219,226
102,155
229,298
71,80,194
24,52
82,261
292,301,305
25,149
28,91,107
99,126,177
37,56,135
37,70,186
16,61,121
100,189
28,61,115
103,323
172,268
236,241
61,312
106,249
172,205,265,299
144,269,285
14,312
88,225
58,79
52,93,95,270
28,29,32
64,75
35,148,244
249,251
138,302
227,248
74,151
15,124
223,254,256
163,179
122,193
191,233
113,298
136,272,285,301
208,234
28,32,130
192,238
98,188
173,183
5,255
103,178,209
17,36
33,122
4,36,37
12,90
91,97
225,245
25,152
95,164
74,167
144,273,305
32,48
112,216,228
107,177,317
63,180,275
105,226
94,163
175,176,209
258,278
11,150
4,86,121
239,252
21,323
218,323
77,84,163
110,123
20,207
167,169
120,196
37,56
172,280
26,151,223
98,193
103,232,312
178,217
36,179
31,178,266
299,313
226,302
245,247
117,250
113,262
126,320
1,22,171
73,183
74,171
221,225
72,320
29,32,115
5,13
176,178,179
216,288
55,135
249,298
142,307
72,73,188
195,199
83,266
14,15
11,145
141,144,205
34,311
125,194
145,268
56,135,237,277
111,122
13,222,259
178,179,191
89,251
61,65
182,264
46,228
71,128
5,259
188,320
281,293
101,117
162,188
54,75
60,187
104,243
9,226
278,285
19,249
60,160
205,305
87,88,247
42,86
11,300
76,86,101
77,220
50,170
150,226
58,78
6,89,112
135,239
83,100
7,48
177,231
111,247
16,32,61
209,225
51,160
81,149
202,291
64,130
76,108
4,48,115
72,100
52,62,67
49,263
142,291
84,118
290,301
29,58
20,216
148,248
136,144
2,152
11,280
32,93
264,277
103,292
265,301
213,234
88,245,247,286
18,230
30,78
218,249
106,134,219
133,287
51,75
144,278
4,108,115
75,152
232,236,264
144,287
108,114,127
140,150
135,186
108,178,191
91,200
7,17
205,290
18,198
178,220
60,305
258,281
87,225,286
122,186
6,216,217
105,281
134,218,298
173,320
60,73
108,124,232
44,295
223,249
55,83
31,176,182
126,177
161,186
141,301,307
11,172,293
107,121,127
82,188
268,285
16,108
26,155,167
49,296
106,313
124,127
144,205,293
73,203
298,299
90,295
142,268,281
141,172,299
62,189
133,290
17,138,262
184,248
82,245,277
9,84
152,159
67,187
1,81
203,250
135,261
138,161,191
64,117,121
167,323
16,76
16,127
22,75,152
4,42,85
196,287
27,279
77,130
2,21
73,170,177
135,292
76,85
215,256
189,196
9,11,265
223,326
36,94
22,171
131,200
38,48
33,61
45,166
15,266
199,200
206,324
104,152
204,227
172,205,299
135,246
71,103
91,115,116
48,85
38,85
49,163
232,267
11,122,218,219
18,211
256,257
90,262
82,193
14,15,135,312
153,167,202
9,11,316
53,201
49,59,60
255,296
114,127
49,185
14,15,43,135
19,296
87,88
62,75,125
108,174
258,265,288,299
126,318
68,80
8,92,127
21,22,49,128
232,245
18,134
49,164
214,282,311
106,112
170,320
107,177,188
176,192
7,32
259,298
301,303
60,260
48,94,163
87,246,247
49,63
22,167
43,264
89,104,112
153,271
5,106,197
184,244,297
18,218
207,244
4,176
46,211
39,40
93,168
223,248,326
49,117
57,179
113,230
81,149,152,167
112,251
100,320
35,249
217,226,290
183,187
207,296
159,288
60,185
107,248
1,318
138,139,321
56,163
77,207
122,264
72,81,194
27,167
31,116,176
17,98
151,157
172,268,281
80,323
124,267
203,263
105,222
72,201
45,262
28,91,130
43,266
177,304
159,271
38,286
219,224,226
16,17,116
83,264
245,261,277
166,268
38,287
89,218
251,256
22,80
182,209
108,262
184,196
88,247
77,163,175
67,73
149,152,155
80,108
149,153
11,133,265
229,262
153,323
189,274
116,176
6,112
33,107
18,113,217
113,263
78,79,220
151,275
42,47,121
47,80,111
27,242
94,103,108
6,226,262
72,81
58,82,193
79,138
60,188
142,205
109,279
77,161,163
105,287
141,272,305
281,285,298
71,152
173,274
199,213,215
128,271
269,272,273
203,213
148,287
75,151,155
242,263
205,258,287
154,156
216,306
37,85
238,284
65,312
138,309
126,170
123,284
71,173
37,76,108
64,65,114,127
155,275
34,227
98,177
22,40
214,255
10,268
53,59,63
285,298
107,126,170
293,316
145,166,272
81,318
49,190
121,179
59,63
67,242
72,196
124,232
264,267
43,277
207,282
27,81
60,128
108,126,170
150,269
87,247,264
217,224
49,174,196
135,264
122,238
45,211
152,271
149,321
163,210
78,161,179
84,198
81,149,152
3,66
15,43,312
77,107,127
276,280,305
106,222
2,318
280,281,299
226,251
41,92,101
84,206
225,267
32,33,85
28,302
32,36
31,94
237,245,277
147,242
41,303
96,327
264,317
33,64,65,115
37,122
18,113
26,109
174,244
151,279
177,184
61,302
297,326
134,216,243
5,90
202,303
110,239
52,67,231
54,180
6,230
173,317
4,248
65,77
232,261
65,225
89,249
32,75
4,28
281,288
57,77,163
22,153,155
37,70
180,201
95,149,158,187
15,264
273,301
177,271
58,77
164,169
10,11,133
22,75,81
178,196
167,277
14,135,312
215,281
73,160,196
59,174
51,63
220,233
186,213
31,206,209
49,170
140,251
72,184
21,22,187
63,98,195
10,313
60,302
85,94
126,178
69,275
108,259
107,302
108,178,286
3,127
83,186,302
17,114
95,159,275
12,104
70,114,127
104,311
3,28,101
229,249
72,73,194
173,196,260,314
22,131
7,127
142,287
120,147
67,283
47,48
79,108
25,26,109
21,22,25
179,220
199,326
26,75,151
174,189
18,259,262
281,305
245,261
39,233
10,11
11,208
31,178,182,209
285,297
23,158
84,130
172,301
31,224
13,229,249
259,262
108,124
82,252
148,159
51,180
67,109
161,286
35,147,244,285
207,213,326
149,231
45,298
181,206
48,91
59,98,173
47,70
110,236,264
43,228
77,138
275,283
79,122
148,204
2,321
41,114
68,169
172,265,287
12,150
214,310
17,42,47
85,87
28,42
56,264,286
171,174
107,317
201,275
213,223,326
5,90,106,197
31,58
53,231
147,203
280,287
4,116
132,302
54,109
165,194
55,163
47,167
103,155
138,184
245,246
19,212
166,323
163,193
126,177,316
49,60,118
107,246
299,307
31,176,302
236,245
47,94
125,195
136,202,272
303,311
49,187,196
197,298
171,189
50,72
95,120
20,150,224
107,117
27,271
134,211
103,288,299
43,135,267
142,281,293
203,310
100,170,174
44,45
163,186
268,291
5,217,222
87,225,267
4,117,130
7,66,108
36,116
29,86,115
231,250
159,321
34,207
2,25
223,296
285,307
9,145,166
87,246,264
21,167,323
99,194
152,169
73,170,188
6,89,134,230
32,116
49,100,118
32,33,86
122,219
6,203
30,193
47,108
147,148,297
91,252
50,231
112,207
192,245
136,303
59,184
113,293
93,218
147,251
313,316
73,100
126,251
145,243
28,29,76
147,244,251
144,166,276
53,183
126,170,177
181,199
205,299,303
239,240
55,312
28,108
49,63,125
101,108
124,325
58,179
263,303
19,298
78,181
173,196,260
94,129
150,258
84,267
78,84,163
1,2,22,171
58,163,245
58,82
272,287
52,69
40,143
28,41,92
207,213,296
93,155
34,254
30,122
67,68,231
28,41,47
142,265
134,224
78,271
72,80
112,134
11,51
145,202
3,32,38
33,64,65
21,169
11,272
51,131,159
73,196
58,83
112,219,243
16,47,107
117,178
17,55,92
6,222,249
60,62
232,325
145,290
236,261
222,263
51,283
57,220
60,231
203,207,215,326
50,59,73
213,215,326
27,74
112,216,262
105,280
31,107,132
141,278
104,229
9,249
25,152,153
10,285
273,278
28,32,76
113,219
11,205,258,303
73,177,196
161,199
256,312
59,189
57,132
104,106
84,256
33,114,116
139,191
1,26
100,145
150,305,313
32,229
281,313
108,175
7,76,94
110,239,261
131,279
145,269
176,324
17,36,76
265,287
56,87
22,187
58,220
25,74
282,297
215,296
31,79
79,192
114,116
139,179
255,256
22,72,155
28,47,107
138,220
207,326
45,134
145,251,285
137,272
18,228
199,205
55,88
114,121
184,202
94,161
83,114,116
25,271
163,175
269,315
29,41
163,186,277
73,184,196
76,101
6,249
73,74
112,163
10,280
176,178,206,209
182,186
7,76,107
29,111,277
226,229
214,215
140,268
60,70
56,239
5,104,230
175,182
99,162
14,124,127,175
175,178
130,178
85,101
140,205,258
178,287
60,125
208,297
33,115,116
166,276
65,93
71,102
166,269,299
218,243
291,300,305
18,293
16,86
78,210
87,110
135,236,277
51,327
24,118
239,261
133,285
60,194
59,118
56,237
40,167
6,105
59,72
64,302
187,320
73,320
176,178,209,302
82,238,277
58,193
144,145,299
28,115,130
71,80
125,183
211,287
62,177
82,111
25,153
56,286
2,22,318
17,115,121
261,267
244,287
141,313
40,71,167
178,264
2,3
147,244
251,259
258,300
43,83
78,135
82,241
74,75,169
202,268,293
141,258
100,118
53,63,125
10,272
7,42
120,148
73,274
26,223
118,183,185
98,118
48,92
18,72
250,257
4,85,108
265,268
75,242
21,22,323
197,287
271,323
272,285
143,321
103,141
261,264
12,243
18,306
58,132,186
139,259
6,218
18,246
134,249,259
14,245
139,220
64,107
107,108,126,177
21,159
11,218
57,209
22,271
63,274
215,242
89,268
287,293
63,173,184
88,237
67,89
135,245,277
18,251
183,195
105,106
172,202,205,258
94,101,108
182,302
132,161
49,62
98,177,187
56,186,277
77,127,135
20,89
163,175,186
1,293
112,218,219,243
38,122
7,37,127
59,201
32,61
78,101
224,228
58,209,302
61,91
28,237
63,177
83,127
33,64,115
81,271
57,175,186
55,60
163,302
217,269
142,167
175,228
32,61,114
57,84,302
119,120
18,20,104
8,92,116
207,287
29,76,101
221,289
73,170,173
156,169
26,71,75
198,221
9,23
11,268
21,154
32,107,115
78,176
51,285
4,47,94
133,205,269
72,326
167,188
84,161,163
184,268
85,91
21,69
76,91,92
112,222
4,16
161,223
133,272
73,194
60,165
58,78,79
287,303
95,168
7,107
18,72,87
7,85
218,219,262
71,318
49,180
75,263
58,77,175
94,132
166,218
114,167
144,145,276,285
134,218,219,243
86,92
49,170,171
133,300
77,209
43,267
203,207,208
102,153,167
58,178
88,238
9,265,288
136,258,280,299
72,317,320
61,114,116
158,159
5,298
6,112,218,219
99,317
5,89,106
84,138
203,204,256
69,164
82,122
53,60,183
31,176,182,209
65,115,116
8,70
51,73,171,173
142,281,305
18,112,218,219
21,72
66,179
43,225
235,281
97,121
149,152,169
278,305
29,277
17,64
136,137
58,163
212,229
241,312
243,244
83,122
88,240
104,224
60,233
60,148
278,281
4,107
118,125
21,271
49,173
90,104
29,312
276,281
18,217
166,276,285
81,152
32,211
142,287,305
28,41,48,76
112,113
166,273,301
173,260
82,127,186,302
198,309
13,226,259
154,157
98,159
281,303
22,75,128
5,216
199,215
51,120,196
24,119
101,220
73,187,196
57,324
159,167
112,295
49,73,187
89,222
75,168
126,183
58,176
25,167,323
146,173
100,107,126
113,197
13,78,108
74,149
278,287
101,221
135,266
64,83
124,245
11,60
223,248
30,58,193
53,148
73,99
166,172
7,97
33,114
118,194
47,237
256,294
6,134,218
186,198
38,61
80,103
118,177
59,126,177
55,266
9,11,313
100,174,183
30,58
162,177
30,138
111,135
21,22,95
41,61,91
104,202,293
110,225,239
21,49
43,123
172,268,276
263,311
136,140
28,41,108
64,121
173,231
214,248
63,195
134,249
59,177,188
49,231
75,318
118,231
76,92
18,156
47,80
11,218,219
149,152,154
161,210
161,206,324
108,122
256,269
67,199
141,265,287
20,104,217
48,117
197,222
126,184
81,154
31,175
111,225
15,238,284
14,186
27,80
11,299
33,61,114
37,66
84,132,161
71,80,81
265,313
144,299
22,52
195,201
232,236,312
104,218
105,212
13,250
94,101,107
49,95
215,248
55,241
101,163,186
41,85,101
67,100
133,281
149,294
45,93
205,258,288
17,177
3,4
49,125
78,79,132
136,287
121,225
63,156
199,203,215
78,138
203,207,326
132,181
4,42
171,194
56,186
145,265
122,218,219
136,172,276
292,299
142,321
60,228
59,304
128,154
51,303
139,198,241
14,175
17,85
85,115
204,311
126,174,177
260,314
70,133
47,85
57,127,175
22,141
263,297
42,47,107
35,227
141,280
75,149,155
11,144
239,267,277
147,244,251,285
83,123,135
13,105
95,270
236,241,286
89,228
9,112
107,115
112,218,243
75,174,274
161,191,210
186,324
28,32,101
9,12
93,199
150,166
141,144,272
55,232,286
254,294
249,303
51,158
299,303
27,180
38,101
40,109
6,18,219
163,277
144,166,269
159,244
76,85,91
82,267
43,312
11,313
71,152,213
26,151
145,305
101,309
170,326
44,134
226,293
29,237,277
17,64,121
148,251,285
142,243,281
37,281
113,216,306
92,129
244,257
70,130
134,243
6,134
88,176,178
15,277
43,310
172,291
80,151
127,186,277
41,101
166,265,272
51,147,285
164,304
76,115
52,67
9,144,285
22,49
111,266
72,235
235,287
100,174,177
55,237
14,124,232
106,113
61,94
268,281
121,237
142,269
93,152
85,130
22,27
105,218,249
30,58,82,83
108,186
111,236,241
141,269
29,36,61,114
175,206
98,171
133,303
232,264,312
41,91,179
123,238
9,25
265,272
10,141
141,202,258
61,116,232
281,282
144,166,301
36,181
133,269
147,297
199,203
98,126
12,217
61,85
144,272,281
17,66,112
95,158,275
32,33,116
64,65,121
164,275
20,106
88,245
257,263
146,201
136,280,305
42,297
263,296
17,181
192,306
87,286
72,73,173
195,320
72,118
133,144
48,114
160,202
59,126,188
27,231
59,173
15,286
145,291
108,191,302
21,177
47,92
138,148
13,108,259
17,33
112,113,298
84,195
161,306
5,13,226
185,189
5,89,197
169,327
41,91,115
79,221
238,239,261
60,303
37,122,127
35,214,311
174,194
3,92
16,232
145,166,304,323
77,163,179
77,206
93,184
91,101
18,286
38,94,108
256,296
175,181
73,98
148,203
77,84
60,226
269,301
221,302
82,122,135
50,271
51,100
4,48,97
280,288,299
106,218
78,163,193
227,256
141,305
51,59
84,220,221
78,79,178
239,284
4,8,108
253,256
177,196
219,262
21,102
166,285
202,235
211,251
18,217,249
96,159
126,201
258,314
162,164
104,276,293
71,81,128
113,197,249
109,169
219,243
20,293
118,275
72,73,174
141,202,205
21,167,169,323
119,156
301,305,322
142,285
58,84
77,135
172,276
17,108,176,178
59,98
100,126
72,73,171
288,301,305
296,311
145,269,299
147,172
106,150
205,287
9,166
108,115
145,258,280
21,103
60,193
72,169
155,283
145,166,202,269
73,118
5,167
218,259,298
26,75
163,221
181,220
101,114
202,291,292
208,254
245,277
302,324
67,180
276,313
33,86
55,247,286
109,128
146,159
85,116
11,235,292
111,237
108,178,302
9,25,71
38,127
92,179
212,243
258,269,303
17,101
16,17,70,127
13,91
17,61
57,84,161
111,135,237
185,187
222,262
49,196
35,214
17,178
60,174,184
268,280
150,280,287
214,244
105,224
65,127
178,206,302
14,135,186
38,77
11,281
310,326
172,273,305
100,195
18,244
49,260
72,188,194
49,171,187
110,261
30,58,221
9,281
3,76
133,205,303
136,272,285
91,107
27,158
57,58,84
13,18,112
149,155
231,272
20,224
35,311
150,265
184,297
202,258,288
64,65,114
119,314
211,298
164,327
112,113,228
64,117
102,131,167
18,24
71,153
51,95,270
202,288
108,176,178
180,184
31,161
17,225
96,165
88,252
145,166,285
265,321
223,234
135,161
63,189
115,116,245,246
161,191,324
36,61
56,107
17,184
28,210
94,279
96,120
77,108,178
32,86
89,226
99,184
122,252
136,137,278
238,264
200,208
76,124
22,75
142,292
5,20
138,321
291,301,305
90,134
249,296
56,225,286
213,214
273,280
213,234,296
258,285
296,326
136,288
229,259
164,319
32,33,61,114
195,203
144,172
71,102,167
38,94
72,174
72,128
72,173
62,100
49,51
162,245
41,42,85
82,312
281,293,296
30,84,161
49,174,187
148,263
81,103,131
71,109
98,184
17,117
56,83,124
105,229
135,225,286
145,218
150,292
32,117
34,203
300,307
28,127
222,226
21,27,72
78,211
22,152,323
132,210
98,126,173
18,105
71,72,194
41,85
104,268,276
135,186,277
11,136,272
147,214,244
77,163,245
49,50,187
98,125
12,89,197,243
108,129
277,312
122,235
159,191
58,277
161,179,191
135,237
27,152
64,70
126,170,174,317
41,42,76
74,271
225,261
6,112,216,298
16,66
88,241
163,179,210
51,52,159
148,161
49,170,187
100,317
123,266
36,38,256
204,208
282,311
228,243
38,179
69,169
21,95
203,223
276,278
135,252
159,244,297
55,247
71,81
299,300
132,324
35,263
81,163
174,271
71,75
21,71,167
272,285,305
17,32,33
26,68,157
13,55
126,174,194
54,180,187
35,146
64,237
76,201
166,299
28,41,76,107
239,302
31,107
170,188,194
65,115
9,235
64,232
141,205,303
17,139,222
85,101,115
51,173
32,33
66,85,92,108
57,163,175
170,183
14,15,312
159,165
20,251
197,259
5,104,112
61,225
92,101
131,194
141,281
32,64,115
55,277
9,316
22,27,155
6,217,222
207,215,227
223,254,296
268,273
20,218,219
167,178
214,257
14,123
12,295
178,191,209
71,72,153,167
55,72,87
13,296
134,226
13,197
157,327
77,178
112,249
239,245
253,294
79,175
27,54
49,118,196
291,313
135,238
60,64
72,94
58,309
5,112,197
263,294
125,242
147,159
59,126,317
9,287,305
10,281
208,263
155,326
25,26
74,103
148,208
49,187,231
48,127
126,155
32,117,130
126,194
83,232
133,281,299
37,70,127
166,278
203,294
93,149
77,132,179
6,90
31,176,178,302
66,316
211,222
205,235,258
199,294
149,152,167
216,218
258,316
15,122
134,229
243,249
208,254,296
15,58
16,107
171,235
63,174
234,248
258,273
172,205,265
75,231
142,166
215,254
60,159
95,149,152
223,324
4,206
178,192
84,93
60,317
187,271
60,304
60,118
141,248
57,84,221
17,286
197,219
255,263
301,313
11,287,292
142,281
141,202,265
94,225
258,265
24,275
9,287,291
65,114,116
90,216
57,77,78
51,141
84,139
18,296
97,108
59,195,196
60,283
147,200
288,315
61,114
133,305
56,122
47,48,92
89,281
5,12,89,197
72,87
205,301,305
76,107
49,267
22,103,153,167
219,249
228,235
62,183,189
177,320
49,73,118
171,185
174,201
84,108
22,153,167
215,322
66,85,129
213,256
4,48,85
268,288
44,46
125,256
144,272,280
94,108,115
109,149
175,186
184,244
17,198
144,273
81,103,128
166,292
5,18,89
292,316
18,222
39,211
210,263
3,195
218,219,224
256,310
150,235
14,241
87,123,266
171,196
128,164
31,210
217,230
188,189
65,100
89,105
51,125
262,290
237,252
145,298
8,48
145,299
189,195
78,178
159,173
15,83
6,216,298
50,196
5,113,259
36,114
243,251
31,221
141,287,305
209,233
72,81,103
207,254
60,113
202,269,288
57,77,84
72,146
55,87,232
302,326
229,243,295
4,8,48,115
216,228,306
188,196
136,272,273
201,267
76,91
9,243
89,104,105
26,167
126,213
193,206
84,122
24,314
63,320
72,177
9,112,228
52,169
218,229
159,270
83,135,245
34,250
63,180
70,107
72,81,326
55,87,246
145,281
268,296
53,196
214,263,296
216,243
43,245
8,258
58,132,163
205,315
231,275
144,272,301
22,323
138,139,220,221
36,86
108,239,261
78,161
136,281
34,35
202,273
199,208
145,273
37,64
17,97
144,205
269,272,305
179,182
23,75,275
172,313
81,151
49,169
51,169
142,172,273
75,274
235,276
63,173
207,249,296
263,326
100,107,174
268,276,285
217,228
41,91,101
152,249
176,220
195,226
64,87
124,245,277
18,20,243
203,282
145,166,258
29,65
31,176,206
32,130
127,130
8,66,108
84,163
102,152
258,288,299
74,75
11,23
116,176,302
81,102,271
21,25
174,317
140,285
171,183
202,299
196,320
71,75,152
147,285
122,192
185,231
103,314
124,312
23,176
205,310
159,269
16,29
57,84
184,201
202,205
78,220
181,192
63,98,99
75,160
72,194
230,298
146,179
82,122,284
56,61
184,205
113,167,216
163,176
17,108
148,184
135,284
62,119
131,153
5,106
100,126,170,174
26,152
176,178,302
172,314
144,145,166,281
218,219,243
49,133
202,265
53,62
69,168
52,95
104,259
122,138
99,188
215,255,257
170,173,317
142,145,166,305
41,76,97
70,77,127
249,293
2,21,22
71,149,323
115,117,130
36,108
59,177
207,215
172,287,305
152,167
127,175
187,189
28,76,85,91
22,72,95
280,281,303
244,297
49,100
18,103
127,163
285,326
87,135
170,194
108,130
232,241,264,312
54,74
5,303
31,132,221
95,187
100,126,317
47,76
55,246,247
77,127,163,245
258,265,288
158,164,270
107,178
136,305
134,218
218,229,243
68,69
35,147,326
235,269
13,105,226
147,285,297
122,184
150,281
92,94
17,84,220
77,107,126
203,213,215
45,251
136,276
59,196
85,114
28,41,42
2,131
78,79,84
61,127
24,252
266,312
268,276,292
20,243
37,77
55,87,247
124,186,245
58,209
243,298
8,36
112,218,219
91,178
181,182,192
256,287
49,118
77,163,181
237,241
11,235
14,124,277
75,152,167
83,163
60,189
156,162
17,122
119,173
139,221
31,132,209
53,250
125,180
71,131
163,192
226,295
11,166
141,172,265
68,157,223
11,196
102,128
28,41,76
180,292
144,145,166,269
26,128
159,233
272,307
28,29,86
136,293,303
36,121
22,73,173
22,321
178,233
51,119
24,155
172,299
87,124
17,130
31,239,302
43,78
78,309
61,130
139,198
107,121
61,65,116
21,155
254,296
61,245
26,81
184,189
51,63,125
17,66
269,276
113,216
50,213
216,230
251,298
3,94
8,94
67,146
176,206,302
17,262
32,58
75,103
36,92,101
111,237,277
178,299
93,270
105,216
82,83,127,163,186
72,171
176,221
74,93
110,135
140,299
1,152
9,122
145,166,290
55,108
208,294,296
200,207
11,122
99,177
28,37
61,64,65
56,161
82,83
118,185
43,186
124,135,277
51,275
6,20
205,301
133,205,258
116,178,302
72,215
178,209,302
127,175,186
72,73
200,254
264,284
321,323
126,185,317
1,80
33,64
9,219
49,125,180,187
72,256
52,95,270
28,32,61,130
13,216
122,127
213,326
205,276
172,258
21,27,109
134,219
125,215
145,269,305
9,112,235
73,173
35,204
293,303
10,249
14,124,175
129,143
135,277
303,310
32,115,130
51,281
80,153
169,190
17,37
86,91
252,267
1,2,22
32,91
278,290
124,127,135,175
11,113
30,186
95,149,158
77,93
2,22,279
60,62,98
71,81,153
291,293,299
172,290
63,98
4,7
55,236
57,161
72,100,170
138,222
171,258
113,228
128,131
2,195
20,78
184,320
13,89
35,285,297
104,150
150,287
81,131
51,173,314
134,251
13,222
172,202,281
12,262
266,267
55,78
118,260
124,135,186,277
148,254
89,150
203,214
41,92
28,107
55,94
87,245
217,219,224
152,288
202,285,300
134,219,243
157,196
16,214
215,255
184,194
55,232
33,41
58,138
24,162,169
82,122,245
6,306
52,159
196,314
84,302
89,142,268,281
17,55
21,22,153,155
31,161,191
140,280
84,193
93,109
184,199
77,161
32,61,130
41,91,92
22,27,323
85,115,130
141,202
6,112,226
6,198
30,77,138
75,275
149,169
207,213
174,188
12,202
42,47,108
37,148
35,147
51,270
37,70,83
95,96
51,162
13,104,259
197,230
87,171
189,317
72,95,149
14,83,175
220,225
4,92,116
6,262
13,259
10,217
140,258
188,194
249,253
7,85,101
2,271
219,229
84,191
72,99,174
28,64
176,186
122,247
227,234
22,99
106,197
64,66
199,214,255
139,263
61,114,116,117
210,220
200,248
18,20
48,76
49,60,184
72,207
105,205
1,75
166,273
72,99
18,259
172,235
173,180
199,308
143,223
126,174,195
41,76
170,173,174
36,256
51,262
25,155
116,245
60,149
87,91
55,246
175,176,193
5,12
198,236
118,189
180,187
304,323
99,189
103,196
69,131
264,312,317
29,76,85
130,302
122,225
10,70,133
24,51
98,174,195
8,41
203,215,234
26,74,75
202,258,265
145,166,303
8,48,115
135,239,317
123,261
103,183,189
87,237
29,101
172,285
299,305
32,51
72,213,326
57,77
16,238
8,85
248,282
12,143
100,126,174
39,167
79,132
77,78,79
213,296
42,47,85
107,232
13,229
3,42,76
136,142
32,121
172,265,281
179,324
205,268,285
288,292
58,77,127,163,245
32,108
208,326
77,163,186
217,219
230,262
98,99,125
199,207,256
147,234
32,288
178,179,181
176,179,209
65,97
7,130
77,181
149,152,189
45,229
79,161
20,217
170,231
12,18
21,94
105,293
257,287
45,222,259
178,181,182
268,315
107,116
56,264
226,229,295
235,258
41,85,91
272,311
134,228
171,173
163,245
83,267
18,262
112,250
122,127,163
170,188,317
38,116
83,284
32,92
19,112
20,228
111,252,277
272,281,305
53,189
159,199,202
16,70
49,201
87,236,241
56,127
138,175
106,134,197
272,288,299
166,281
107,126
112,134,218
89,243
10,172
103,120
144,285
205,258,280
191,302
207,208,296
5,84
7,37
245,286
224,243
177,274
144,288
87,246,286
21,152
58,77,163
106,211
234,296
49,148
285,290
179,193
131,149
89,230
175,176,179
77,84,191
176,233
216,281
9,305,316
43,94
31,206
117,173
42,129
224,226
81,103
28,29,41,76
38,115
115,152
95,327
142,300
61,115
34,256
176,182
218,235
87,88,246
47,48,115
298,303
178,266
12,18,20
87,238
95,158
27,189
35,244,253
55,72
170,177
61,65,114
77,127
65,217
41,48,85
74,275
17,199
28,41,101
103,265
107,221
28,32,61,115
164,165
20,249,259
175,179
22,159
120,164
107,209
24,156
280,293
110,232
28,37,85
119,146
59,126,170
55,88,286
5,287
62,67,231
245,261,267,277
15,247
272,316
144,145,166
24,146
116,127
60,171,180
18,84
211,219
56,239,261
71,171
147,159,285
60,98
169,237
98,173
18,222,259
103,258
280,291
202,280
39,40,93
132,179
29,32
280,288
52,184
42,135
134,306
58,92
22,102
67,68,96
64,115,176,302
86,161
105,133,298
303,305
103,170
213,243
28,29
36,181,220
21,131
131,321
88,122
18,300
12,46
11,283
95,158,270
303,316
5,113
123,277
16,17
51,53
11,316
25,143
140,217
90,313
43,261
3,48,92
159,320
205,258,303
22,72
36,37
273,285
13,112,259
258,301
163,205
11,144,202
194,304,323
147,251,285
31,178,206
170,177,187
166,269,292
47,114
22,122
149,270
135,177
75,169
60,177
59,126
136,273
48,107
9,11,205
101,233
32,33,61
49,65
111,277
272,280
151,318
178,179
214,250,282
4,29
183,194
173,314
71,93
6,104
148,285
107,132
132,163
88,122,239
45,90
69,95
222,306
85,266
100,126,170
32,33,76
28,32,86
170,174,196
95,159,270
46,89,249
141,172,265,287
73,187
156,201
238,261
175,192
113,316
146,275
12,20
262,298
164,168
176,191
57,58,161
147,244,285
56,88
72,149
20,150
96,275
262,302
199,256,296
142,280
28,29,76,85
82,163,277
171,220
114,117,130
192,309
142,263
262,303
162,283
215,263
100,108,126
92,127
67,159
37,161
84,266
12,106
241,246
27,68
203,254
81,164
14,87,225,266
122,135
49,125,180
40,74
21,96
17,116
4,66
280,290
235,291
80,102,103
4,47,48
9,112,316
104,228
81,267
113,216,228,306
118,196
167,271
138,266
158,162,169
45,212
32,33,65
79,186,221
5,139
161,191
14,124
4,47,85
38,233
77,175,181
41,47
161,309
100,173,317
268,303
87,264
30,127
122,124
81,326
242,253
165,275
227,326
48,121
30,221
162,169
124,175
272,276
11,291
130,264
174,177,187
158,168
98,317
7,41
82,247
125,178
36,70
107,135
238,267
43,101
281,285
147,184
18,219
49,50,59
2,171
54,62
51,245
13,228
66,76
185,274
18,89
48,94,115
66,97
16,17,64
15,56,135,266
28,32
243,295
33,101
145,303
8,127
148,296
166,272
264,312
43,82
75,148
147,244,297
198,236,241
37,47
89,113,298
219,298
51,231
73,232
78,175,181
141,144,265
27,321
148,326
177,201
144,281
13,103
226,262
21,128,271
64,114,116
211,224,228
51,120
88,111
187,231
137,292
31,116
83,135
28,85
95,158,159
67,69
249,259
293,296
122,232
166,258
199,207
101,210,220
161,198
104,186
230,249
133,226
55,135,246
25,71
277,302
22,74
141,142,272
71,155
2,22,155
47,64
197,251
5,249
106,306
4,108,130
11,288
51,215
22,51,173
35,254
56,83
3,28
92,179,206
262,293
305,313
49,271
13,230
133,276
218,226
163,309
98,194
4,47,85,108
40,49
163,224
136,307
102,103
148,244
42,92
200,282
117,132
13,78,107,108
83,245
87,123
8,47
138,139
23,314
84,108,176
98,107
157,158
76,94,108
1,2,321
250,253
108,213
93,163
22,151,167
147,184,244
159,199
175,181,192
23,169
215,253,255
141,258,265
88,110
91,179
247,261,267,277
32,115,117
18,19,20
6,89,134
62,107
11,144,316
145,147
32,207
42,179
55,252
15,261
8,92,108
86,101
89,216,306
12,105,106
100,126,173,174
53,275
14,124,127
261,286
4,8,47
1,174
39,71
94,101
1,2,279
38,130
83,186,277
7,94
63,99
199,213,223
282,326
69,158
270,283
159,314
22,27,72,155
131,159
205,264
30,58,186
30,83,122
144,300
55,239
100,187
67,169
72,90
26,74
161,221
136,272,305
247,296
150,218
215,227
107,225
36,145
196,205
11,133,258
171,180
77,210
53,171
170,188,189
96,323
54,259
38,61,130
146,170
245,261,267
16,117
83,249
85,101,114
244,294
148,207
171,180,184
120,169
146,190
9,172
206,209
171,274
180,231
166,202,269
236,241,264
184,187,196
238,239
58,84,191
168,214
16,36
249,262
176,179
71,207
48,66
9,11,133,265
27,39
17,33,117
241,252
72,153,167
22,102,167
22,153
215,311
133,142
138,262
14,43,124
184,188
3,8
75,167
293,303,305
62,195
263,323
138,163
20,212
202,205,258,265
106,259
60,72
47,85,108
142,205,287
28,48
49,59
126,177,188
145,166,268,269
75,102,109
260,319
7,37,76
67,68
98,100,201
7,76,92
103,148
22,103
187,196
162,168
36,64
117,290
60,168
77,139
51,52,314
47,76,129
58,77,163,245
10,133,281
8,66
30,83
6,197
30,161
197,313
285,288
81,102,103
112,305
224,249
22,25
28,130
5,19
51,91,327
45,222
135,247,312
67,275
7,28,76
51,173,196,314
214,294
32,94
184,185
10,276,281
22,149,158
87,225,266
290,299
13,306
84,186
72,80,152
122,239
164,194,304
38,97
81,153
11,70,133
122,244
127,186,302
64,116
20,46
207,257,326
17,139,198
79,169
215,254,326
61,92
60,170
70,262
229,251,295
219,290
148,261
134,303
45,46
202,272
232,236,241
216,249
158,164
6,138
66,76,108
149,279
26,157,223
285,291
63,72
114,149
65,130
184,214
220,221
242,326
60,119
19,224
73,174
102,318
142,268
150,243
35,285
85,86,101
214,263
54,177
49,180,184
36,48
76,86
6,18,112
127,163,186
107,179
82,110,245,261
177,195
77,271
268,276
203,255
4,8,48
207,234,296
199,214
202,301
122,171
132,198
23,67
77,193
136,272
66,163
276,290
30,309
276,285
46,90
123,188
133,292
216,287
100,183
131,199,227
35,282
5,226
28,85,101
9,205
267,277
28,32,121
251,295
99,100
47,66
8,92,97
73,125
9,142,305
127,206
39,40,109
51,52,95,270
28,41,76,85,91
83,124
22,155,323
145,280
9,273
77,221
25,71,93
74,128
94,130
28,85,92
136,141
98,99,174
51,320
22,75,323
194,196
203,215,256
81,95
48,104
179,192
67,201
216,262
85,92
242,255
56,82,277
39,154
135,247
80,155
11,178
31,206,302
113,249
5,90,197
55,87
63,280
52,271
217,292,301
61,86
147,215
72,103
80,103,128
71,326
188,201
140,142
11,36,38
78,163
17,139
171,231
222,236
53,54,231
111,186,277
4,38,108
265,300
58,127,302
61,121
26,131
13,214
248,287
132,138
57,163
125,187
8,42,47
172,292
272,292
181,221
9,141,316
83,175
1,25
78,186
82,88
258,272
18,90
71,196
26,271
131,227
2,155
149,152
270,314
43,163
101,210
3,7
41,86
136,205
58,161
38,70
11,74
282,303
70,117
109,242
111,186,245,277
267,284
24,119,275
203,204
8,37,70
57,163,176
23,283
205,258,265,299
52,158,270
111,237,247
49,304
133,172
1,128
52,270
261,317
70,122
207,257
280,299
156,157
15,43,94
170,188
177,188,292
6,178
8,115
22,39
76,117
141,316
52,62
161,263
32,76
82,245
36,117
272,299
187,317
172,207,287
34,242
49,126
15,43
118,195
10,305
100,274
191,324
205,291
11,306
41,181
21,22,167
67,269
42,121
117,130
48,108
258,299,305
108,178
29,65,121
38,256
118,317
112,219
183,185
195,216
37,92
135,286
178,182
202,290
53,205
248,256
68,171
192,284
137,273,278
202,268
149,156
113,222
16,61
77,78,193
28,32,85,115
252,266
30,182
61,146
32,107,114
223,297
49,223
142,268,305
9,133,258
141,273,287
4,86
255,257
94,121
208,296
105,259
148,254,294
158,327
28,29,92
225,264
37,130
57,124
29,252
29,64
26,153
12,229,243
229,251
5,227
80,81,103
269,287
29,64,86,121
223,263
35,297
82,92
86,114
175,312
32,33,114
67,158
154,155
149,189
5,112,216
35,251,285
208,294
36,38,121
102,167
126,219
49,54,180,231
31,163,186
144,265,272
227,294
14,83
19,106
28,38
61,171
35,255
108,176,250
90,243
145,268,269
22,154
83,107
10,37
12,13
174,218
143,147
50,73
107,188
78,232
52,157
151,169
116,176,178
236,252
25,131
58,191
6,89
272,273
73,100,177
177,187
40,93
28,92
72,155
305,307
7,76,97
11,287
51,52,270
198,222
100,316
13,262
28,41,47,107
22,164
141,255
80,81,131
2,153
31,178,209
60,99
8,37,127
281,320
142,300,305
184,317
87,266
35,248,255
55,117
31,209
83,277
246,266
66,112,316
27,40
215,282
22,131,271
280,281,293
22,27,279
127,186
93,154
192,233
13,35
196,201
20,104,259
230,259
175,239,261
49,50,73
222,259
78,175
125,302
166,269
59,225
16,166
47,91
5,306
41,85,92
149,152,321
172,202,205,265
66,108
222,249
161,324
291,307
99,183
133,235
51,67
107,111,237
136,141,287
167,182
51,156
176,181
101,220,221
147,256
143,155
73,170,196
280,300
203,311
220,237
141,235
112,216,217
152,167,169
144,166,299
100,174
144,292
212,249
13,104,226
15,238
290,293
232,236,241,264
236,284
174,195
208,227
234,294
95,159
141,273
15,43,228
51,53,63
8,42,47,91
179,210
11,142
300,313
42,130
225,232,239
29,82
261,267,277
84,161
27,103
148,255
207,213,223
128,155
181,182
45,271
37,70,175
172,269
247,264,266
172,288
59,202
251,297
163,182
33,61,64
133,265,288
248,296
154,271
17,121
144,293
56,135,284
13,108
168,270
37,58
98,99,126,174
57,206
26,80,128
53,170
56,241
61,108,114
99,126
147,199
72,253
32,101
4,42,47,85
235,261
65,174
226,229,290
147,248
244,296
199,257
133,217
42,47,48
50,59
87,232,286
211,218
142,272,305
112,113,134
44,224
45,306
68,158,169
58,84,220
95,173
59,170,188
66,127
4,115
133,313
196,275
3,4,94
150,273
142,326
136,258
101,161
227,281
179,238
94,122
23,162
181,186
38,107
142,301,313
24,96
171,242
90,211
158,283
219,224
178,209
113,303
28,76,92
244,251
28,92,107
226,229,251
79,186
100,170
36,38,107
52,119
15,135,312
21,153,155
49,60,201
220,302
105,113
49,50,203
17,36,116
194,274
77,78,163
287,313
35,244,285
216,259
17,48
65,94
161,302
173,174
2,149
108,302
71,72,81
91,114
144,272,305
62,98
292,301
172,268,305
177,180
2,271,279
258,280
141,147
3,76,101
58,206,302
213,296,326
71,149,152
9,288
41,107
77,309
80,107
89,172,281
6,13
88,135
55,56
219,229,262
84,94
178,186
87,247,266
41,48,76
61,97
258,299
298,317
135,241
104,285
87,111
131,271
52,174
37,186
27,323
39,321
142,305
154,223
244,285
172,303
33,115
203,242
17,138
301,310
4,37
149,171
271,305
23,119
93,321
35,144
107,130
60,67
226,285
47,80,237
49,72,174
2,27
110,111
22,73,196
92,121
268,276,299
282,310
17,175
63,187
38,121,127
207,285
81,107
243,272
103,205
166,205,258
93,102
237,238
228,248
116,117
136,316
2,279
63,75
280,285
36,231
9,205,265
64,86
25,99
13,104
9,141
239,266
18,139
20,262,298
74,102
17,138,184
102,151
112,134,219
82,135
19,262
215,326
81,155
63,71
68,242
61,129
64,114
157,169
5,113,216
227,250
225,232
243,287
228,298
79,163
166,288
90,112
17,237
53,65
108,188
117,121
102,149
45,249
28,41
36,130
127,277
4,17
280,291,292
4,101
33,108
28,114
9,142,316
94,97
18,218,219
73,170
79,289
282,310,311
250,310
82,227
212,222
119,283
142,257
126,180
77,122
33,48
106,230
191,223
33,108,115
163,209
8,48,97
199,256
55,56,135
10,205
49,180,231
159,297
265,287,292
9,133,265
134,230
85,107,108
184,256
52,250
89,134,230
21,22,27,155
194,196,274
56,277
118,201
145,147,166
90,228
52,201
14,124,245
30,82
125,317
30,163
137,142
45,229,243
17,300
9,276,281
285,300
20,90
145,288,299
232,241,264
142,172,281
82,302
10,11,292
63,215
32,64
191,198
51,314
265,291,292
35,251
108,176,206
17,76
49,72
8,205
214,227
14,277
100,177
228,287
291,316
5,243
204,213
59,60
57,127
88,277
5,230
259,306
41,42
9,136,303
88,312
79,210
177,317
4,76
9,142
245,267
285,292,301
12,13,106
22,26,167
261,312
5,222
78,132
26,155
65,116
87,241
140,202,288
53,75,275
178,206,209
175,176,182
198,206
7,47
72,198
21,27,155
11,161
69,95,158
30,57
170,317
200,203
73,142
122,277
147,296
10,144
108,163
205,303
79,220
89,112,217
103,149
174,180
134,136
253,255
161,182
43,247
276,322
268,292
176,209
9,150
134,229,243
98,99
56,124,135
81,174
142,205,269,287
55,56,286
134,218,219,298
103,125
52,168
203,257
254,296,326
164,194
3,47
59,170
32,33,64,115
285,301
199,296
51,196,260
178,181
17,121,225
9,313
9,313,316
48,130
144,145
134,218,243,298
205,288,299
153,279,318
180,187,231
95,146
142,150,293
58,210
6,134,229
76,94,107
88,178
104,216
27,154
117,227
183,184
14,124,135,175
32,33,115
59,60,195
215,234
66,92
118,183
170,196
8,48,85
42,97
121,127
23,51
99,173
75,149,167
244,255
28,76
17,166
12,251
29,115
131,200,227
85,101,115,130
18,258
31,176,209
21,27,323
6,219
5,43
194,260
75,178
24,43
120,165
131,167
238,246
126,170,317
92,107,179
118,227
235,280
72,126,171
166,202
207,227
291,292,305
86,91,92
22,102,153
144,145,269,285
6,112,216
175,222
9,128
30,77,163
68,157
137,281
95,158,168
20,104,105
245,284
49,189
122,232,236
72,170
287,307
239,247
234,326
64,115
18,106
80,81
266,289
128,152
132,178
202,281
159,199,321
276,280
176,178,209
68,72
57,58,127
135,232
127,209
270,275
55,108,286
51,93
113,197,216
207,297
98,183
222,226,262
142,178,287
41,94
251,285
144,303
2,71
199,311
145,205,280
175,210
94,115
236,241,312
22,75,93
75,190
207,256,296
22,102,128
10,150
59,60,125
318,323
9,273,287
57,79
216,228
16,17,115
250,255
280,322
82,127,302
37,41,70
136,278
181,233
186,221
265,276
25,169
75,125
172,316
18,60
11,269
51,159
188,202
86,127
75,102,151
136,280
60,63
142,145
202,269,272
9,172,205
7,115
141,287,301
212,218
51,159,314
105,298
101,121
53,174
75,109
88,261
79,179
207,311
60,174,195
271,279
72,207,256
42,92,97
138,233
45,224
133,299
71,194
72,279
87,264,286
136,145,272
145,287
4,97
197,243
6,139
291,305
59,188
100,196
25,167
15,123,135
7,92
82,123
33,37
153,167
80,81,102,103
46,249
49,170,196
15,239
136,258,280
252,261
85,194
126,189
187,188
45,60
32,56
7,66,97
44,228
268,276,280
258,269
13,218
272,305
41,316
89,219,259
60,184,196,201
101,116
61,114,121
25,40,93
185,233
269,299
133,258,288,303
13,249
85,286
98,99,195
57,84,206
63,100
96,266
1,321
53,126
8,108
180,185
13,134,259
247,266
181,191
49,167
29,127
28,94
107,108,206
176,178,206
56,58
209,324
23,146
89,217
23,107,126
301,307
35,244,251
84,210
99,196
4,108
217,302
102,113
234,283
59,171
25,59
145,268,276
64,65
80,318
145,166,269,276
35,203,294
57,58
222,226,259
232,312
104,112,243
31,233
15,78
81,167
43,56,135
51,183
38,42
273,301,305
4,8,42
144,301,305
176,302
16,32
43,108
154,321
226,229,293
31,302
9,240
214,282
51,72
64,115,117
61,108
28,36
172,287,316
171,304
144,150
85,121
14,15,43
9,10,11
151,155
202,205,258
56,243
21,22,39
9,277
45,216
258,265,288,303
207,234,256
67,231
181,233,287
169,313
178,302
102,321
142,287,301
174,184,188
18,147
98,107,317
58,132
89,211
39,40,71
218,262
72,155,167
272,293,305
111,245,277
203,287
256,276
106,217
37,126
18,20,105
103,109
235,269,303
177,188
20,211
144,166,285
76,114
137,301
158,314
163,266
77,179
5,211
11,303
77,79
73,171,188
16,61,116
179,240
71,72
6,18
287,296
36,115
213,308
145,166,276,285
229,243,249
112,243
82,225
61,64
225,247
43,135,186
41,121
45,259
42,85
11,292
200,326
28,86
21,22,153
89,134,228
25,81
49,214
60,195
156,202
38,161
118,170
213,310
98,99,170
244,251,285
125,131
49,158,168,187
63,146
103,279
24,162,168
66,85
72,138
255,287
54,187
30,176
7,76,108
56,236,277
208,215,256
39,155
28,32,85
56,284
173,189
103,131
71,149
75,253
205,281,299
126,170,188
247,312
64,65,115
136,150
29,61
61,169
237,239
55,284
212,219
207,215,326
239,267
97,117
100,194
22,81
3,42,101
171,199
123,124
122,289
196,260,314
71,75,279
173,270
291,293
123,239
242,257
29,36
207,255,256
75,303
217,272
28,117
39,279
263,287
4,121
32,85,101
141,307
109,318
215,287
65,114
317,320
214,287
118,162
278,301
174,177,180
31,179,209
51,96
29,111,237
294,326
59,118,177
51,60
27,109,323
265,293
62,75
145,276
31,306
63,151
60,180
174,187
134,212,229
249,313
84,139,198
191,221
273,300
98,187
25,93
227,254
64,114,115
27,125
248,250
112,272,301,305
202,276
144,235,292
122,163
107,108,302
39,269
12,224
28,41,85
111,236
9,75
217,226
205,278
152,153
276,303
46,229
44,219
47,72,80
49,184
170,201
147,243
158,243
28,116
104,268,293
301,305
150,316
300,301
90,326
85,163
217,281,305
22,71,167
130,135
18,222,262
141,172,205
135,245
113,243
159,161
2,109
22,102,155
151,223
250,263
4,47,101
93,159
49,184,196
14,135
268,287
90,218
49,188
264,266
72,73,126
127,292
47,238
258,292
105,243,298
78,221
265,288
278,280
25,321
89,90,134
170,177,317
36,265
98,170,177
186,277
85,97
293,298
71,323
294,296
203,208
83,175,302
51,170
265,273
205,265
83,286
114,115
32,115,116
31,132,176
223,294
26,153,167
107,238
47,107,111,237
5,45
272,280,305
136,144,202
214,223
7,94,122
9,106
53,54,180
60,184
4,31
83,163,186
64,176
17,70,121
88,267
97,129
136,285
125,199
165,226
39,40,321
168,212
159,245
142,145,269,287
75,180
25,152,318
44,243
30,209
224,281
185,288
9,228,299
77,108
57,175
18,72,246
89,306
175,193
269,322
5,197,230
122,284
122,266
17,61,65
75,122
218,303
28,179
234,256
8,48,108
105,229,249
126,159
179,181
28,225
17,222
61,264
8,28
147,253
144,291
126,173
52,314
60,102
136,142,144
107,108,121
16,17,61
71,107
150,217,293
189,320
17,18
18,226
202,269
49,187
93,271
60,293
31,77,163
171,260
11,141
122,218
105,249
138,161
215,216
73,173,196
73,170,171
33,116
95,158,164
82,237
115,117,121
64,115,117,121
28,85,107
118,194,260
55,98
109,167
213,223
166,280
30,178
135,312
132,176
245,267,277
159,318
57,84,220
41,48,94
18,112,113
141,142
52,159,314
25,149,167
26,75,153
37,70,135
240,261
206,302
42,76
94,186
150,280
166,205
40,71
215,310
30,82,122
174,183
7,76
39,143
119,164
17,220
258,301,305
257,303
9,280
291,300
22,155,167
36,78
3,107
159,198
172,287
203,234
161,220,221
60,98,173
77,262
219,273
83,186
72,274
283,314
120,159
102,217
148,174
41,66
142,150
11,141,205
112,230
104,268
82,83,163,186
119,270
248,326
77,163,192
159,202
145,269,272
94,97,108
211,222,249
72,208
107,108,286
78,184
95,314
20,219
89,113
177,256
57,58,220
12,229
4,92
49,98
35,244
179,233
72,80,81
209,230
202,205,265
30,58,186,193
110,236,241
203,215,326
120,250
75,248
267,312
118,126
18,224
37,116
12,216
213,223,256
166,251
35,310
100,126,174,177
79,84
77,127,163,175
146,283
80,326
61,66
35,227,254
63,317
152,154
175,209
75,93
158,165
142,255
13,20
17,18,262
20,226,249
36,38,154
280,315
84,161,191
9,144
32,85,101,115
11,67
171,247
19,134
140,292
57,135
28,41,76,85
17,92
200,223
118,174
20,105
64,65,116
97,107
70,108
49,69
78,302
135,239,277
13,104,222
56,247
32,85,86
237,245
79,101
18,45
29,33
51,184
182,191
47,48,61
5,36
11,322
200,215
101,130
73,118,196
152,318
104,296
77,107,163
101,115
58,77,191
218,290
116,245,246
155,319
55,107,286
18,303
9,58
107,177
12,313
78,198
136,202
145,293
112,262
107,108,178
64,108
80,167
80,279
22,93
142,305,313
22,169
241,264,284
65,121
78,79,210
218,293
120,275
172,207
28,29,76,85,92
5,217
63,98,173
5,6,217
25,271,318
16,138
104,251
287,316
89,216,228
201,263
92,209
60,62,183
254,256,294
75,319
87,236
202,322
5,18,113
26,102
136,291
133,299,303
100,174,187
112,197
144,276
21,318
51,247
122,133
13,219
109,271
210,221
9,301
6,112,134
81,158
178,182,209
115,206
83,312
123,312
111,237,252
128,318
30,233
8,76,101
140,145
65,230
38,171
194,253
109,155
205,235
77,163,175,186
268,269
20,218,219,224
35,147,285
38,181
5,104
39,128
26,39
78,107,108
166,268,269
51,52,119,159
43,124
37,94
1,71
188,260
65,108,114
171,188
149,318
199,233
137,280
31,193
27,149
228,306
93,120
1,27
78,108
217,298
69,72
66,115
88,191
15,135,247
6,251
173,196
198,236,286
216,229
53,118
147,148,285
73,160
213,248,326
258,292,305
155,271
22,26
167,262
214,296
153,288
158,187
196,258
252,286
10,316
75,279
61,114,117
134,197
96,196
140,265
72,75
107,129
175,181,206
191,206
41,48,101
162,177,188
23,75
17,116,117
75,128
83,127,186
272,291
182,233
64,101
194,317
107,108
166,305
61,107
281,322
192,324
227,257
11,172,287
184,227
74,153
173,184
133,291
165,314
30,98
136,172
213,311
187,314
153,318
39,152
208,255
207,256
98,320
100,177,317
41,127
159,205
159,199,233
28,33
60,171,184
9,178
67,183
49,95,187
207,296,326
58,198
36,290
18,20,298
22,173
173,177,188
110,232,236,264
165,327
30,77,193
176,193
71,81,194
20,259
274,320
35,147,148
140,290
110,225
93,318
285,313
172,202
265,285
176,206,209
107,306
112,211
139,159
204,256
13,217
37,133
183,189
35,250
208,234,296
6,199
107,174,188
38,64
60,168,214
75,271
97,114
17,76,225
61,114,115
287,305
74,152
160,268
255,272
135,191
60,120
62,173
100,125
44,229
89,90
232,277
7,37,66
9,285,313
37,65
170,293
142,293,305
41,64
110,237
22,128,318
194,201
205,281
29,220
203,256
14,56
100,189,195
31,132
89,197
34,282
147,257,297
90,298
30,82,83,122
141,205,265
145,166
76,129
76,85,94
28,65
25,152,167
205,299
18,44
207,310
83,121
152,321
36,233
7,116
31,138
101,264
37,175
87,277
54,67
272,292,305
41,117
136,142,305
135,267
112,212
135,236
28,91
105,217
35,134
56,57
111,246
179,302
49,171,177
108,114
123,267
124,277
55,92
89,212
205,258,265
11,219
70,114
9,11,235,316
203,207,254
217,243
181,309
99,195
25,128
22,173,196
52,108
49,194
217,287
57,138
207,263
7,66,76
124,181
4,86,115,121
61,79
28,129
76,85,92
134,216
14,127
176,209,302
225,239
55,239,261
6,112,298
12,18,243
217,218,219
266,302
98,173,317
218,219,259
218,219,249
36,65
181,209
60,62,125
267,277,312
183,294
92,116,127
107,191
141,172,305
152,164
117,125
98,195
161,209
29,184
115,121
142,301
161,178
83,116
16,29,86
95,158,169
273,285,301
199,207,256,296
132,209
2,167
75,149
46,212
82,83,186
145,150
155,318
236,286
185,194
72,95
134,218,219
168,275
219,224,243
142,287,313
73,171,173
269,291
115,117
35,215
225,232,238
72,81,169
163,183
73,144
169,279
58,221
61,64,65,114
73,118,187
148,244,285
21,80
107,108,191
22,187,274
9,60
272,273,305
16,61,114
16,65
82,87
51,52,95
166,268,269,276
134,150,259
136,142,172
66,249
31,108,178
31,179
104,105,296
18,20,113
35,213
174,187,196
26,75,128
60,152
75,76,107
36,85
60,80
76,92,107
4,94,108
17,111
8,42
203,208,263
84,132,191
33,94
25,279
229,230
47,101
41,66,97
90,213
134,217
112,113,249
83,225
175,176,186
37,114
5,216,259
23,60
70,127,175
10,265
13,293
77,183
51,63,215
21,22,27,323
20,249
86,115
31,206,209,302
126,170,174
89,142,172
166,290
18,212
125,232
78,107
138,161,198
214,250,311
43,132
31,116,178,302
67,126
123,135,284
122,189
112,272,305
136,281,299
146,162
17,31
63,184
4,130
14,267
141,285
43,232
167,216
175,179,181
273,276
2,81
44,298
205,258,299
207,248
173,177
49,244
101,111
141,299
142,290
83,247
102,109
55,87,225
145,172,293
95,305
25,153,271
18,229
21,40
12,218
36,161
183,196
51,190
149,152,323
140,249
292,293
46,134
138,139,161
94,239
133,145
159,184
15,247,266
258,276
131,187
217,305
36,87
66,107
51,95
144,305
77,191
145,272
5,6,112
255,326
183,274
101,138
15,56,266
41,116
78,79,192
14,266
72,80,81,326
4,48
83,127,163,186
88,236
142,278
241,286
272,301
49,100,174
74,299
196,260
77,302
4,32,130
29,76,91
25,153,167
2,143
50,118
123,135
8,48,70
217,218
18,105,217
234,282
142,258
17,76,121
72,80,326
168,169
49,59,195
219,293
78,266
33,65
15,56,286
61,117
13,18,259
186,245
135,186,245
160,190
57,139
25,102
21,22,271
2,103
169,323
9,235,303
141,287,292
115,125
3,38
5,6,125
104,105,150
21,22,128
81,321
142,273
176,178,182
148,203,215
105,134,229
32,85,115
288,303
218,219,229
29,32,86
44,89
23,120
77,78,84
17,299
37,60,70
81,323
163,178
15,267
138,199
299,316
152,214
13,47,107
107,170,188
173,187
58,77,127,163
22,167,271
45,90,134
213,257
96,314
100,174,274
88,108,176,178
142,316
9,291
64,127
120,146
232,241,312
31,132,210
62,174
82,127,186
170,189
57,78,175
16,17,65
141,172,293
28,41,91
132,209,302
17,138,139,198
216,222
100,107
171,184,189
3,42,47
78,191
177,188,317
203,215,254
112,306
12,89,104
123,241
9,113
139,222
42,85,97
80,125
54,174
37,94,108
111,135,186
163,220
268,319
60,173
77,243
81,149,167
82,264
9,176
203,326
203,248
169,318
78,79,221
188,274
12,212
258,269,305
61,232
72,98
8,101
60,125,126
75,149,152
99,191
178,239
128,153
29,237
77,298
214,250
5,262
82,186,302
139,309
286,301
20,197
113,251
58,98
112,297
61,115,130
133,217,281
61,97,108
114,130
281,316
105,134,243
194,323
13,18,229
61,116
75,80
241,266
213,248
213,255
149,158,270
141,291
12,89,106
145,166,292
205,316
119,158
82,163,186,277
127,302
55,129
223,257
85,91,101
32,209
9,292
39,72
104,212
75,226
3,48
178,198
27,67
107,247
272,281
99,201
89,205
25,174
58,181
210,250
232,286
249,287
108,176
39,131
59,260
1,143
58,163,186
1,102,321
41,97
145,166,301
98,126,317
278,292
127,163,302
141,293
178,238
56,225
21,22,27
145,269,285
136,137,281
110,286
112,113,216
9,259
119,120,275
29,85
235,298
174,177
207,234
8,141
269,288
5,6
49,50
75,131
152,323
30,236
120,283
15,225
62,320
33,117
11,202
227,297
63,275
82,83,127,186
42,97,101
116,178
224,293
287,300
94,117
69,270
2,80
133,235,299
150,285
177,317,320
11,12
11,136
225,252
104,211
65,114,127
62,63
91,116
30,58,83
85,101,107
41,91,107
156,183
167,279
44,104
236,246
136,301
9,134
177,188,189
169,213
235,281,293
77,78,192
247,261
53,63
9,126,316
78,209
73,98,171
6,112,217
205,280
74,109
122,163,181
229,295,298
142,276
268,290
11,235,293
20,298
60,100
53,194
202,291,300
64,115,302
7,28
16,64
175,179,182
200,294
88,107
142,199
231,263
303,310,311
295,298
112,316
132,175
109,153
51,157
88,239
1,22
21,22,71
35,203,207
196,317
58,149
205,323
82,277
16,61,65
14,83,124,175
115,202
59,125
110,225,241
235,265
104,298
186,267
7,85,92
9,202,291
17,192
112,218,251
137,144
179,266
16,17,117
126,170,173
268,276,305
136,145
207,255
46,218
268,269,276
214,256
24,60
200,296
207,214,326
56,261
13,47,117
126,170,177,188
75,155
20,104,298
118,217
110,236
15,56,58
28,91,101
5,112
217,293
273,305
247,264,286
273,287
34,263
24,283
167,171
171,320
28,48,76
13,226,298
36,66
238,286
9,202,287,292
124,266
276,299
255,282
60,314
150,272
205,297
18,20,150
202,258
28,41,76,92
91,130
115,116
47,48,97
17,92,107
18,150
169,173
166,205,299
57,84,161,191
112,235
113,134,259
12,197
162,275
157,275
273,292
99,174
182,266
16,33
13,243
49,302
71,103,131
235,312
6,222
38,78
252,264
18,112,218
18,112,219
106,134
9,133,281
12,18,90
126,174
55,261
186,192
112,226
59,317
25,102,167
141,172,287
287,299
188,317
205,258,265,303
22,81,128
136,298
205,268
5,134
77,163
170,171
2,22,321
184,265
244,297,326
26,39,93
138,259
107,108,177
170,184
12,89
232,236
9,11,321
224,243,259
92,130
60,184,196
265,292
32,37
23,231
58,132,221
6,134,216
10,293
108,127
65,116,117
200,227
60,320
93,107
218,298
117,126
215,294
102,271
72,73,196
145,288
17,121,130
231,242
237,264
8,114
272,288
62,126
98,201
86,94
31,178,182
127,206,302
32,33,64
78,79
101,179
203,207
79,309
9,299
177,267
141,205,258
6,104,113
77,182
177,187,317
118,170,196
61,105
265,291
59,87
147,254
32,107
136,299
15,87
21,22,159
72,81,128
61,83
172,202,265
207,253
138,139,198
98,126,174
101,316
137,278
167,252
18,46
72,195
36,101
117,127
49,80
42,121,130
186,194
89,134
12,113
26,33
241,264
207,208
147,207
115,176
5,12,89
161,192
122,245
150,217,298
11,293
20,230,243
66,112
103,183
235,305
132,221
60,157
1,167
73,80
18,104
272,273,301,305
150,172,293
79,101,220
104,105,293
60,103
89,142,281
47,111
19,90
28,41,48
65,76
211,306
13,94
17,36,127
27,318
213,219
5,89,230
150,207
60,98,188
174,185
75,91
21,50
75,151,279
41,179
98,180
145,174
219,226
87,122
65,131
4,92,97
48,94
17,236
89,113,134
122,163,192
1,22,171,321
103,271
26,321
12,134
73,170,171,188
8,61,94
75,223
11,235,313
4,91
207,224
55,87,246,286
71,151
115,237
29,148
60,73,184
281,296
22,71,102
272,290
81,102,152
3,97
138,198,262
107,108,176
41,76,91
273,304
199,213
139,191,198
39,271
46,89
150,207,293
249,326
103,107
17,82
239,250
144,145,166,285
123,192
2,27,318
28,66
288,299
205,292
76,127
47,76,85
33,64,117
285,293
41,129
265,299
118,171
41,48
30,277
202,287
215,283
84,116
111,236,277
172,258,265,288
112,293
56,135,245
247,277
141,276
7,42,47
22,71
21,102,167,323
49,170,317
287,288
172,202,205
85,210
22,149,152
78,210,220
48,101
36,207,254
8,76,94
100,107,170
77,198
11,205,258
251,262
87,261
135,225
227,282
205,258,265,288
49,59,118
9,202,287,291
72,213
11,258,288
228,303
194,231
25,103
12,134,229
141,172,205,265
82,171
269,303
222,230
25,288
70,127
55,87,88,286
13,18,262
16,17,127
35,296
238,252
55,238
13,222,262
158,275
141,287,313
84,258
89,172
202,285
280,281
31,226
20,45
21,71
41,65
279,323
250,296
105,226,229
215,297
4,94
49,158,168
89,229
68,168,169
49,171
202,305
91,115
32,161,191
271,321
105,262
84,132
108,179
10,11,303
53,125
212,226
234,253
59,171,188
144,316
108,116
1,171
73,98,99
60,75
38,117
203,204,227
161,206
205,276,303
110,241
58,77,277
78,79,206
56,111,236
60,196
144,258
31,176
54,183
24,162,283
18,205
57,176
73,180
178,209,323
128,194
59,100
16,220
207,294
77,107
53,109,242
49,63,189
32,65
89,112,216
175,191
21,109,155
172,265
61,209
181,302
56,135,247
103,321
11,118
82,94
2,22
272,278
4,66,130
145,301
167,321
147,297,326
134,192
98,189
226,303
205,265,299
157,223
32,42
28,61
5,90,134
49,73,170
42,47
114,129
58,82,83
258,287
87,267
73,177
105,134
112,216
56,87,286
181,193
13,44
75,115
138,139,191
9,239
49,50,271
84,176
116,302
77,175
145,258
22,51
32,114
6,89,218
3,101
68,164
318,321
17,36,65
199,204
30,181
171,177
29,111,252,277
148,227
114,283
53,54
25,26,71
205,258,265,288,303
84,175
269,293
228,259
5,12,113
11,133
9,83
67,157
145,166,202
103,252
29,37
80,271
46,147
51,260
11,249
51,53,125
89,141
31,58,209
226,249
81,191
37,108
153,155
37,65,70,114
94,114
72,126
113,217
113,216,228
126,188
4,117
6,216
149,167
98,170
75,151,152
258,305
11,239
103,189
16,145
107,173
140,243
29,32,94
172,293
112,217
64,67
33,85
49,207
58,77,178
9,187
4,85,130
209,302
12,259
71,72,326
12,112,243
172,177
45,145
126,167
12,113,197
22,27,318
7,66
148,311
9,133
141,292
29,252,277
218,224
16,116
49,73
207,249
28,47
16,115
60,181
207,215,254
273,301,303
134,293
93,95
75,151
124,238
100,271
144,202
72,207,253
90,219
142,172,313
63,75,125
40,163
223,256
152,183
16,17,76
42,107
70,281
103,259
59,73
248,253
159,262
7,8
22,158
36,167
53,75
219,259
186,266
140,269
36,55
55,107
108,264
80,81,103,131
9,287
24,155,283
120,314
17,29,127
36,107
133,293
27,53
214,251
51,187
13,226,262
127,318
65,70
62,67
212,295
49,168
22,40,71,167
38,66
62,103
8,91
29,117
4,47,108
145,166,268,276
10,70
18,19
265,288,303
30,58,82,193
174,184
127,163,186,302
229,266
24,173
41,91
66,101
217,290,298
13,18,259,262
22,149
310,311
22,27,109
121,130
272,273,285
205,265,303
80,149
58,127
57,175,181
71,169
80,120
229,243
55,87,225,286
140,265,290
11,172,281
56,267
27,259
147,257
285,315
28,29,85
281,287
5,12,105
258,315
9,11,112
123,266,284
146,169
30,198
248,257
61,65,232
281,287,305
55,87,286
158,270
169,270
178,206
142,293
92,94,108
90,113
134,298
227,263
22,95,149
172,287,301
31,116,302
261,266
28,101
77,192
258,303
147,166
9,133,276
66,130
125,188
11,285
56,124
43,135,312
128,279
72,304
268,272
203,215,254,326
148,256
68,146
22,155,318
40,154
256,315
37,127
113,259
205,298
5,197
99,180
158,162,168
75,202
14,258
211,226
104,112,134
287,292
9,265,299
49,320
299,301
55,261,286
2,222
11,172
1,2,271
32,85
145,166,269
300,305
26,149,152
184,285
205,285
107,149
131,318
87,246
82,239
140,229
47,80,111,237
90,197,287
163,181
21,22,109
8,47,48
9,228
159,169
237,284
28,86,101
26,72
266,284
161,175
9,300
78,221,309
71,72,80,81
214,326
141,142,172
207,214
103,143
49,75
83,236
21,318,323
8,61
247,261,277
186,209
247,286
73,185
75,155,275
18,243
148,253
80,109
269,273
41,66,76
145,251
90,249
13,18,298
60,174
16,121
55,72,246
77,176
140,276
290,303
37,84
68,223
154,250
43,171
20,104
139,178
60,158
141,235,287
54,231
61,94,114
10,37,133
174,230
60,187,274,320
223,253
166,301
159,184,199
142,202
271,318
119,183
22,109
7,122
172,273
82,127
58,186
125,177
301,322
141,172
32,85,115,130
103,159
215,223,310
86,312
99,126,174
181,266
8,107
55,111,135
71,81,102
60,275
76,97
163,186,302
228,230
18,55
53,303
202,292,300
172,272
33,114,117
223,234,256
15,43,135
8,42,97
172,205
31,182,209
21,81
18,20,262
205,272
28,41,107
7,85,94
17,79
143,263
145,297
149,323
62,183
236,264
47,117
265,307
218,305
134,313
103,167
141,172,265,301
77,177
102,279
25,159
45,219
122,312
6,298
5,229
141,272
1,271
1,154
113,252
63,201
148,215
248,297
97,184
78,193
30,84,191
159,254
103,231
31,181
186,302
49,256
56,135
63,98,174
141,265
80,164
119,275
152,294
71,263
23,235
85,129
17,127
179,191
12,250
6,216,222
71,72,80
48,97
111,252
293,305
77,134,163
18,216
22,151
126,317
161,176
11,276
30,77
38,121,130
138,181
124,186,277
140,288
110,264
285,287
66,92,108
67,196
9,272
89,142,172,268
128,167
272,301,305
43,213
280,305
93,167
84,114
96,162
16,78
142,144
172,305
86,121
126,171
287,301
52,67,271
166,268,276
60,214
213,215
136,292
37,38
104,281
51,126
148,244,251
64,97
187,189,196
47,88
159,202,205
49,158
36,127
30,175
9,145
124,135,186
207,250
124,284
32,38,121
56,309
245,247,286
56,82
104,105
11,70
44,218
75,81
185,320
60,126,317
112,251,298
63,170
71,109,167
28,115,116
80,194
223,275
269,292
33,121
140,305
146,154
57,84,163
17,115
75,215
74,75,149
209,323
7,76,85
102,323
215,257
105,112,243
15,135
202,293
136,313
30,57,175
207,303
53,109
180,275
227,294,326
85,108
30,220
17,231
84,178
159,168
77,78
25,323
134,222
43,135
142,281,287
5,105
13,134
29,32,101
134,278
186,233
9,265
86,261
18,249
235,268
205,269
217,222
37,107
268,293
258,272,305
52,62,67,231
53,242
22,318
141,287
61,65,115
56,135,277
32,70
28,221
9,303
203,207,215,254
124,247
109,180
176,239
217,281,298
56,110,135
70,186
144,166
57,191
89,219
75,153
4,92,94
258,280,299
246,247
55,135,277
73,231
71,271
229,243,298
8,92
47,61
7,108
194,320
47,111,237
199,223
53,59
177,188,202
58,84,163
6,112,216,217
97,302
132,220,221
139,181,198
23,157
126,196,317
92,108
15,56,135
281,292
256,268
31,176,178,182
143,154
70,163
88,239,261
203,227
98,174,317
152,279
81,169
118,126,194
127,163,175
218,219
161,321
103,153
174,196
103,152
170,177,188
258,288
150,305
23,95
88,108,178
26,71
45,259,262
67,320
49,202
3,121
51,168
122,263
291,303
20,134
95,165
108,176,178,206
263,265
35,256
9,72
25,100
238,247
199,244
23,156
235,313
87,88,286
49,312
9,303,316
179,209
222,298
190,202
6,113
42,61
36,125
53,60
136,235
33,130
32,33,232
13,116
292,300
140,295
76,192
125,126
60,243
208,248
82,105
33,38
55,82,246
138,198
58,302
28,121
78,114
258,268
42,76,107
186,191
118,187
145,285
228,249
104,219
197,249
