5
5
5
5
5
6
6
6
8
8
6
6
11
11
11
11
5
10
10
6
6
6
3
3
10
10
2
2
7
7
10
2
2
2
2
2
2
3
7
7
10
10
10
10
10
10
10
2
2
2
2
7
7
7
7
11
10
2
2
2
2
2
6
2
10
10
11
11
10
10
5
11
7
7
2
6
7
1
1
5
4
1
1
1
1
7
6
1
1
1
1
1
4
6
6
6
1
1
1
1
8
8
1
1
4
7
7
7
7
6
7
7
7
6
6
6
6
11
11
8
8
6
3
8
8
3
3
3
8
8
4
7
8
8
8
8
8
3
3
8
8
8
3
3
8
8
8
11
3
3
3
6
1
7
7
3
8
8
1
11
1
3
11
5
5
11
11
1
4
11
1
1
11
11
11
11
5
2
11
3
4
10
10
5
10
5
5
5
4
5
5
11
5
5
8
3
3
5
11
5
4
9
9
9
9
9
9
9
9
8
9
9
9
9
9
9
9
9
9
9
9
9
9
9
4
9
9
6
9
3
3
10
4
10
2
2
6
1
9
5
10
7
