1	3
1	9
1	40
1	43
1	52
1	58
1	65
1	68
1	81
1	85
1	100
1	101
1	118
1	120
1	131
1	138
1	145
1	159
1	197
1	201
1	202
1	207
1	211
1	216
1	240
1	245
1	276
1	282
1	298
1	312
1	322
1	340
1	345
1	401
1	421
1	423
1	442
1	447
1	455
1	465
1	470
1	484
1	497
1	508
1	532
1	557
1	573
1	582
1	590
1	613
1	626
1	629
1	653
1	658
1	659
1	678
1	685
1	696
1	705
1	708
1	709
1	719
1	720
1	727
1	730
1	738
1	749
1	760
1	765
1	789
1	798
1	805
1	814
1	815
1	825
1	830
1	831
1	844
1	846
1	852
1	853
1	855
1	856
1	879
1	890
1	923
1	931
1	936
1	951
2	3
2	11
2	15
2	17
2	21
2	22
2	26
2	54
2	69
2	75
2	90
2	91
2	93
2	116
2	119
2	141
2	161
2	165
2	178
2	184
2	190
2	196
2	219
2	232
2	235
2	239
2	256
2	258
2	259
2	304
2	320
2	331
2	332
2	353
2	357
2	359
2	361
2	369
2	372
2	396
2	417
2	428
2	439
2	459
2	466
2	490
2	519
2	520
2	535
2	565
2	571
2	582
2	587
2	601
2	604
2	623
2	625
2	644
2	683
2	691
2	697
2	700
2	715
2	726
2	732
2	735
2	736
2	747
2	761
2	803
2	805
2	827
2	836
2	859
2	870
2	899
2	901
2	904
2	910
2	917
2	921
2	926
2	933
2	969
2	970
2	994
2	995
2	997
3	8
3	40
3	45
3	58
3	68
3	80
3	85
3	100
3	112
3	118
3	120
3	131
3	138
3	147
3	159
3	160
3	197
3	198
3	201
3	202
3	207
3	211
3	216
3	240
3	245
3	261
3	276
3	282
3	312
3	322
3	340
3	352
3	361
3	401
3	423
3	447
3	455
3	465
3	470
3	484
3	487
3	488
3	497
3	505
3	508
3	556
3	557
3	573
3	590
3	613
3	620
3	626
3	629
3	632
3	648
3	653
3	658
3	678
3	685
3	690
3	705
3	709
3	719
3	727
3	730
3	736
3	738
3	749
3	760
3	765
3	789
3	798
3	805
3	825
3	830
3	831
3	844
3	846
3	855
3	890
3	914
3	931
3	936
4	5
4	6
4	18
4	20
4	23
4	29
4	31
4	34
4	42
4	43
4	45
4	66
4	76
4	88
4	95
4	107
4	109
4	112
4	114
4	126
4	135
4	136
4	139
4	142
4	143
4	151
4	160
4	163
4	166
4	177
4	181
4	218
4	231
4	251
4	281
4	291
4	298
4	316
4	335
4	336
4	355
4	364
4	370
4	404
4	494
4	506
4	510
4	516
4	518
4	528
4	538
4	545
4	559
4	565
4	572
4	591
4	606
4	609
4	651
4	662
4	681
4	682
4	689
4	692
4	695
4	702
4	711
4	713
4	716
4	738
4	754
4	763
4	793
4	817
4	863
4	873
4	874
4	913
4	920
4	946
4	984
5	9
5	13
5	16
5	19
5	32
5	34
5	41
5	46
5	54
5	61
5	77
5	78
5	80
5	84
5	106
5	116
5	129
5	130
5	133
5	152
5	156
5	167
5	179
5	186
5	189
5	193
5	196
5	223
5	233
5	241
5	250
5	258
5	260
5	263
5	272
5	273
5	289
5	322
5	327
5	329
5	333
5	338
5	363
5	391
5	413
5	420
5	430
5	462
5	468
5	498
5	503
5	529
5	541
5	548
5	608
5	612
5	641
5	654
5	683
5	685
5	689
5	699
5	710
5	736
5	739
5	748
5	785
5	799
5	806
5	848
5	850
5	948
5	962
5	967
5	971
6	10
6	18
6	20
6	27
6	28
6	30
6	42
6	47
6	58
6	66
6	88
6	90
6	95
6	96
6	109
6	111
6	112
6	115
6	135
6	136
6	139
6	143
6	156
6	166
6	172
6	200
6	218
6	220
6	231
6	240
6	271
6	276
6	278
6	283
6	307
6	325
6	331
6	335
6	346
6	358
6	373
6	374
6	388
6	436
6	453
6	463
6	482
6	494
6	518
6	523
6	538
6	563
6	569
6	581
6	615
6	621
6	634
6	692
6	711
6	821
6	837
6	874
6	881
6	889
6	905
6	960
6	965
6	974
6	986
6	987
6	1000
7	9
7	36
7	37
7	51
7	52
7	55
7	56
7	67
7	70
7	97
7	128
7	132
7	141
7	147
7	151
7	164
7	168
7	175
7	183
7	185
7	187
7	195
7	198
7	205
7	226
7	264
7	280
7	305
7	317
7	326
7	332
7	356
7	362
7	368
7	384
7	386
7	393
7	395
7	409
7	416
7	425
7	427
7	441
7	461
7	472
7	476
7	496
7	525
7	639
7	647
7	655
7	656
7	668
7	701
7	707
7	768
7	782
7	784
7	800
7	812
7	813
7	906
7	907
7	912
7	960
7	972
7	980
7	983
7	985
8	13
8	15
8	22
8	28
8	29
8	41
8	50
8	72
8	82
8	83
8	88
8	101
8	112
8	153
8	173
8	180
8	184
8	185
8	199
8	210
8	214
8	243
8	258
8	262
8	267
8	270
8	273
8	292
8	294
8	389
8	403
8	412
8	448
8	452
8	456
8	467
8	493
8	536
8	553
8	566
8	574
8	577
8	645
8	650
8	652
8	672
8	706
8	714
8	724
8	728
8	737
8	750
8	753
8	777
8	783
8	808
8	809
8	820
8	832
8	845
8	864
8	891
8	935
8	938
8	953
8	982
8	989
9	16
9	30
9	34
9	35
9	46
9	52
9	54
9	61
9	63
9	67
9	77
9	78
9	80
9	106
9	107
9	116
9	129
9	130
9	152
9	181
9	193
9	241
9	250
9	257
9	260
9	269
9	286
9	329
9	333
9	337
9	352
9	357
9	368
9	376
9	405
9	411
9	424
9	438
9	444
9	454
9	462
9	501
9	503
9	541
9	612
9	626
9	674
9	712
9	723
9	734
9	755
9	759
9	777
9	797
9	806
9	850
9	869
9	897
9	901
9	904
9	948
9	962
9	992
10	14
10	25
10	32
10	33
10	38
10	44
10	60
10	63
10	66
10	74
10	75
10	79
10	95
10	96
10	103
10	105
10	107
10	122
10	136
10	137
10	163
10	206
10	212
10	218
10	247
10	252
10	266
10	287
10	298
10	302
10	319
10	328
10	364
10	366
10	377
10	402
10	419
10	477
10	487
10	499
10	516
10	518
10	545
10	605
10	620
10	622
10	637
10	645
10	669
10	679
10	734
10	739
10	742
10	745
10	746
10	762
10	773
10	787
10	853
10	854
10	893
10	916
10	977
11	12
11	13
11	17
11	20
11	21
11	69
11	75
11	90
11	93
11	119
11	161
11	165
11	178
11	184
11	219
11	232
11	239
11	256
11	259
11	304
11	331
11	360
11	369
11	372
11	414
11	422
11	439
11	441
11	446
11	452
11	459
11	466
11	471
11	490
11	520
11	525
11	530
11	535
11	566
11	594
11	623
11	625
11	633
11	697
11	700
11	716
11	731
11	732
11	747
11	783
11	827
11	859
11	897
11	901
11	921
11	933
11	937
11	949
11	963
11	966
11	994
11	997
12	30
12	41
12	55
12	62
12	73
12	98
12	102
12	108
12	111
12	113
12	117
12	121
12	157
12	160
12	169
12	174
12	226
12	238
12	249
12	265
12	274
12	292
12	295
12	306
12	314
12	326
12	342
12	348
12	354
12	375
12	397
12	407
12	408
12	440
12	449
12	456
12	457
12	458
12	464
12	552
12	596
12	618
12	624
12	630
12	650
12	660
12	661
12	726
12	758
12	765
12	767
12	804
12	833
12	865
12	893
12	902
12	903
12	939
12	944
12	988
12	993
13	15
13	22
13	23
13	25
13	27
13	28
13	50
13	69
13	72
13	82
13	83
13	89
13	101
13	119
13	173
13	177
13	180
13	191
13	192
13	199
13	204
13	210
13	262
13	270
13	297
13	303
13	314
13	376
13	414
13	451
13	452
13	476
13	483
13	505
13	507
13	521
13	567
13	568
13	630
13	649
13	652
13	672
13	673
13	694
13	714
13	724
13	728
13	740
13	750
13	756
13	786
13	809
13	839
13	841
13	892
13	922
13	928
13	935
14	25
14	26
14	32
14	33
14	38
14	44
14	60
14	63
14	74
14	75
14	79
14	96
14	103
14	104
14	105
14	119
14	122
14	125
14	137
14	157
14	212
14	233
14	241
14	242
14	252
14	313
14	319
14	330
14	366
14	402
14	415
14	469
14	477
14	481
14	487
14	499
14	516
14	527
14	533
14	555
14	600
14	639
14	645
14	653
14	654
14	669
14	688
14	700
14	745
14	746
14	764
14	773
14	778
14	838
14	872
14	946
14	956
14	962
14	977
14	990
15	22
15	28
15	29
15	50
15	72
15	82
15	83
15	89
15	95
15	173
15	180
15	183
15	215
15	230
15	243
15	249
15	254
15	258
15	275
15	294
15	324
15	367
15	376
15	403
15	411
15	414
15	443
15	467
15	493
15	505
15	507
15	515
15	521
15	554
15	562
15	564
15	569
15	574
15	580
15	584
15	592
15	597
15	640
15	642
15	649
15	664
15	752
15	783
15	796
15	818
15	820
15	829
15	839
15	889
15	892
15	928
15	935
16	34
16	46
16	54
16	60
16	61
16	77
16	80
16	82
16	152
16	156
16	181
16	189
16	193
16	196
16	207
16	212
16	213
16	223
16	255
16	274
16	289
16	297
16	300
16	327
16	350
16	352
16	357
16	363
16	368
16	430
16	444
16	450
16	460
16	468
16	475
16	501
16	550
16	579
16	612
16	641
16	662
16	699
16	710
16	719
16	733
16	743
16	770
16	799
16	886
16	904
16	909
16	916
16	945
16	990
17	21
17	35
17	69
17	75
17	90
17	93
17	137
17	165
17	184
17	190
17	219
17	232
17	235
17	239
17	254
17	256
17	257
17	259
17	276
17	304
17	311
17	319
17	320
17	331
17	345
17	353
17	360
17	372
17	428
17	439
17	446
17	453
17	459
17	466
17	535
17	541
17	558
17	571
17	587
17	594
17	601
17	683
17	735
17	747
17	750
17	816
17	836
17	859
17	899
17	910
17	915
17	926
17	957
18	27
18	31
18	42
18	43
18	45
18	58
18	66
18	95
18	111
18	113
18	115
18	136
18	148
18	160
18	172
18	177
18	200
18	203
18	218
18	227
18	271
18	278
18	315
18	325
18	328
18	339
18	364
18	388
18	538
18	591
18	613
18	615
18	619
18	634
18	686
18	692
18	716
18	740
18	757
18	782
18	793
18	803
18	823
18	835
18	837
18	849
18	870
18	873
18	913
18	937
18	957
18	968
18	974
19	21
19	24
19	39
19	48
19	49
19	56
19	64
19	65
19	66
19	68
19	81
19	86
19	92
19	98
19	117
19	140
19	145
19	148
19	149
19	198
19	253
19	263
19	277
19	323
19	334
19	365
19	390
19	420
19	431
19	436
19	469
19	474
19	485
19	514
19	526
19	540
19	560
19	572
19	580
19	597
19	614
19	646
19	666
19	676
19	684
19	718
19	744
19	775
19	795
19	868
19	871
19	878
19	884
19	981
20	27
20	31
20	42
20	43
20	66
20	88
20	95
20	109
20	112
20	114
20	115
20	144
20	145
20	151
20	160
20	161
20	177
20	194
20	218
20	220
20	223
20	231
20	235
20	283
20	291
20	299
20	312
20	316
20	341
20	346
20	355
20	364
20	370
20	422
20	463
20	482
20	496
20	502
20	523
20	576
20	599
20	634
20	660
20	803
20	905
20	906
20	965
20	974
20	987
20	1000
21	59
21	60
21	69
21	75
21	90
21	119
21	161
21	190
21	205
21	219
21	222
21	232
21	235
21	239
21	251
21	256
21	259
21	304
21	311
21	320
21	345
21	359
21	360
21	361
21	369
21	372
21	417
21	426
21	428
21	446
21	459
21	462
21	488
21	519
21	520
21	525
21	530
21	601
21	621
21	623
21	625
21	715
21	747
21	798
21	836
21	870
21	897
21	926
21	994
22	23
22	28
22	29
22	50
22	72
22	82
22	83
22	84
22	87
22	89
22	134
22	180
22	204
22	215
22	235
22	258
22	275
22	279
22	285
22	294
22	324
22	387
22	389
22	411
22	470
22	493
22	553
22	564
22	566
22	568
22	627
22	630
22	637
22	645
22	672
22	698
22	724
22	737
22	750
22	753
22	809
22	819
22	839
22	845
22	891
22	909
22	922
22	938
23	27
23	28
23	29
23	50
23	72
23	75
23	83
23	87
23	89
23	101
23	153
23	162
23	192
23	204
23	210
23	215
23	263
23	275
23	285
23	286
23	324
23	377
23	380
23	389
23	403
23	412
23	418
23	451
23	493
23	502
23	510
23	521
23	569
23	592
23	631
23	664
23	672
23	713
23	753
23	756
23	786
23	832
23	877
23	891
23	892
23	953
23	982
23	989
24	48
24	49
24	53
24	56
24	64
24	65
24	84
24	86
24	98
24	107
24	115
24	123
24	133
24	140
24	145
24	148
24	149
24	175
24	197
24	225
24	231
24	265
24	277
24	296
24	334
24	347
24	365
24	431
24	469
24	484
24	491
24	526
24	543
24	560
24	580
24	597
24	614
24	657
24	663
24	742
24	769
24	775
24	790
24	795
24	807
24	814
24	840
24	894
24	992
24	999
25	32
25	33
25	38
25	44
25	74
25	96
25	103
25	105
25	107
25	122
25	125
25	137
25	163
25	189
25	192
25	206
25	212
25	266
25	319
25	328
25	349
25	366
25	390
25	407
25	419
25	477
25	527
25	546
25	547
25	597
25	622
25	646
25	679
25	680
25	702
25	745
25	746
25	762
25	787
25	791
25	801
25	828
25	872
25	881
25	893
25	898
25	924
26	31
26	33
26	81
26	94
26	98
26	110
26	128
26	145
26	146
26	165
26	173
26	186
26	188
26	189
26	193
26	208
26	209
26	222
26	226
26	234
26	237
26	248
26	261
26	288
26	302
26	308
26	321
26	379
26	435
26	478
26	479
26	489
26	524
26	539
26	542
26	603
26	673
26	704
26	751
26	856
26	886
26	895
26	920
26	933
26	959
26	975
26	976
26	978
27	42
27	43
27	45
27	64
27	66
27	76
27	94
27	95
27	112
27	135
27	142
27	166
27	172
27	203
27	220
27	227
27	231
27	271
27	283
27	298
27	307
27	311
27	341
27	346
27	373
27	523
27	528
27	538
27	563
27	607
27	669
27	681
27	692
27	698
27	766
27	799
27	837
27	880
27	889
27	935
27	948
27	983
27	987
27	998
27	1000
28	29
28	39
28	41
28	50
28	72
28	83
28	87
28	89
28	90
28	101
28	109
28	199
28	204
28	243
28	270
28	275
28	285
28	294
28	322
28	389
28	467
28	483
28	505
28	515
28	516
28	521
28	553
28	554
28	566
28	577
28	627
28	706
28	714
28	717
28	749
28	786
28	796
28	818
28	832
28	845
28	884
28	892
28	908
28	989
29	49
29	50
29	61
29	72
29	82
29	83
29	89
29	93
29	101
29	132
29	173
29	180
29	192
29	199
29	204
29	243
29	254
29	275
29	418
29	448
29	467
29	469
29	564
29	568
29	591
29	593
29	631
29	642
29	649
29	672
29	706
29	724
29	737
29	786
29	808
29	818
29	826
29	829
29	832
29	847
29	891
29	935
29	938
30	41
30	62
30	73
30	108
30	111
30	113
30	117
30	121
30	169
30	174
30	238
30	240
30	249
30	276
30	292
30	295
30	306
30	327
30	342
30	354
30	397
30	398
30	407
30	408
30	440
30	449
30	457
30	458
30	575
30	616
30	650
30	660
30	661
30	673
30	758
30	768
30	769
30	771
30	776
30	875
30	894
30	902
30	903
30	939
30	973
31	42
31	43
31	45
31	47
31	66
31	88
31	114
31	115
31	135
31	139
31	143
31	160
31	162
31	166
31	200
31	242
31	243
31	251
31	278
31	283
31	315
31	339
31	346
31	381
31	403
31	404
31	436
31	453
31	496
31	523
31	589
31	591
31	666
31	670
31	682
31	693
31	699
31	711
31	763
31	835
31	927
31	938
31	960
31	965
32	33
32	38
32	39
32	44
32	48
32	63
32	79
32	96
32	103
32	104
32	105
32	122
32	125
32	187
32	206
32	214
32	233
32	266
32	287
32	313
32	349
32	414
32	481
32	516
32	533
32	545
32	669
32	675
32	735
32	745
32	746
32	842
32	854
32	861
32	867
32	872
32	893
32	898
32	914
32	946
32	954
32	977
32	979
33	38
33	44
33	63
33	74
33	77
33	79
33	104
33	125
33	206
33	214
33	233
33	242
33	247
33	287
33	323
33	330
33	349
33	402
33	483
33	499
33	527
33	540
33	555
33	572
33	585
33	622
33	638
33	688
33	693
33	739
33	756
33	762
33	764
33	787
33	807
33	842
33	852
33	861
33	867
33	879
33	977
33	992
34	46
34	54
34	77
34	78
34	80
34	105
34	114
34	116
34	129
34	156
34	181
34	182
34	216
34	255
34	267
34	269
34	302
34	314
34	329
34	356
34	374
34	405
34	430
34	438
34	468
34	492
34	511
34	548
34	550
34	598
34	615
34	641
34	703
34	710
34	731
34	733
34	755
34	759
34	781
34	787
34	804
34	888
34	945
35	36
35	39
35	57
35	59
35	91
35	124
35	127
35	162
35	170
35	171
35	176
35	196
35	224
35	255
35	279
35	301
35	309
35	336
35	347
35	382
35	394
35	398
35	417
35	418
35	429
35	432
35	500
35	535
35	551
35	586
35	588
35	617
35	640
35	663
35	667
35	677
35	722
35	788
35	826
35	877
35	882
35	930
35	932
35	957
36	39
36	57
36	59
36	91
36	124
36	158
36	170
36	171
36	194
36	208
36	211
36	224
36	250
36	293
36	301
36	309
36	332
36	347
36	378
36	382
36	394
36	418
36	480
36	517
36	535
36	537
36	551
36	583
36	585
36	593
36	617
36	621
36	663
36	677
36	690
36	708
36	720
36	743
36	767
36	826
36	900
36	942
36	951
36	954
37	51
37	52
37	55
37	80
37	97
37	123
37	132
37	137
37	141
37	147
37	164
37	183
37	185
37	187
37	205
37	211
37	226
37	280
37	295
37	305
37	323
37	329
37	356
37	362
37	386
37	393
37	395
37	425
37	427
37	460
37	471
37	655
37	701
37	743
37	782
37	784
37	800
37	812
37	819
37	896
37	907
37	943
37	972
38	44
38	60
38	63
38	74
38	103
38	130
38	163
38	185
38	214
38	233
38	246
38	247
38	252
38	275
38	287
38	302
38	313
38	328
38	349
38	377
38	402
38	419
38	486
38	489
38	533
38	540
38	587
38	590
38	600
38	679
38	702
38	745
38	773
38	815
38	828
38	842
38	858
38	969
38	977
39	57
39	91
39	110
39	127
39	158
39	162
39	171
39	224
39	279
39	290
39	293
39	301
39	309
39	399
39	418
39	445
39	473
39	480
39	500
39	517
39	537
39	551
39	583
39	586
39	588
39	617
39	633
39	663
39	704
39	708
39	772
39	788
39	826
39	831
39	843
39	899
39	922
39	930
39	940
40	58
40	59
40	68
40	85
40	100
40	118
40	120
40	138
40	159
40	197
40	202
40	216
40	240
40	282
40	283
40	312
40	320
40	326
40	340
40	392
40	401
40	407
40	413
40	442
40	455
40	465
40	497
40	504
40	573
40	613
40	629
40	632
40	653
40	697
40	709
40	727
40	760
40	802
40	825
40	846
40	852
40	924
41	62
41	73
41	79
41	108
41	113
41	117
41	121
41	169
41	201
41	238
41	249
41	253
41	290
41	292
41	295
41	347
41	348
41	375
41	397
41	398
41	406
41	407
41	440
41	456
41	457
41	498
41	575
41	618
41	650
41	661
41	726
41	758
41	823
41	862
41	902
41	903
41	911
41	944
42	43
42	66
42	75
42	76
42	77
42	88
42	109
42	136
42	142
42	146
42	151
42	161
42	172
42	203
42	231
42	281
42	291
42	292
42	307
42	358
42	388
42	453
42	463
42	518
42	523
42	563
42	572
42	581
42	601
42	670
42	681
42	740
42	809
42	863
42	874
42	968
42	986
43	45
43	66
43	88
43	95
43	97
43	135
43	143
43	172
43	220
43	224
43	227
43	231
43	278
43	281
43	283
43	307
43	316
43	341
43	346
43	355
43	364
43	370
43	373
43	412
43	482
43	581
43	588
43	634
43	662
43	670
43	763
43	874
43	885
43	909
43	984
44	47
44	60
44	63
44	76
44	79
44	103
44	104
44	122
44	128
44	162
44	206
44	212
44	214
44	233
44	242
44	246
44	355
44	370
44	402
44	415
44	452
44	477
44	516
44	527
44	533
44	545
44	734
44	762
44	791
44	828
44	838
44	872
44	877
44	898
44	975
44	977
45	71
45	86
45	109
45	115
45	116
45	136
45	142
45	149
45	166
45	238
45	251
45	266
45	278
45	291
45	299
45	316
45	344
45	355
45	364
45	373
45	381
45	482
45	510
45	540
45	589
45	591
45	606
45	609
45	662
45	695
45	865
45	873
45	905
45	960
45	983
45	987
46	54
46	58
46	61
46	63
46	78
46	84
46	106
46	116
46	155
46	167
46	213
46	223
46	241
46	255
46	272
46	290
46	333
46	336
46	350
46	352
46	363
46	391
46	449
46	501
46	503
46	536
46	598
46	641
46	699
46	741
46	748
46	774
46	785
46	794
46	801
46	866
46	903
46	966
47	81
47	94
47	110
47	128
47	146
47	186
47	188
47	189
47	200
47	208
47	209
47	222
47	234
47	237
47	261
47	288
47	321
47	325
47	336
47	343
47	379
47	434
47	479
47	509
47	524
47	539
47	561
47	564
47	578
47	665
47	704
47	751
47	923
47	952
47	959
47	974
47	991
47	996
48	54
48	56
48	64
48	65
48	92
48	98
48	123
48	145
48	149
48	175
48	198
48	225
48	265
48	300
48	323
48	324
48	334
48	365
48	390
48	426
48	469
48	472
48	474
48	491
48	543
48	549
48	614
48	627
48	649
48	666
48	718
48	742
48	775
48	807
48	840
48	868
48	876
48	878
49	56
49	60
49	64
49	65
49	73
49	86
49	92
49	98
49	123
49	140
49	145
49	175
49	198
49	253
49	260
49	296
49	334
49	340
49	390
49	394
49	485
49	491
49	526
49	531
49	597
49	626
49	646
49	666
49	668
49	679
49	740
49	742
49	769
49	795
49	807
49	814
49	885
49	961
50	76
50	82
50	87
50	89
50	97
50	104
50	153
50	199
50	204
50	213
50	258
50	387
50	409
50	414
50	452
50	515
50	554
50	568
50	574
50	611
50	612
50	627
50	652
50	664
50	694
50	752
50	796
50	818
50	829
50	836
50	841
50	887
50	938
50	950
51	52
51	55
51	70
51	97
51	132
51	140
51	141
51	164
51	168
51	185
51	187
51	195
51	226
51	277
51	280
51	281
51	305
51	317
51	326
51	332
51	343
51	362
51	383
51	393
51	409
51	416
51	451
51	471
51	614
51	643
51	655
51	656
51	668
51	701
51	707
51	742
51	862
51	883
51	943
52	55
52	70
52	97
52	109
52	116
52	120
52	141
52	147
52	164
52	168
52	183
52	185
52	194
52	195
52	226
52	262
52	280
52	305
52	326
52	356
52	384
52	386
52	395
52	416
52	425
52	427
52	441
52	476
52	493
52	635
52	750
52	768
52	784
52	806
52	918
52	972
53	71
53	83
53	93
53	99
53	126
53	134
53	190
53	191
53	192
53	217
53	221
53	230
53	244
53	268
53	284
53	371
53	381
53	396
53	421
53	426
53	433
53	438
53	512
53	513
53	522
53	552
53	557
53	558
53	559
53	605
53	633
53	648
53	760
53	811
53	824
53	847
53	857
53	887
53	919
53	934
54	61
54	67
54	77
54	84
54	116
54	130
54	135
54	156
54	167
54	181
54	183
54	263
54	267
54	282
54	329
54	338
54	352
54	357
54	374
54	384
54	405
54	422
54	424
54	468
54	692
54	723
54	759
54	777
54	797
54	866
54	888
54	904
54	920
55	70
55	97
55	101
55	106
55	109
55	132
55	141
55	142
55	147
55	164
55	185
55	187
55	205
55	217
55	224
55	305
55	326
55	362
55	386
55	393
55	409
55	425
55	427
55	431
55	500
55	635
55	639
55	643
55	647
55	655
55	656
55	701
55	906
55	907
55	912
56	64
56	65
56	86
56	110
56	123
56	145
56	149
56	170
56	175
56	182
56	198
56	214
56	225
56	253
56	265
56	277
56	367
56	390
56	431
56	443
56	464
56	472
56	495
56	514
56	515
56	526
56	537
56	560
56	580
56	687
56	795
56	868
56	871
56	876
57	59
57	70
57	91
57	124
57	127
57	170
57	176
57	188
57	229
57	236
57	279
57	284
57	290
57	301
57	303
57	376
57	382
57	398
57	429
57	445
57	486
57	586
57	588
57	610
57	621
57	644
57	677
57	720
57	771
57	778
57	791
57	892
57	940
57	957
57	958
57	988
58	68
58	100
58	113
58	120
58	131
58	138
58	159
58	197
58	207
58	245
58	276
58	282
58	312
58	392
58	406
58	465
58	470
58	497
58	556
58	557
58	573
58	609
58	632
58	649
58	653
58	658
58	694
58	696
58	709
58	719
58	749
58	765
58	830
59	82
59	124
59	158
59	170
59	171
59	176
59	192
59	224
59	229
59	250
59	251
59	303
59	347
59	382
59	394
59	429
59	434
59	445
59	537
59	551
59	557
59	583
59	588
59	617
59	663
59	677
59	690
59	743
59	788
59	816
59	851
59	882
59	942
59	954
60	63
60	74
60	79
60	90
60	103
60	104
60	105
60	107
60	233
60	252
60	266
60	275
60	318
60	328
60	377
60	392
60	419
60	435
60	481
60	545
60	546
60	555
60	585
60	593
60	669
60	787
60	815
60	867
60	872
60	914
60	947
60	964
61	77
61	84
61	130
61	133
61	179
61	255
61	257
61	260
61	267
61	289
61	296
61	327
61	347
61	363
61	366
61	420
61	430
61	438
61	450
61	497
61	501
61	515
61	543
61	550
61	598
61	703
61	712
61	731
61	755
61	777
61	785
61	955
61	962
62	73
62	108
62	111
62	121
62	162
62	174
62	180
62	228
62	238
62	248
62	249
62	274
62	295
62	306
62	328
62	334
62	354
62	360
62	385
62	398
62	406
62	440
62	464
62	596
62	624
62	660
62	661
62	671
62	721
62	726
62	761
62	833
62	865
62	911
62	973
62	993
63	74
63	103
63	104
63	122
63	163
63	187
63	214
63	242
63	252
63	287
63	315
63	318
63	319
63	399
63	402
63	481
63	505
63	527
63	547
63	583
63	585
63	599
63	669
63	688
63	702
63	742
63	776
63	815
63	838
64	65
64	86
64	92
64	123
64	140
64	145
64	159
64	175
64	185
64	225
64	265
64	296
64	313
64	322
64	390
64	469
64	491
64	495
64	514
64	526
64	539
64	657
64	662
64	687
64	744
64	807
64	814
64	840
64	876
64	894
64	987
64	992
65	74
65	92
65	98
65	122
65	145
65	225
65	253
65	265
65	277
65	296
65	307
65	323
65	334
65	365
65	391
65	410
65	460
65	472
65	485
65	495
65	560
65	573
65	614
65	646
65	657
65	687
65	742
65	868
65	876
65	992
65	999
66	112
66	114
66	143
66	144
66	166
66	168
66	170
66	227
66	231
66	264
66	271
66	291
66	299
66	307
66	421
66	429
66	634
66	650
66	662
66	682
66	713
66	766
66	821
66	869
66	873
66	880
66	984
66	986
67	77
67	82
67	84
67	85
67	105
67	106
67	114
67	156
67	168
67	196
67	213
67	272
67	286
67	289
67	327
67	329
67	360
67	391
67	422
67	460
67	492
67	511
67	529
67	595
67	687
67	689
67	723
67	731
67	736
67	741
67	797
67	881
67	945
67	966
68	84
68	85
68	118
68	131
68	138
68	147
68	202
68	207
68	289
68	322
68	340
68	392
68	442
68	447
68	484
68	497
68	520
68	544
68	556
68	573
68	620
68	658
68	678
68	685
68	696
68	730
68	749
68	765
68	890
68	925
68	931
68	969
69	84
69	90
69	93
69	161
69	166
69	184
69	197
69	235
69	256
69	259
69	287
69	311
69	353
69	360
69	428
69	446
69	459
69	466
69	490
69	534
69	571
69	594
69	601
69	644
69	700
69	761
69	901
69	919
69	926
69	937
69	995
69	997
70	97
70	141
70	143
70	147
70	152
70	164
70	168
70	183
70	185
70	195
70	205
70	226
70	317
70	326
70	356
70	367
70	384
70	458
70	471
70	509
70	547
70	579
70	643
70	656
70	681
70	707
70	768
70	812
70	906
70	907
70	943
70	985
71	99
71	113
71	122
71	126
71	134
71	154
71	191
71	220
71	230
71	244
71	268
71	284
71	383
71	400
71	419
71	437
71	454
71	504
71	512
71	513
71	537
71	541
71	549
71	552
71	564
71	584
71	605
71	628
71	648
71	725
71	774
71	824
71	857
71	887
71	947
72	82
72	83
72	93
72	173
72	199
72	200
72	215
72	237
72	262
72	294
72	324
72	380
72	391
72	414
72	483
72	521
72	588
72	592
72	602
72	630
72	706
72	714
72	756
72	844
72	845
72	900
72	908
72	942
72	979
73	102
73	108
73	113
73	117
73	157
73	238
73	292
73	295
73	335
73	348
73	357
73	375
73	397
73	405
73	406
73	407
73	440
73	596
73	618
73	637
73	671
73	718
73	721
73	726
73	758
73	776
73	875
73	903
73	925
73	939
73	984
74	79
74	96
74	103
74	149
74	150
74	156
74	212
74	247
74	330
74	345
74	366
74	377
74	415
74	473
74	487
74	516
74	545
74	585
74	637
74	679
74	693
74	762
74	815
74	822
74	835
74	893
74	924
74	956
75	90
75	93
75	165
75	178
75	184
75	190
75	232
75	235
75	253
75	345
75	353
75	359
75	370
75	396
75	428
75	439
75	446
75	519
75	549
75	571
75	644
75	700
75	827
75	897
75	933
75	979
75	995
76	95
76	114
76	115
76	132
76	164
76	166
76	172
76	194
76	218
76	251
76	281
76	299
76	358
76	370
76	373
76	404
76	436
76	523
76	596
76	609
76	634
76	682
76	692
76	711
76	713
76	716
76	754
76	821
76	987
76	1000
77	78
77	80
77	116
77	129
77	179
77	182
77	223
77	273
77	282
77	310
77	344
77	371
77	460
77	475
77	541
77	581
77	612
77	636
77	667
77	703
77	777
77	781
77	801
77	850
77	888
77	967
78	96
78	100
78	120
78	133
78	152
78	193
78	196
78	257
78	273
78	286
78	329
78	372
78	422
78	424
78	460
78	462
78	465
78	492
78	527
78	529
78	550
78	689
78	699
78	710
78	770
78	785
78	802
78	850
78	904
78	970
79	96
79	104
79	117
79	187
79	247
79	266
79	313
79	328
79	330
79	377
79	481
79	502
79	532
79	545
79	547
79	555
79	565
79	669
79	702
79	725
79	746
79	764
79	822
79	914
79	929
79	946
80	132
80	155
80	167
80	227
80	255
80	267
80	297
80	329
80	333
80	382
80	430
80	462
80	468
80	501
80	529
80	548
80	612
80	699
80	770
80	797
80	809
80	812
80	850
80	858
80	888
80	952
80	962
81	94
81	111
81	128
81	186
81	189
81	209
81	222
81	248
81	261
81	288
81	302
81	321
81	379
81	385
81	434
81	435
81	437
81	479
81	539
81	597
81	602
81	673
81	856
81	886
81	895
81	941
81	952
81	959
81	965
81	975
82	87
82	89
82	153
82	173
82	181
82	254
82	262
82	285
82	318
82	338
82	387
82	389
82	448
82	452
82	515
82	568
82	569
82	627
82	706
82	750
82	818
82	839
82	877
82	935
83	96
83	101
83	139
83	192
83	199
83	215
83	243
83	268
83	294
83	324
83	367
83	393
83	411
83	451
83	493
83	515
83	521
83	553
83	566
83	568
83	695
83	719
83	792
83	864
83	908
84	116
84	118
84	130
84	182
84	196
84	213
84	263
84	272
84	273
84	289
84	297
84	337
84	350
84	368
84	475
84	529
84	612
84	635
84	642
84	657
84	674
84	689
84	712
84	759
84	869
85	100
85	117
85	118
85	120
85	131
85	197
85	201
85	207
85	211
85	216
85	245
85	282
85	299
85	363
85	366
85	484
85	556
85	581
85	617
85	653
85	678
85	685
85	760
85	785
85	789
85	805
85	830
85	936
86	92
86	140
86	145
86	148
86	175
86	253
86	277
86	296
86	365
86	390
86	420
86	433
86	469
86	472
86	480
86	495
86	536
86	543
86	597
86	646
86	657
86	676
86	678
86	742
86	744
86	961
86	981
87	89
87	153
87	180
87	186
87	215
87	254
87	262
87	349
87	360
87	367
87	376
87	380
87	387
87	389
87	411
87	567
87	568
87	574
87	602
87	622
87	649
87	664
87	750
87	752
87	792
87	832
87	884
87	908
88	89
88	112
88	115
88	135
88	136
88	139
88	143
88	144
88	160
88	227
88	247
88	251
88	316
88	351
88	453
88	464
88	619
88	651
88	656
88	713
88	717
88	754
88	757
88	829
88	905
88	984
89	173
89	178
89	248
89	265
89	285
89	289
89	367
89	376
89	389
89	403
89	505
89	567
89	574
89	649
89	694
89	724
89	737
89	829
89	874
89	888
89	892
89	900
89	935
90	130
90	161
90	211
90	219
90	315
90	369
90	372
90	439
90	494
90	519
90	530
90	571
90	582
90	587
90	625
90	732
90	899
90	915
90	917
90	933
90	949
90	970
90	994
91	127
91	143
91	144
91	170
91	171
91	229
91	236
91	303
91	388
91	394
91	429
91	486
91	500
91	551
91	563
91	586
91	588
91	610
91	621
91	708
91	722
91	772
91	788
91	843
91	949
91	958
91	967
92	119
92	123
92	140
92	148
92	172
92	214
92	225
92	238
92	253
92	277
92	323
92	365
92	388
92	432
92	472
92	512
92	514
92	526
92	543
92	614
92	657
92	684
92	807
92	961
92	992
92	999
93	165
93	207
93	219
93	239
93	259
93	261
93	311
93	320
93	434
93	446
93	466
93	490
93	520
93	530
93	535
93	544
93	644
93	700
93	728
93	732
93	761
93	859
93	963
94	128
94	134
94	146
94	152
94	188
94	189
94	208
94	234
94	237
94	265
94	288
94	301
94	302
94	308
94	351
94	379
94	489
94	509
94	524
94	603
94	625
94	704
94	815
94	817
94	976
94	978
94	996
95	114
95	115
95	136
95	151
95	172
95	194
95	200
95	216
95	264
95	307
95	315
95	341
95	404
95	573
95	609
95	681
95	686
95	766
95	821
95	837
95	873
95	986
96	104
96	105
96	163
96	206
96	219
96	252
96	313
96	328
96	357
96	366
96	393
96	547
96	569
96	622
96	675
96	745
96	762
96	787
96	791
96	893
96	898
96	914
97	141
97	147
97	164
97	187
97	205
97	226
97	264
97	305
97	317
97	326
97	332
97	362
97	395
97	441
97	521
97	639
97	668
97	671
97	729
97	784
97	788
97	918
98	123
98	148
98	149
98	198
98	225
98	265
98	266
98	277
98	295
98	443
98	485
98	491
98	498
98	514
98	647
98	652
98	775
98	814
98	868
98	871
98	878
98	981
98	999
99	126
99	134
99	221
99	230
99	268
99	364
99	400
99	421
99	426
99	437
99	474
99	504
99	549
99	558
99	559
99	562
99	584
99	633
99	725
99	734
99	765
99	774
99	811
99	834
99	867
99	945
99	947
99	955
100	118
100	201
100	207
100	216
100	245
100	271
100	299
100	321
100	322
100	407
100	423
100	508
100	620
100	626
100	632
100	659
100	830
100	831
100	855
100	868
100	890
100	918
100	931
100	936
101	180
101	318
101	412
101	448
101	467
101	483
101	493
101	554
101	627
101	630
101	631
101	642
101	694
101	737
101	796
101	841
101	866
101	871
101	884
101	900
101	964
101	989
102	108
102	111
102	113
102	121
102	157
102	236
102	259
102	375
102	397
102	412
102	449
102	458
102	486
102	540
102	568
102	575
102	595
102	660
102	661
102	721
102	726
102	767
102	862
102	865
102	903
102	939
102	988
102	993
103	107
103	115
103	131
103	137
103	145
103	163
103	212
103	375
103	458
103	540
103	586
103	675
103	680
103	688
103	787
103	815
103	828
103	838
103	861
103	956
103	977
104	105
104	107
104	122
104	154
104	252
104	266
104	318
104	328
104	450
104	481
104	499
104	514
104	600
104	645
104	669
104	675
104	680
104	739
104	853
104	854
104	956
105	125
105	137
105	206
105	214
105	252
105	287
105	399
105	457
105	499
105	536
105	555
105	585
105	599
105	600
105	737
105	745
105	746
105	773
105	791
105	828
105	853
106	116
106	133
106	137
106	155
106	167
106	196
106	241
106	267
106	286
106	333
106	337
106	413
106	420
106	487
106	495
106	501
106	595
106	712
106	736
106	759
106	794
106	866
106	869
106	945
106	967
107	163
107	187
107	212
107	242
107	247
107	252
107	319
107	377
107	399
107	415
107	419
107	430
107	487
107	540
107	546
107	663
107	739
107	749
107	867
107	872
107	879
107	924
108	117
108	151
108	168
108	174
108	177
108	253
108	295
108	306
108	342
108	385
108	456
108	457
108	458
108	616
108	624
108	776
108	833
108	902
108	925
108	939
108	968
108	988
108	997
109	112
109	114
109	115
109	144
109	165
109	281
109	307
109	315
109	325
109	335
109	373
109	496
109	532
109	565
109	606
109	651
109	716
109	751
109	873
109	927
109	980
110	144
110	185
110	186
110	188
110	189
110	208
110	209
110	222
110	234
110	237
110	288
110	308
110	321
110	327
110	351
110	385
110	434
110	489
110	524
110	636
110	665
110	751
110	817
110	952
111	113
111	117
111	121
111	126
111	169
111	174
111	238
111	292
111	307
111	342
111	354
111	406
111	407
111	440
111	456
111	457
111	458
111	464
111	476
111	726
111	973
112	115
112	144
112	194
112	283
112	298
112	299
112	315
112	339
112	453
112	565
112	586
112	589
112	763
112	824
112	879
112	889
112	960
112	968
112	998
113	117
113	169
113	174
113	348
113	354
113	397
113	449
113	458
113	478
113	511
113	544
113	575
113	616
113	618
113	862
113	865
113	944
113	973
113	993
114	151
114	203
114	231
114	283
114	289
114	316
114	339
114	404
114	449
114	453
114	506
114	565
114	606
114	615
114	790
114	905
114	913
114	941
114	995
115	169
115	218
115	220
115	283
115	289
115	339
115	341
115	578
115	609
115	615
115	648
115	790
115	860
115	863
115	986
115	998
116	129
116	179
116	241
116	256
116	297
116	338
116	468
116	550
116	570
116	636
116	710
116	741
116	748
116	753
116	800
116	804
116	996
117	153
117	157
117	169
117	238
117	249
117	292
117	398
117	406
117	616
117	644
117	661
117	721
117	758
117	767
117	776
117	925
117	988
118	146
118	170
118	197
118	216
118	240
118	276
118	277
118	340
118	442
118	455
118	590
118	620
118	658
118	709
118	730
118	789
118	817
118	825
118	830
118	972
119	131
119	161
119	232
119	256
119	382
119	396
119	520
119	544
119	582
119	623
119	644
119	683
119	724
119	836
119	859
119	896
119	897
119	917
119	933
119	995
119	997
120	131
120	138
120	159
120	202
120	282
120	322
120	326
120	392
120	413
120	508
120	556
120	566
120	629
120	652
120	659
120	696
120	705
120	719
120	825
120	831
121	169
121	174
121	206
121	249
121	306
121	375
121	408
121	456
121	464
121	583
121	618
121	624
121	632
121	665
121	721
121	768
121	862
121	902
121	911
121	939
122	125
122	163
122	176
122	206
122	214
122	349
122	415
122	450
122	467
122	526
122	585
122	734
122	746
122	762
122	867
122	914
122	946
123	140
123	145
123	148
123	198
123	265
123	279
123	323
123	448
123	580
123	646
123	687
123	769
123	824
123	840
123	876
123	885
123	894
123	906
124	158
124	170
124	171
124	191
124	224
124	229
124	235
124	261
124	293
124	297
124	315
124	378
124	394
124	517
124	537
124	586
124	610
124	617
124	720
124	722
124	816
124	994
125	206
125	219
125	224
125	247
125	252
125	293
125	318
125	319
125	330
125	399
125	401
125	419
125	477
125	516
125	546
125	680
125	791
125	916
125	924
125	940
126	134
126	154
126	201
126	221
126	244
126	268
126	284
126	397
126	410
126	542
126	562
126	578
126	584
126	605
126	628
126	648
126	811
126	824
126	834
126	847
126	935
127	229
127	279
127	301
127	309
127	347
127	394
127	418
127	468
127	473
127	500
127	551
127	605
127	610
127	621
127	677
127	690
127	800
127	826
127	851
127	960
127	996
128	146
128	186
128	188
128	248
128	261
128	302
128	308
128	330
128	336
128	343
128	385
128	478
128	543
128	561
128	563
128	603
128	672
128	817
128	978
129	155
129	193
129	241
129	254
129	260
129	267
129	273
129	300
129	337
129	352
129	371
129	381
129	422
129	450
129	484
129	636
129	699
129	731
129	781
129	931
130	133
130	152
130	155
130	182
130	193
130	223
130	267
130	272
130	354
130	412
130	548
130	584
130	595
130	658
130	736
130	802
130	866
130	869
131	201
131	202
131	240
131	282
131	312
131	393
131	447
131	465
131	482
131	556
131	632
131	633
131	727
131	765
131	798
131	805
131	875
132	147
132	164
132	168
132	195
132	409
132	416
132	441
132	639
132	643
132	647
132	784
132	812
132	907
132	943
132	962
132	971
132	980
132	985
133	152
133	156
133	167
133	171
133	179
133	193
133	213
133	229
133	257
133	263
133	300
133	308
133	424
133	462
133	572
133	608
133	806
133	848
133	858
134	150
134	154
134	191
134	221
134	228
134	273
134	284
134	316
134	371
134	383
134	410
134	437
134	454
134	522
134	534
134	549
134	628
134	824
134	991
135	141
135	143
135	166
135	177
135	203
135	207
135	298
135	325
135	339
135	344
135	358
135	388
135	528
135	692
135	720
135	835
135	905
135	969
136	142
136	143
136	151
136	172
136	177
136	220
136	259
136	272
136	341
136	370
136	478
136	683
136	803
136	821
136	881
136	960
136	965
137	163
137	176
137	266
137	287
137	330
137	415
137	481
137	540
137	546
137	565
137	680
137	739
137	773
137	842
137	924
137	956
137	970
138	160
138	190
138	197
138	211
138	216
138	241
138	245
138	322
138	392
138	440
138	470
138	522
138	532
138	556
138	659
138	789
138	798
138	831
138	981
139	142
139	143
139	144
139	151
139	160
139	163
139	172
139	177
139	209
139	335
139	339
139	341
139	358
139	423
139	651
139	814
139	863
139	880
139	905
140	253
140	330
140	469
140	474
140	498
140	514
140	597
140	646
140	663
140	676
140	727
140	800
140	885
140	894
140	961
140	999
141	168
141	205
141	317
141	416
141	556
141	631
141	635
141	636
141	639
141	656
141	812
141	819
141	943
141	972
141	980
142	168
142	172
142	200
142	281
142	341
142	355
142	389
142	463
142	581
142	670
142	713
142	717
142	790
142	872
142	965
142	968
142	976
143	167
143	251
143	278
143	291
143	316
143	375
143	388
143	463
143	547
143	576
143	698
143	790
143	1000
144	166
144	218
144	231
144	251
144	271
144	335
144	344
144	370
144	444
144	563
144	606
144	731
144	780
144	861
144	983
144	998
145	149
145	198
145	225
145	334
145	390
145	485
145	498
145	666
145	742
145	862
145	885
146	188
146	189
146	234
146	237
146	248
146	343
146	351
146	379
146	419
146	424
146	467
146	478
146	509
146	524
146	561
146	751
146	886
146	895
147	156
147	185
147	195
147	226
147	326
147	386
147	471
147	554
147	579
147	639
147	643
147	656
147	701
147	761
147	819
148	175
148	217
148	296
148	350
148	383
148	390
148	405
148	431
148	472
148	491
148	498
148	587
148	684
148	718
148	876
148	878
148	961
149	155
149	175
149	265
149	302
149	323
149	365
149	431
149	474
149	498
149	531
149	676
149	807
149	878
149	959
149	992
149	999
150	217
150	221
150	230
150	364
150	432
150	437
150	454
150	461
150	471
150	504
150	534
150	552
150	558
150	578
150	605
150	607
150	633
150	693
150	713
150	737
150	847
150	919
151	194
151	231
151	298
151	315
151	341
151	358
151	510
151	542
151	563
151	683
151	774
151	793
151	927
151	998
152	174
152	241
152	260
152	368
152	391
152	570
152	577
152	667
152	729
152	731
152	785
152	794
152	943
152	948
152	990
153	192
153	215
153	285
153	286
153	310
153	314
153	324
153	367
153	434
153	483
153	574
153	672
153	714
153	786
153	792
153	833
153	959
154	155
154	217
154	228
154	230
154	268
154	269
154	371
154	400
154	410
154	454
154	504
154	522
154	534
154	559
154	562
154	633
154	824
154	834
154	864
155	223
155	273
155	297
155	300
155	352
155	374
155	405
155	420
155	526
155	541
155	550
155	654
155	669
155	739
155	755
155	858
156	167
156	213
156	286
156	297
156	450
156	468
156	511
156	529
156	541
156	550
156	555
156	667
156	691
156	850
157	193
157	292
157	342
157	354
157	375
157	406
157	407
157	408
157	440
157	449
157	596
157	625
157	726
157	865
157	903
157	950
157	978
157	988
158	162
158	170
158	171
158	215
158	236
158	279
158	290
158	347
158	382
158	429
158	499
158	534
158	610
158	779
158	785
158	826
158	843
158	882
158	927
159	197
159	211
159	282
159	322
159	340
159	392
159	401
159	426
159	491
159	508
159	620
159	626
159	709
159	852
159	914
159	915
159	936
160	177
160	194
160	200
160	227
160	251
160	291
160	307
160	315
160	341
160	358
160	619
160	793
160	849
160	978
161	232
161	256
161	355
161	359
161	361
161	466
161	488
161	544
161	623
161	697
161	765
161	798
161	827
161	921
161	937
162	170
162	229
162	236
162	290
162	293
162	309
162	347
162	378
162	418
162	486
162	586
162	743
162	788
162	843
162	851
162	942
163	242
163	274
163	366
163	402
163	432
163	533
163	540
163	599
163	645
163	752
163	898
163	929
164	183
164	195
164	231
164	250
164	305
164	332
164	393
164	427
164	656
164	670
164	800
164	906
164	918
164	993
165	184
165	190
165	199
165	235
165	239
165	320
165	360
165	378
165	490
165	525
165	594
165	661
165	715
165	761
165	937
165	970
166	194
166	227
166	305
166	364
166	430
166	453
166	518
166	615
166	670
166	756
166	780
166	837
166	994
167	179
167	182
167	213
167	286
167	327
167	352
167	357
167	387
167	503
167	608
167	664
167	670
167	712
167	794
167	971
168	205
168	264
168	280
168	305
168	356
168	384
168	386
168	416
168	425
168	447
168	471
168	883
168	943
169	174
169	274
169	397
169	398
169	450
169	456
169	457
169	645
169	651
169	660
169	823
169	862
169	912
169	944
170	244
170	418
170	445
170	480
170	500
170	551
170	618
170	663
170	743
170	788
170	882
171	176
171	202
171	236
171	244
171	303
171	378
171	380
171	429
171	722
171	743
171	772
171	778
171	793
171	958
172	227
172	325
172	344
172	427
172	474
172	565
172	589
172	619
172	681
172	849
172	891
173	180
173	199
173	210
173	270
173	275
173	314
173	345
173	380
173	507
173	577
173	703
173	722
173	769
173	792
174	249
174	375
174	398
174	406
174	408
174	458
174	578
174	594
174	616
174	751
174	823
174	890
174	944
175	197
175	225
175	294
175	334
175	485
175	514
175	524
175	531
175	560
175	646
175	666
175	712
175	981
176	266
176	309
176	378
176	445
176	466
176	480
176	500
176	583
176	617
176	640
176	722
176	743
176	778
176	788
176	826
176	932
177	220
177	325
177	344
177	355
177	358
177	373
177	388
177	482
177	517
177	700
177	847
177	849
177	874
178	184
178	190
178	219
178	231
178	256
178	360
178	361
178	369
178	378
178	439
178	482
178	488
178	519
178	530
178	544
178	625
178	761
178	841
179	255
179	257
179	289
179	338
179	391
179	403
179	422
179	477
179	598
179	619
179	654
179	667
179	668
179	674
179	712
179	806
180	196
180	204
180	210
180	258
180	263
180	294
180	311
180	357
180	412
180	515
180	536
180	752
180	938
181	255
181	267
181	272
181	273
181	286
181	337
181	368
181	413
181	674
181	729
181	736
181	770
181	801
181	868
181	909
181	948
182	214
182	250
182	252
182	260
182	301
182	460
182	475
182	598
182	699
182	736
182	741
182	840
182	904
182	909
182	971
182	990
183	195
183	264
183	277
183	305
183	317
183	362
183	393
183	395
183	409
183	441
183	544
183	579
183	646
183	782
183	819
184	259
184	353
184	490
184	519
184	571
184	619
184	669
184	683
184	735
184	829
184	854
184	921
184	926
184	963
185	226
185	332
185	409
185	471
185	476
185	579
185	647
185	813
185	886
185	912
185	985
186	188
186	209
186	234
186	308
186	321
186	434
186	512
186	539
186	561
186	665
186	693
186	817
186	920
186	963
186	976
187	205
187	226
187	305
187	317
187	326
187	393
187	498
187	635
187	639
187	647
187	768
187	819
187	985
188	222
188	248
188	302
188	313
188	467
188	479
188	509
188	510
188	542
188	561
188	665
188	886
188	952
188	954
189	288
189	308
189	351
189	362
189	379
189	478
189	479
189	509
189	524
189	537
189	539
189	542
189	673
190	212
190	232
190	235
190	256
190	459
190	493
190	519
190	523
190	582
190	601
190	625
190	691
190	901
190	995
191	228
191	244
191	284
191	383
191	400
191	409
191	410
191	421
191	432
191	433
191	437
191	558
191	725
191	824
191	857
191	934
191	972
192	223
192	254
192	314
192	380
192	387
192	451
192	467
192	507
192	602
192	627
192	631
192	728
192	937
193	241
193	286
193	333
193	368
193	374
193	444
193	631
193	733
193	763
193	804
193	848
193	967
194	203
194	325
194	355
194	358
194	451
194	463
194	523
194	563
194	576
194	835
194	968
194	974
195	326
195	348
195	356
195	384
195	386
195	416
195	425
195	508
195	574
195	635
195	744
195	813
195	972
196	213
196	263
196	283
196	297
196	300
196	327
196	329
196	357
196	475
196	785
196	802
196	885
197	202
197	207
197	211
197	239
197	262
197	423
197	590
197	658
197	727
197	844
198	253
198	265
198	277
198	345
198	474
198	548
198	666
198	744
198	775
198	805
198	840
198	981
199	225
199	243
199	280
199	285
199	310
199	314
199	411
199	564
199	631
199	741
199	908
199	979
200	218
200	245
200	283
200	291
200	325
200	373
200	436
200	534
200	624
200	670
200	681
200	686
200	984
201	245
201	276
201	281
201	282
201	401
201	465
201	620
201	709
201	738
201	753
201	760
201	825
201	831
201	940
202	216
202	276
202	322
202	389
202	465
202	620
202	629
202	632
202	705
202	830
202	890
202	894
202	931
203	218
203	278
203	283
203	300
203	386
203	388
203	408
203	463
203	506
203	538
203	615
203	835
203	843
203	895
203	983
204	208
204	210
204	235
204	376
204	403
204	448
204	505
204	654
204	752
204	786
204	829
204	841
204	877
204	953
205	264
205	311
205	326
205	346
205	356
205	416
205	655
205	668
205	791
205	812
205	813
205	830
206	216
206	246
206	266
206	349
206	533
206	540
206	599
206	675
206	680
206	823
206	983
207	211
207	340
207	392
207	428
207	442
207	573
207	590
207	705
207	760
207	825
207	846
208	209
208	222
208	234
208	237
208	261
208	274
208	285
208	302
208	343
208	379
208	542
208	634
208	704
208	751
208	895
209	227
209	234
209	237
209	248
209	261
209	308
209	385
209	479
209	533
209	603
209	665
209	751
209	934
209	996
210	215
210	237
210	270
210	400
210	403
210	411
210	504
210	536
210	552
210	564
210	566
210	706
210	737
210	989
211	240
211	447
211	497
211	556
211	590
211	603
211	696
211	730
211	855
211	989
212	246
212	271
212	330
212	415
212	481
212	487
212	645
212	730
212	764
212	787
212	861
213	257
213	298
213	329
213	337
213	416
213	503
213	541
213	723
213	731
213	755
213	990
214	233
214	246
214	309
214	540
214	555
214	600
214	791
214	822
214	867
215	412
215	423
215	436
215	452
215	502
215	518
215	652
215	694
215	728
215	750
215	818
216	392
216	508
216	532
216	557
216	629
216	770
216	789
216	923
216	931
217	400
217	410
217	415
217	432
217	433
217	437
217	454
217	504
217	513
217	607
217	648
217	725
217	824
217	919
217	934
218	251
218	370
218	589
218	651
218	674
218	685
218	691
218	716
218	790
218	968
219	353
219	396
219	428
219	446
219	535
219	587
219	689
219	691
219	836
219	897
219	910
220	307
220	341
220	355
220	398
220	453
220	619
220	670
220	880
220	903
220	913
220	965
220	1000
221	228
221	244
221	268
221	284
221	410
221	421
221	439
221	471
221	512
221	578
221	633
221	757
221	774
221	810
221	838
222	234
222	237
222	261
222	291
222	331
222	336
222	343
222	351
222	437
222	444
222	920
222	941
222	975
223	286
223	333
223	338
223	350
223	358
223	430
223	501
223	603
223	608
223	641
223	689
223	804
224	279
224	291
224	394
224	486
224	593
224	610
224	640
224	826
224	851
224	932
224	954
224	957
225	443
225	485
225	498
225	531
225	666
225	688
225	740
225	814
225	921
225	930
226	317
226	356
226	368
226	471
226	647
226	668
226	707
226	794
226	917
227	281
227	313
227	381
227	576
227	581
227	754
227	874
227	913
227	945
227	960
228	284
228	394
228	399
228	421
228	426
228	433
228	513
228	522
228	562
228	607
228	810
228	834
228	857
228	947
228	959
229	236
229	290
229	303
229	445
229	473
229	489
229	588
229	617
229	641
229	694
229	778
229	843
229	930
230	244
230	371
230	383
230	413
230	426
230	461
230	512
230	525
230	605
230	628
230	919
230	955
230	977
231	436
231	494
231	565
231	698
231	732
231	837
232	239
232	285
232	372
232	428
232	471
232	520
232	604
232	732
232	753
232	822
232	827
233	242
233	247
233	313
233	399
233	402
233	445
233	540
233	638
233	666
233	702
233	861
234	321
234	340
234	342
234	343
234	478
234	479
234	509
234	542
234	941
234	952
235	311
235	359
235	459
235	466
235	520
235	587
235	899
235	937
236	279
236	290
236	293
236	309
236	382
236	574
236	610
236	619
236	663
236	771
236	902
236	932
237	261
237	356
237	404
237	435
237	603
237	817
237	886
237	941
237	975
238	249
238	274
238	306
238	400
238	449
238	464
238	478
238	596
238	767
238	973
239	320
239	345
239	360
239	372
239	428
239	472
239	544
239	604
239	697
239	717
239	885
240	276
240	556
240	590
240	629
240	659
240	672
240	707
240	727
240	760
240	806
240	923
241	255
241	300
241	327
241	419
241	689
241	699
241	755
241	781
241	804
242	330
242	410
242	419
242	527
242	547
242	613
242	669
242	693
242	773
242	791
242	929
243	258
243	314
243	367
243	380
243	553
243	568
243	630
243	677
243	694
243	710
243	756
243	873
244	383
244	421
244	426
244	454
244	461
244	549
244	559
244	607
244	659
244	747
244	857
245	276
245	279
245	312
245	455
245	632
245	719
245	738
245	749
245	813
245	846
245	880
246	299
246	313
246	366
246	374
246	399
246	419
246	547
246	585
246	822
246	825
246	956
246	969
246	977
246	995
247	266
247	272
247	313
247	318
247	349
247	545
247	787
247	893
247	964
247	966
248	261
248	302
248	343
248	350
248	351
248	385
248	434
248	478
248	662
248	856
248	962
249	274
249	295
249	332
249	368
249	408
249	456
249	755
249	833
249	911
249	944
250	284
250	286
250	374
250	424
250	501
250	570
250	598
250	636
250	641
250	785
250	945
250	948
250	962
251	299
251	310
251	436
251	516
251	518
251	766
251	860
251	927
252	533
252	599
252	634
252	764
252	819
252	898
252	946
253	349
253	431
253	531
253	684
253	718
253	742
253	807
254	294
254	414
254	455
254	554
254	567
254	637
254	724
254	728
254	794
254	953
254	979
255	289
255	438
255	449
255	454
255	608
255	636
255	755
255	832
255	909
256	417
256	442
256	446
256	789
256	870
256	897
256	915
256	921
257	267
257	297
257	327
257	364
257	420
257	450
257	612
257	654
257	703
257	781
257	928
258	324
258	344
258	376
258	521
258	611
258	753
258	783
258	796
258	922
258	929
259	320
259	359
259	372
259	466
259	571
259	587
259	899
259	949
259	956
260	272
260	300
260	329
260	513
260	548
260	570
260	595
260	729
260	904
260	905
260	915
261	385
261	489
261	538
261	603
261	751
261	976
262	310
262	314
262	367
262	412
262	451
262	483
262	566
262	698
262	820
262	832
262	882
263	269
263	337
263	338
263	405
263	420
263	533
263	674
263	759
263	850
263	990
264	280
264	332
264	409
264	417
264	425
264	446
264	579
264	643
264	655
264	768
264	813
265	277
265	531
265	543
265	614
265	676
265	985
266	313
266	399
266	419
266	487
266	638
266	838
267	280
267	352
267	357
267	460
267	468
267	503
267	541
267	873
268	371
268	433
268	437
268	559
268	624
268	767
268	774
268	824
268	842
268	857
268	947
269	286
269	368
269	424
269	438
269	480
269	485
269	503
269	511
269	733
269	770
269	777
269	801
269	888
269	946
270	314
270	367
270	369
270	380
270	381
270	507
270	567
270	589
270	652
270	728
270	938
270	944
270	982
271	284
271	339
271	395
271	436
271	496
271	538
271	713
271	766
271	793
271	880
271	968
272	306
272	327
272	413
272	420
272	541
272	570
272	794
272	804
272	848
273	327
273	417
273	444
273	448
273	748
273	799
273	801
273	888
273	909
274	342
274	397
274	398
274	406
274	408
274	495
274	618
274	833
274	911
274	993
275	314
275	347
275	414
275	448
275	483
275	507
275	602
275	649
275	753
275	773
276	282
276	390
276	423
276	442
276	557
276	789
276	855
277	353
277	472
277	597
277	740
277	840
277	961
278	291
278	370
278	381
278	463
278	511
278	561
278	572
278	606
278	611
278	662
278	705
279	328
279	382
279	486
279	583
279	593
279	640
279	708
279	930
280	332
280	356
280	384
280	427
280	639
280	730
280	768
280	782
280	813
280	918
281	453
281	506
281	589
281	591
281	619
281	692
281	701
281	863
281	927
282	338
282	392
282	658
282	678
282	748
282	844
283	298
283	615
283	681
283	706
283	763
283	788
284	504
284	512
284	552
284	562
284	578
284	605
284	855
284	934
285	373
285	404
285	483
285	564
285	569
285	783
285	786
285	908
285	950
286	317
286	352
286	461
286	781
286	858
287	415
287	477
287	488
287	546
287	593
287	622
287	638
287	867
287	872
287	974
288	302
288	321
288	379
288	400
288	411
288	539
288	566
288	704
288	852
288	856
288	975
288	978
289	357
289	405
289	570
289	741
289	748
289	799
289	971
290	378
290	394
290	459
290	551
290	593
290	718
290	720
290	954
290	957
290	958
291	355
291	358
291	381
291	418
291	610
291	698
291	780
292	306
292	348
292	354
292	375
292	406
292	553
292	651
292	911
293	301
293	378
293	414
293	474
293	617
293	621
293	723
293	771
293	779
293	816
293	954
294	367
294	387
294	452
294	554
294	733
294	801
294	820
294	845
295	407
295	408
295	449
295	456
295	492
295	616
295	925
295	939
296	333
296	334
296	514
296	526
296	531
296	580
296	582
296	687
296	790
296	878
297	350
297	357
297	385
297	460
297	729
297	755
297	801
298	316
298	325
298	335
298	528
298	662
298	692
298	698
298	702
299	301
299	316
299	344
299	355
299	463
299	518
299	754
299	780
300	357
300	391
300	422
300	529
300	643
300	794
300	801
300	966
301	429
301	445
301	690
301	743
301	779
301	816
301	843
301	951
302	321
302	434
302	435
302	673
302	941
303	323
303	347
303	500
303	592
303	621
303	772
303	863
303	930
303	942
303	951
303	958
304	331
304	359
304	369
304	426
304	437
304	439
304	445
304	459
304	623
304	644
304	683
304	700
304	811
305	396
305	476
305	483
305	887
305	912
305	980
306	407
306	408
306	409
306	464
306	493
306	612
306	721
306	726
306	911
307	344
307	496
307	528
307	662
307	892
307	927
308	366
308	385
308	434
308	509
308	616
308	649
308	665
308	673
308	959
309	378
309	473
309	486
309	583
309	588
309	680
309	722
309	822
309	851
310	314
310	324
310	346
310	414
310	467
310	501
310	564
310	649
310	792
310	820
310	832
310	953
311	345
311	406
311	446
311	625
311	735
311	899
311	921
311	995
311	997
312	401
312	484
312	573
312	661
312	705
312	798
312	802
312	805
312	846
312	887
313	318
313	487
313	518
313	853
313	946
314	412
314	515
314	637
314	821
314	847
315	380
315	538
315	634
315	651
315	793
315	835
315	874
316	329
316	436
316	591
316	757
316	803
316	821
316	974
317	339
317	344
317	356
317	471
317	476
317	643
317	656
317	800
318	415
318	456
318	638
318	675
318	679
318	861
318	888
318	929
318	964
319	366
319	415
319	499
319	655
319	679
319	715
319	822
319	929
319	969
319	997
320	325
320	369
320	459
320	571
320	771
320	827
320	921
320	923
320	994
321	341
321	351
321	479
321	492
321	524
321	561
321	704
321	818
322	340
322	442
322	484
322	508
322	556
322	562
323	365
323	431
323	531
323	560
323	666
323	744
323	803
323	894
324	452
324	536
324	553
324	649
324	764
324	892
324	910
324	961
325	341
325	343
325	373
325	436
325	793
325	835
326	356
326	441
326	690
326	906
327	338
327	350
327	438
327	741
327	827
328	429
328	477
328	675
328	739
328	745
328	764
328	791
329	492
329	777
329	898
329	986
329	990
330	377
330	516
330	531
330	638
330	645
330	647
331	353
331	544
331	582
331	604
331	606
331	644
331	761
331	910
331	937
331	994
332	384
332	386
332	395
332	427
332	554
332	819
333	350
333	363
333	422
333	547
333	703
333	723
333	770
333	984
334	411
334	438
334	495
334	684
334	795
334	868
334	992
335	341
335	370
335	388
335	404
335	482
335	496
335	600
335	859
335	987
336	351
336	408
336	434
336	435
336	603
336	665
336	856
336	952
336	991
336	996
337	352
337	424
337	462
337	492
337	529
337	786
337	848
337	866
337	967
338	413
338	420
338	608
338	701
338	712
338	731
338	755
339	373
339	422
339	506
339	510
339	563
339	651
339	717
340	423
340	470
340	632
340	798
340	838
340	890
341	494
341	757
342	448
342	464
342	650
342	671
342	767
342	812
342	875
342	925
342	973
343	374
343	435
343	489
343	509
343	542
343	920
343	978
344	442
344	506
344	518
344	717
344	766
344	998
345	446
345	525
345	530
345	683
345	747
345	896
345	937
346	364
346	510
346	609
346	711
346	780
346	821
346	839
346	881
346	983
347	537
347	690
347	720
347	930
347	951
348	375
348	407
348	458
348	464
348	575
348	591
348	630
348	911
348	925
348	973
349	628
349	638
349	688
349	734
349	775
349	842
349	854
350	363
350	430
350	475
350	709
350	710
350	759
350	806
351	360
351	379
351	423
351	489
351	895
351	920
351	959
352	459
352	492
352	529
352	632
352	748
353	361
353	417
353	525
353	900
353	901
353	943
353	970
353	997
354	372
354	406
354	456
354	457
354	580
354	671
354	823
354	944
355	598
355	698
355	754
355	927
356	562
356	667
356	912
357	405
357	550
357	869
358	381
358	632
358	695
358	717
358	749
359	372
359	488
359	503
359	600
359	604
359	625
359	747
359	902
359	992
360	439
360	594
360	896
360	917
360	997
361	369
361	391
361	417
361	544
361	582
361	615
361	715
361	732
361	818
361	827
362	363
362	384
362	476
362	668
362	701
362	800
362	805
362	883
362	980
363	550
363	729
363	759
363	794
363	799
363	802
363	971
363	998
364	381
364	482
364	496
364	538
364	606
365	435
365	469
365	563
365	657
365	744
365	814
365	840
365	981
366	402
366	645
366	776
366	924
366	969
367	405
367	564
367	756
367	785
367	938
368	405
368	462
368	492
368	703
368	762
368	966
369	417
369	521
369	697
369	851
369	910
369	917
369	929
370	510
370	518
370	704
370	824
370	987
371	522
371	523
371	534
371	552
371	562
371	584
371	605
371	648
371	934
372	525
372	594
372	834
372	910
373	576
373	746
373	803
373	889
374	475
374	501
374	636
374	703
374	712
374	723
374	858
375	380
375	618
375	661
375	823
376	401
376	452
376	515
376	611
376	714
376	792
376	908
377	465
377	599
377	600
377	702
377	711
377	828
377	842
378	418
378	429
378	661
378	772
378	932
379	385
379	415
379	459
379	704
379	817
379	883
380	411
380	567
380	652
380	809
380	953
381	388
381	482
381	713
381	716
381	849
382	394
382	473
382	486
382	601
382	708
382	778
383	426
383	437
383	461
383	513
383	607
383	609
383	628
383	682
384	386
384	395
384	577
384	784
384	812
384	876
385	435
385	478
385	886
385	959
386	643
386	664
386	668
386	762
386	907
387	508
387	569
387	577
387	592
387	635
387	637
387	786
387	884
388	499
388	506
388	682
388	786
389	493
389	507
389	554
389	627
389	796
389	877
390	543
390	560
390	706
390	781
390	999
391	422
391	444
391	654
391	703
391	731
391	797
392	490
392	592
392	653
392	738
392	931
393	427
393	452
393	579
393	656
393	883
394	473
394	583
394	629
394	957
395	409
395	441
395	476
395	712
395	782
395	850
395	918
396	439
396	494
396	525
396	530
396	535
396	587
396	683
396	836
396	963
397	458
397	483
397	527
397	575
397	776
397	823
398	408
398	758
398	823
398	875
398	993
399	477
399	507
399	516
399	545
399	546
399	764
400	433
400	461
400	534
400	561
400	584
400	628
400	648
401	470
401	626
401	705
401	770
401	789
401	798
401	923
402	433
402	455
402	599
402	762
402	853
402	926
403	507
403	566
403	590
403	592
403	853
403	900
403	982
404	494
404	495
404	528
404	553
404	572
404	889
404	983
405	450
405	770
405	866
405	945
406	440
406	596
406	958
407	616
407	624
407	973
408	445
408	865
408	993
409	800
409	820
409	912
409	918
410	432
410	433
410	522
410	550
410	571
410	811
410	887
411	414
411	567
411	592
411	841
411	922
412	536
412	574
412	618
412	808
412	820
413	420
413	430
413	438
413	468
413	503
413	858
413	998
414	564
414	820
414	884
414	928
415	640
415	739
415	861
416	699
416	707
416	782
416	800
416	954
416	980
417	466
417	519
417	594
417	625
417	949
417	995
418	480
418	517
418	586
418	593
418	690
419	516
419	546
419	734
420	550
420	689
420	758
420	799
421	461
421	549
421	552
421	559
421	584
421	675
421	919
422	511
422	598
422	948
423	653
423	658
423	807
423	825
423	844
424	492
424	560
424	595
424	723
424	802
424	966
425	427
425	528
425	561
425	639
425	782
425	907
425	972
426	433
426	522
426	810
426	934
427	519
427	794
427	813
427	871
428	579
428	601
428	629
428	859
428	896
429	517
429	708
429	811
429	940
430	511
430	674
430	741
430	990
431	491
431	559
431	614
431	674
431	687
431	814
432	513
432	552
432	558
432	628
432	774
432	834
432	847
433	520
433	584
433	605
433	947
434	665
434	920
434	941
435	665
435	846
435	976
435	978
435	991
436	463
436	606
436	766
437	454
437	513
437	887
438	444
438	475
438	595
438	664
438	748
439	538
439	691
439	860
439	921
440	449
440	575
440	596
440	776
440	947
441	643
441	655
441	747
441	790
441	918
441	972
442	447
442	508
442	532
442	557
442	692
443	472
443	491
443	498
443	522
443	531
443	580
443	684
443	740
443	769
443	807
444	462
444	723
444	729
444	797
444	806
444	917
445	583
445	588
445	816
445	843
446	604
446	741
446	953
447	455
447	557
447	653
447	730
447	797
447	871
447	923
448	502
448	577
448	602
448	724
448	922
449	575
449	661
449	903
450	462
450	654
450	729
450	801
450	990
451	502
451	566
451	567
451	627
451	783
451	855
451	950
452	569
452	652
452	935
453	523
453	563
453	653
453	948
454	512
454	549
454	578
454	613
454	648
455	573
455	642
455	653
455	738
455	760
455	820
456	528
456	903
456	925
457	624
457	661
457	671
457	721
457	931
457	991
458	660
458	725
458	902
459	587
459	761
460	462
460	501
460	653
460	802
460	966
461	514
461	549
461	774
461	857
461	947
461	955
462	612
462	723
462	727
463	506
463	662
463	804
463	991
464	650
464	671
464	944
464	976
465	557
465	696
465	765
465	855
465	891
466	488
466	772
466	963
466	973
467	808
467	829
467	982
467	989
468	589
468	733
468	744
468	794
469	495
469	560
469	614
469	718
469	738
470	557
470	595
470	629
470	659
470	729
470	845
470	846
471	668
471	784
472	666
472	687
472	775
472	868
473	537
473	594
473	621
473	772
473	779
473	816
473	944
474	485
474	488
474	597
474	684
474	740
474	840
475	570
475	598
475	797
475	806
475	821
475	988
476	529
476	707
476	906
476	972
477	527
477	573
477	854
477	924
478	479
478	895
478	991
479	719
479	780
479	920
479	996
480	517
480	529
480	617
480	677
480	779
480	788
481	702
481	734
481	764
481	813
481	879
482	509
482	698
482	960
483	592
483	877
484	497
484	573
484	613
484	760
484	789
485	505
485	718
485	871
485	899
486	586
486	795
486	882
486	930
487	622
487	688
487	828
487	907
488	691
488	732
488	896
488	917
488	970
489	509
489	539
489	603
489	817
489	971
490	544
490	809
490	848
490	901
490	926
490	997
491	495
491	660
491	842
491	981
492	520
492	570
492	736
493	637
493	737
493	950
494	576
494	754
494	763
494	793
494	881
494	1000
495	531
495	543
495	666
496	523
496	528
496	563
496	763
496	775
497	555
497	659
497	678
497	719
497	923
498	687
498	740
498	999
499	680
499	879
499	904
499	924
499	964
500	517
500	537
500	667
500	720
500	957
501	940
501	971
502	577
502	664
502	714
502	750
502	841
502	878
502	953
503	511
503	659
503	689
503	971
504	549
504	559
504	728
504	774
504	810
505	574
505	577
505	631
505	752
505	792
506	572
506	596
506	651
506	758
506	982
507	630
507	642
507	849
507	932
508	556
508	613
508	831
509	539
509	863
510	589
510	711
510	860
510	876
510	986
511	658
511	674
511	733
511	801
512	513
512	534
512	559
512	834
512	890
513	534
513	628
513	875
513	947
514	521
514	657
514	744
515	724
515	928
515	968
516	861
517	640
517	720
517	725
517	948
517	951
518	565
518	615
519	770
519	839
519	870
519	897
520	525
520	535
520	697
521	536
521	672
521	714
522	578
522	887
522	919
522	932
523	591
523	641
524	542
524	608
524	684
524	976
524	996
525	766
525	915
525	970
526	807
526	882
526	885
526	961
527	533
527	547
527	622
527	645
528	589
528	695
528	860
528	907
529	697
529	858
530	601
530	623
530	732
530	857
530	901
530	963
531	611
531	797
532	609
532	658
532	659
532	705
532	798
532	805
532	852
533	623
533	854
533	916
534	559
534	811
534	847
535	571
535	582
535	859
535	975
536	569
536	792
536	900
536	928
537	640
537	663
537	677
538	572
538	708
538	974
539	721
539	895
539	964
539	976
540	964
541	636
541	869
541	967
542	561
542	920
542	976
542	991
543	729
543	740
543	795
543	894
544	594
544	915
545	546
545	745
545	872
545	879
546	555
546	615
546	680
546	854
547	688
547	739
547	815
548	620
548	689
548	777
548	797
548	866
548	909
548	999
549	633
549	759
549	810
550	570
550	948
551	582
551	593
551	714
551	774
551	958
552	578
552	607
552	725
552	783
553	568
553	571
553	728
553	796
553	818
554	602
554	694
554	884
554	900
555	773
555	828
555	914
555	956
556	703
557	626
557	849
558	584
558	633
558	681
558	725
558	810
558	955
558	963
559	936
559	955
560	657
560	861
560	961
560	981
561	665
561	673
561	886
562	605
562	834
562	847
562	934
563	849
564	809
564	877
565	591
565	695
565	780
566	845
566	864
567	631
567	643
567	753
567	792
567	845
568	611
568	664
568	728
569	574
569	682
569	809
569	979
570	616
570	967
570	998
571	763
572	780
572	913
572	965
574	694
575	622
575	660
575	671
575	722
576	698
576	717
576	761
576	825
576	965
576	986
577	592
577	864
577	982
578	628
578	633
579	592
579	819
579	883
579	985
580	676
580	691
580	769
580	775
581	662
581	670
581	682
581	711
581	927
582	836
582	949
583	851
583	932
584	725
584	869
585	792
585	879
585	916
585	929
586	771
586	930
587	735
587	949
588	617
588	779
589	717
589	849
590	696
590	765
590	852
591	686
591	777
592	953
593	610
593	778
593	951
594	881
594	937
595	703
595	741
595	844
595	848
596	624
596	650
596	865
597	718
597	744
598	785
598	848
598	966
599	604
599	680
599	688
599	916
600	657
600	693
600	916
600	946
601	851
601	896
601	926
602	611
602	756
602	891
602	927
602	950
603	874
603	952
604	683
604	728
604	832
604	910
604	949
605	947
606	828
606	834
606	984
607	648
607	676
607	725
607	811
607	831
608	654
608	667
608	677
608	837
608	909
609	717
609	860
609	984
610	732
610	816
610	939
611	630
611	649
611	792
611	839
611	864
612	848
612	945
613	629
613	696
613	727
613	738
614	668
614	742
614	885
615	757
616	784
616	833
616	875
617	665
618	624
618	704
618	721
619	634
619	860
619	863
620	705
620	831
620	936
621	772
621	778
621	940
622	791
622	893
622	964
623	802
623	917
623	926
623	995
624	758
624	908
625	833
626	632
626	678
626	685
626	884
627	631
627	773
627	826
628	924
628	955
629	727
630	922
630	979
630	982
631	714
631	809
633	857
634	716
634	881
635	701
635	768
635	800
635	819
635	918
636	641
636	667
636	729
637	756
637	808
637	829
637	938
638	813
638	822
638	842
638	843
638	964
639	883
639	906
640	771
640	826
640	841
640	882
641	682
641	731
641	850
642	753
642	796
642	818
642	900
642	928
642	982
643	655
644	735
644	933
644	939
645	853
646	769
646	868
646	885
647	701
647	712
647	782
647	883
648	811
648	934
650	865
650	911
650	942
650	988
651	726
651	766
652	796
652	830
652	845
654	710
654	781
654	962
655	668
655	715
655	758
656	905
656	980
657	876
657	919
658	805
659	686
659	730
660	679
660	721
660	767
663	722
663	942
664	694
664	756
664	839
667	736
667	888
667	909
669	969
670	880
670	913
671	767
671	776
671	833
671	862
672	808
672	818
673	941
673	975
673	996
674	733
674	962
675	696
675	764
675	914
676	684
676	740
676	744
676	951
677	690
677	936
678	766
678	798
678	923
679	739
679	799
679	867
680	696
681	873
681	911
682	716
682	803
684	764
684	795
685	734
685	738
685	765
685	890
686	695
686	863
686	913
686	960
686	983
686	987
687	751
687	871
688	734
688	837
690	772
690	779
691	715
691	870
691	970
692	880
693	746
693	822
693	842
693	916
695	713
695	840
695	968
695	974
696	931
697	715
697	917
697	933
698	711
699	904
700	735
700	827
700	970
701	985
702	757
702	853
704	975
705	797
706	808
706	829
706	928
707	771
707	784
707	906
707	943
708	816
708	820
708	951
709	749
709	808
709	852
710	736
710	779
710	784
711	912
711	953
713	780
714	804
715	827
715	949
715	963
716	757
716	803
717	873
718	759
718	894
719	749
719	923
720	771
720	942
721	776
722	771
722	882
723	850
724	752
724	866
726	823
727	760
730	855
730	893
732	899
733	772
733	799
733	922
734	838
735	836
735	859
735	910
737	935
737	989
738	854
741	888
743	843
743	956
745	810
745	929
746	822
746	977
747	870
747	897
747	901
748	755
748	891
748	904
749	805
750	786
750	841
751	941
752	808
752	839
752	908
753	864
754	790
754	803
754	889
754	981
756	979
757	821
757	837
757	990
758	862
759	795
761	915
762	815
763	790
763	913
766	986
767	776
767	816
768	812
768	883
769	878
769	894
769	992
770	802
771	772
773	879
773	883
774	887
775	870
775	871
777	781
777	999
778	781
778	816
778	957
779	826
779	940
779	950
780	928
780	965
781	864
782	926
782	943
783	839
783	884
783	922
783	950
784	813
787	811
787	848
788	954
789	796
790	793
793	803
795	808
795	876
796	1000
799	806
799	898
802	945
804	858
804	869
806	967
808	892
809	864
810	834
810	930
810	934
810	955
811	955
812	985
814	961
814	980
815	893
815	916
817	856
817	886
819	912
820	979
821	863
822	964
823	875
825	890
827	835
828	853
830	844
832	908
833	939
835	880
836	860
837	874
838	879
838	969
841	891
844	852
844	936
845	950
846	852
846	989
847	919
849	974
851	932
851	942
854	898
855	936
856	880
856	975
856	978
857	887
858	989
859	1000
860	987
860	1000
862	865
864	877
866	971
867	872
869	966
870	919
870	994
871	878
875	973
875	993
877	922
878	895
881	905
881	984
882	942
884	982
889	913
889	983
889	998
891	892
895	959
896	899
896	933
896	986
897	963
898	946
900	928
901	915
902	925
902	988
907	918
910	952
912	980
914	929
915	994
916	993
921	967
925	933
932	951
938	988
940	954
940	958
941	991
949	955
950	979
952	991
956	969
957	958
958	985
978	996
