1	3
1	9
1	40
1	43
1	52
1	58
1	68
1	81
1	85
1	100
1	101
1	118
1	120
1	131
1	138
1	145
1	159
1	197
1	201
1	202
1	207
1	211
1	216
1	245
1	276
1	282
1	298
1	312
1	322
1	340
1	401
1	421
1	423
1	442
1	447
1	455
1	465
1	470
1	484
1	497
1	508
1	532
1	557
1	573
1	582
1	590
1	613
1	626
1	629
1	653
1	658
1	659
1	678
1	685
1	696
1	705
1	708
1	709
1	719
1	720
1	727
1	730
1	738
1	749
1	760
1	765
1	789
1	798
1	805
1	814
1	815
1	830
1	831
1	844
1	846
1	852
1	853
1	855
1	856
1	879
1	890
1	923
1	931
1	936
1	951
2	11
2	15
2	17
2	21
2	22
2	26
2	54
2	69
2	75
2	90
2	91
2	116
2	119
2	141
2	161
2	165
2	178
2	184
2	190
2	196
2	219
2	232
2	235
2	239
2	256
2	258
2	259
2	304
2	320
2	331
2	332
2	353
2	357
2	359
2	361
2	369
2	372
2	396
2	417
2	428
2	439
2	459
2	466
2	490
2	519
2	520
2	535
2	565
2	571
582	2
2	587
2	601
2	604
2	623
2	625
2	644
2	683
2	691
2	697
2	715
2	732
2	735
2	761
2	803
805	2
2	827
2	836
2	859
2	870
2	899
2	901
2	904
2	917
2	921
2	926
2	933
2	969
2	970
2	994
2	995
3	8
3	40
3	45
3	58
3	68
3	80
3	85
3	100
3	112
3	120
3	131
3	138
3	147
3	159
3	197
3	198
3	201
3	202
3	207
3	211
3	216
3	240
3	245
3	261
3	276
3	282
3	312
3	322
3	352
3	401
3	423
3	447
3	455
3	465
3	470
3	484
3	487
3	488
3	497
3	505
3	556
3	557
3	573
3	590
3	613
3	620
3	626
3	632
3	648
3	653
3	658
3	678
3	685
3	690
3	705
3	709
3	727
3	730
3	736
3	738
3	760
3	765
3	789
3	805
3	825
3	830
3	831
3	844
3	846
3	855
3	890
3	914
3	931
3	936
4	5
4	6
4	18
4	20
4	23
4	31
4	42
43	4
45	4
4	66
4	76
4	88
4	95
4	107
4	109
112	4
4	114
4	126
4	135
4	136
4	139
4	142
4	143
4	151
160	4
4	163
4	166
4	177
4	181
4	218
4	231
4	281
4	291
298	4
4	316
4	335
4	355
4	364
4	370
4	404
4	494
4	506
4	510
4	516
4	518
4	528
4	538
4	545
4	559
565	4
4	572
4	591
4	606
4	651
4	662
4	681
4	682
4	689
4	692
4	695
4	702
4	711
4	713
4	716
738	4
4	754
4	763
4	817
4	863
4	873
4	874
4	913
4	920
4	946
9	5
5	13
5	16
5	19
5	32
5	34
5	41
5	46
54	5
5	61
5	77
5	78
80	5
5	84
5	106
116	5
5	129
5	130
5	133
5	152
5	156
5	167
5	179
5	189
5	193
196	5
5	233
5	250
258	5
5	260
5	263
5	272
5	273
5	289
322	5
5	327
5	329
5	333
5	338
5	363
5	413
5	420
5	430
5	462
5	468
5	498
5	503
5	529
5	541
5	548
5	608
5	641
5	654
683	5
685	5
5	689
5	699
5	710
736	5
5	739
5	748
5	785
5	799
5	806
5	848
5	850
5	948
5	962
5	967
6	10
6	18
6	20
6	27
6	28
6	42
6	47
58	6
6	66
90	6
6	95
6	96
6	109
6	111
112	6
6	135
6	136
6	139
6	143
6	156
6	172
6	200
6	218
6	220
6	271
276	6
6	278
6	283
6	307
331	6
6	335
6	346
6	358
6	373
6	374
6	388
6	436
6	453
6	463
6	482
6	494
6	518
6	523
6	538
6	563
6	569
6	581
6	615
6	621
6	634
6	692
6	821
6	837
6	874
6	881
6	889
6	905
6	960
6	965
6	974
6	986
6	987
6	1000
9	7
7	36
7	37
7	51
52	7
7	55
7	56
7	67
7	97
7	132
141	7
147	7
151	7
7	164
7	168
7	175
7	183
7	187
7	195
198	7
7	205
7	226
7	264
7	280
7	305
7	317
7	326
7	356
7	362
7	368
7	384
7	386
7	393
7	395
7	409
7	416
7	425
7	427
7	441
7	461
7	472
7	476
7	496
7	525
7	639
7	647
7	656
7	668
7	701
7	707
7	768
7	784
7	800
7	813
7	906
7	907
7	912
960	7
7	972
7	980
7	983
7	985
8	13
15	8
22	8
8	28
8	29
8	41
8	50
8	72
8	82
8	83
8	88
101	8
8	112
8	153
8	173
8	180
184	8
8	185
8	199
8	210
8	214
8	243
258	8
8	262
8	270
8	273
8	292
8	294
8	389
8	403
8	412
8	448
8	452
8	456
8	467
8	493
8	536
8	553
8	566
8	574
8	577
8	650
8	652
8	672
8	706
8	714
8	724
8	737
8	750
8	753
8	777
8	783
8	809
8	820
8	832
8	845
8	864
8	891
8	935
8	938
8	982
8	989
9	16
9	30
9	34
9	35
9	46
9	54
9	61
9	63
9	67
9	77
9	78
9	80
9	106
9	107
9	116
9	129
9	130
9	152
9	181
9	193
9	241
9	250
9	260
9	269
9	286
9	329
9	333
9	337
9	352
9	357
9	368
9	376
9	405
9	411
9	424
9	438
9	444
9	454
9	462
9	503
9	541
9	612
9	626
9	674
9	712
9	723
9	734
9	755
9	759
9	777
9	797
9	850
9	869
9	897
9	901
9	904
9	948
9	962
9	992
10	14
10	25
32	10
10	33
10	38
10	44
10	60
10	63
66	10
10	74
75	10
95	10
10	96
10	103
10	105
107	10
10	122
10	137
163	10
10	206
10	212
218	10
10	247
10	252
10	266
10	287
10	302
10	319
10	328
364	10
10	366
10	377
10	402
10	419
10	477
487	10
10	499
516	10
518	10
545	10
10	605
620	10
10	622
10	637
10	645
10	669
10	679
10	734
739	10
10	745
10	746
10	762
10	787
10	854
10	893
10	916
11	12
11	13
11	17
11	20
11	21
11	69
11	75
11	90
11	93
11	161
11	165
11	178
11	184
11	219
11	232
11	256
11	259
11	304
11	360
11	369
11	372
11	414
11	422
11	439
11	446
11	452
11	459
11	466
11	471
11	490
11	520
11	530
11	535
11	566
11	594
11	623
11	697
11	700
11	716
11	731
11	732
11	747
11	827
11	859
11	897
11	901
11	921
11	933
11	937
11	963
11	966
11	994
11	997
30	12
41	12
55	12
12	62
12	73
12	98
12	102
12	108
111	12
12	113
12	117
12	121
12	157
160	12
12	169
12	174
12	238
12	249
12	265
12	274
292	12
12	295
12	306
12	314
326	12
12	342
12	348
12	354
12	375
12	397
12	407
12	408
12	440
12	449
456	12
12	457
12	458
12	464
12	552
12	596
12	618
12	624
650	12
12	660
12	661
726	12
12	758
765	12
12	767
12	804
12	833
12	865
893	12
12	902
12	903
12	939
12	944
12	988
12	993
15	13
22	13
23	13
13	25
13	27
13	28
13	72
13	82
13	83
13	89
119	13
13	173
177	13
13	180
13	191
13	192
13	199
13	204
13	210
13	262
13	270
13	297
13	303
13	314
13	376
13	414
13	451
13	452
13	476
13	483
13	507
13	521
13	568
13	630
13	649
13	652
13	673
13	694
13	714
13	724
13	728
13	740
13	750
13	756
13	786
13	839
13	922
13	928
13	935
14	25
26	14
32	14
14	33
14	38
14	44
14	60
63	14
14	74
75	14
14	79
96	14
14	103
14	104
14	105
119	14
14	122
14	125
14	137
14	157
14	212
233	14
14	242
14	252
14	313
14	319
14	330
14	366
14	402
14	415
14	469
14	477
14	481
487	14
14	499
14	527
14	533
14	555
639	14
645	14
653	14
14	669
700	14
14	746
14	764
14	773
14	778
14	838
14	872
946	14
14	956
962	14
14	977
14	990
15	22
15	28
15	29
15	50
15	82
15	83
15	89
15	95
15	173
15	180
15	183
15	215
15	230
15	249
15	254
15	258
15	275
15	294
15	324
15	367
15	403
15	411
15	414
15	443
15	467
15	493
15	505
15	507
15	515
15	521
15	554
15	564
15	569
15	574
15	580
15	584
15	592
15	597
15	640
15	649
15	664
15	783
15	796
15	818
15	820
15	839
15	889
15	892
15	928
15	935
34	16
16	46
54	16
16	60
16	61
16	77
80	16
16	82
16	152
16	156
181	16
16	189
16	193
196	16
207	16
16	212
16	213
16	223
16	255
16	274
16	289
16	297
16	300
16	327
352	16
357	16
16	363
16	368
16	430
16	444
16	450
16	460
16	468
16	475
16	501
16	550
16	579
16	612
16	641
16	699
16	710
719	16
16	733
16	743
16	770
16	799
16	886
904	16
16	909
16	916
16	945
16	990
17	21
17	69
17	75
17	90
17	93
17	137
17	165
17	184
17	190
17	219
17	232
17	235
17	239
17	254
17	256
17	257
17	259
276	17
17	304
17	311
17	319
17	320
17	331
345	17
17	353
17	360
17	372
17	439
17	446
17	453
17	459
17	466
17	541
17	558
17	587
17	601
17	683
17	735
17	747
17	750
17	816
17	836
17	859
17	899
17	915
17	926
17	957
18	27
18	31
18	42
43	18
45	18
58	18
18	66
18	95
18	111
18	113
18	115
18	136
18	148
160	18
18	177
18	200
18	203
18	218
18	227
18	278
18	315
18	325
18	328
18	339
18	364
18	388
18	538
613	18
18	615
18	619
18	634
18	692
18	716
18	740
18	757
18	782
18	793
803	18
18	823
18	835
18	837
18	849
870	18
18	873
18	913
18	937
18	957
18	968
18	974
21	19
19	39
19	48
19	49
19	56
19	64
65	19
66	19
68	19
81	19
19	86
19	92
19	98
19	117
19	140
145	19
19	148
19	149
198	19
19	253
19	263
19	277
19	323
19	334
19	365
19	390
19	420
19	431
19	436
19	469
19	474
19	485
19	514
19	526
19	540
19	560
19	580
19	597
19	614
19	666
19	744
19	775
19	795
19	871
19	878
19	884
19	981
20	27
20	31
20	42
43	20
20	66
20	88
20	95
112	20
20	114
20	115
20	144
145	20
20	151
160	20
161	20
20	194
20	218
20	220
20	223
20	231
20	283
20	291
20	299
312	20
20	316
20	341
20	346
20	355
20	370
20	463
20	482
20	496
20	502
20	523
20	576
20	599
20	634
20	660
803	20
20	905
20	906
20	965
20	974
20	987
20	1000
21	59
21	60
21	69
21	90
21	119
21	161
21	190
21	205
21	219
21	222
21	232
21	235
21	239
21	251
21	256
21	259
21	304
21	311
21	320
345	21
21	359
21	361
21	372
21	417
21	426
21	428
21	446
21	459
21	462
21	488
21	520
21	525
21	530
21	601
21	621
21	623
21	625
21	715
21	747
798	21
21	836
21	870
21	897
21	926
21	994
22	23
22	28
22	50
22	72
22	82
22	83
22	84
22	87
22	89
22	134
22	180
22	204
22	235
22	258
22	275
22	279
22	285
22	294
22	324
22	387
22	389
22	411
470	22
22	493
22	553
22	564
22	566
22	568
22	627
22	630
22	637
22	645
22	672
22	698
22	737
22	750
22	753
22	809
22	819
22	839
22	845
22	891
22	909
22	922
22	938
23	27
23	29
23	50
23	72
75	23
23	87
23	89
23	162
23	204
23	210
23	215
23	263
23	285
23	286
23	324
23	377
23	380
23	389
23	403
23	412
23	418
23	493
23	502
23	510
23	521
23	569
23	592
23	631
23	664
23	672
23	753
23	756
23	786
23	832
23	877
23	891
23	892
23	953
23	982
23	989
24	48
24	49
24	53
56	24
24	64
65	24
84	24
24	86
98	24
107	24
115	24
24	123
133	24
24	140
145	24
148	24
24	149
175	24
197	24
24	225
265	24
24	277
24	296
24	334
24	347
24	431
469	24
484	24
24	491
24	526
24	543
24	560
580	24
597	24
24	614
24	657
24	663
742	24
24	769
24	775
24	790
24	795
24	807
814	24
24	840
24	894
992	24
24	999
32	25
25	33
25	38
25	44
25	74
96	25
25	103
25	105
107	25
25	137
163	25
189	25
25	192
25	206
25	212
25	266
25	319
25	328
25	349
25	366
25	390
25	407
25	419
25	477
25	527
25	546
25	547
25	597
25	622
25	646
25	680
702	25
25	745
25	746
25	762
25	787
25	791
25	801
25	828
25	872
881	25
25	893
25	924
26	31
26	33
26	98
26	110
26	128
145	26
26	146
26	165
26	173
26	186
26	189
26	222
26	226
26	237
26	248
26	261
26	288
26	302
26	308
26	321
26	435
26	478
26	479
26	489
26	524
26	603
26	673
26	704
26	751
856	26
26	895
26	933
26	959
26	975
26	976
26	978
42	27
43	27
45	27
27	64
66	27
76	27
27	94
95	27
112	27
135	27
142	27
166	27
27	203
27	220
27	227
231	27
27	271
27	283
298	27
27	307
27	311
27	341
27	346
27	373
27	523
528	27
27	563
27	607
27	669
681	27
27	698
27	766
799	27
27	889
27	935
948	27
27	983
27	987
27	998
27	1000
29	28
28	39
41	28
28	50
28	72
28	83
28	87
28	89
90	28
101	28
109	28
28	199
28	204
28	243
28	270
28	275
28	285
28	294
322	28
28	389
28	467
28	483
505	28
28	515
516	28
28	521
28	553
28	554
28	566
28	577
28	627
28	706
28	714
28	717
749	28
28	786
28	796
28	818
28	832
28	845
28	884
28	892
28	908
28	989
29	49
29	50
29	61
29	72
29	82
29	83
29	89
93	29
101	29
29	132
29	173
29	180
29	192
29	199
29	204
29	243
29	254
29	275
29	418
29	448
29	469
29	568
29	591
29	593
29	631
29	649
29	672
29	706
29	724
29	737
29	786
29	808
29	818
29	826
29	829
29	832
29	847
29	891
29	935
41	30
30	62
30	73
30	108
30	111
30	117
30	121
30	169
30	238
240	30
30	249
30	292
30	295
30	306
327	30
30	342
30	354
30	397
30	398
30	407
30	408
30	440
30	449
30	457
30	458
30	575
30	616
30	650
30	660
30	661
30	673
30	758
30	768
30	769
30	771
30	776
30	875
30	894
30	902
30	903
30	939
31	42
43	31
45	31
31	47
31	66
31	88
31	114
31	115
31	135
31	139
160	31
31	162
31	166
31	200
31	242
31	243
31	251
31	278
31	283
31	315
31	339
31	346
31	381
31	403
31	404
31	436
31	453
31	496
31	523
31	589
31	591
31	666
31	670
31	682
31	693
31	699
31	711
31	763
31	835
31	938
31	960
31	965
32	38
32	39
32	48
32	63
32	79
32	96
32	103
32	104
32	105
32	125
32	187
32	206
32	214
32	233
32	266
32	287
32	349
32	481
516	32
32	533
545	32
32	669
735	32
32	745
32	746
32	842
32	861
32	867
32	872
32	893
32	898
914	32
946	32
32	954
32	977
32	979
33	38
33	44
63	33
33	74
77	33
33	79
33	104
33	125
33	206
214	33
233	33
33	242
33	287
33	323
33	330
33	349
33	402
33	483
33	499
33	527
33	540
572	33
33	585
33	622
33	638
33	693
739	33
33	762
33	787
33	807
33	842
852	33
33	861
33	867
879	33
33	977
992	33
34	46
54	34
34	77
34	78
80	34
34	105
34	114
116	34
34	129
34	156
34	181
34	182
216	34
34	255
34	267
34	269
34	302
34	314
34	329
34	356
34	405
34	430
34	438
34	468
34	492
34	511
34	548
34	550
34	598
34	615
34	641
34	703
34	710
34	731
34	733
34	755
34	759
34	781
34	787
34	804
34	888
34	945
36	35
35	39
35	57
91	35
35	124
35	127
35	170
35	171
35	176
196	35
35	224
35	255
35	279
35	301
35	309
336	35
35	347
35	394
35	398
417	35
35	418
35	429
35	432
35	500
535	35
35	551
35	586
35	588
35	617
35	640
35	663
35	667
35	677
35	722
35	788
35	826
35	877
35	882
35	930
35	932
35	957
36	39
36	57
36	59
91	36
36	124
36	158
36	170
36	171
36	194
36	208
211	36
36	224
250	36
36	301
36	309
332	36
36	347
36	378
36	382
36	418
36	480
535	36
36	551
36	583
36	585
36	593
36	617
621	36
36	663
36	677
690	36
708	36
720	36
36	743
36	767
36	826
36	942
951	36
36	954
37	51
52	37
37	55
80	37
37	97
37	123
37	132
37	137
141	37
147	37
37	164
37	183
37	185
37	205
211	37
37	226
37	280
37	295
37	305
329	37
37	356
37	362
37	386
37	393
37	425
37	427
37	460
37	471
37	655
37	701
37	743
37	782
37	784
37	800
37	812
37	819
37	896
37	907
37	943
37	972
38	44
38	60
63	38
38	74
38	103
130	38
163	38
185	38
214	38
233	38
38	246
38	252
38	275
38	287
38	313
38	328
38	349
38	377
38	419
38	486
38	489
38	533
38	540
590	38
38	600
38	679
38	745
38	773
815	38
38	828
38	842
38	858
969	38
38	977
39	57
39	110
39	158
39	162
39	171
39	224
39	279
39	290
39	293
39	301
39	309
39	399
39	418
39	445
39	473
39	500
39	537
39	551
39	583
39	586
39	588
39	617
633	39
39	663
39	704
708	39
39	772
39	788
39	826
831	39
899	39
922	39
39	930
40	58
40	59
40	68
40	85
40	100
40	118
40	120
40	138
40	159
40	197
40	202
40	216
40	240
40	282
40	283
40	312
40	320
40	340
40	392
40	401
40	407
40	413
40	442
40	455
40	465
40	497
40	504
40	573
40	613
40	629
40	632
40	653
40	697
40	709
40	727
40	760
40	825
40	852
40	924
41	62
41	73
41	79
41	108
41	113
41	117
41	121
41	169
201	41
41	238
41	249
41	253
41	292
41	295
41	347
41	348
41	375
41	397
41	398
41	406
41	407
41	440
41	456
41	457
41	498
41	575
41	618
41	650
41	661
726	41
41	758
41	823
41	862
41	902
41	911
41	944
43	42
42	66
75	42
42	76
42	77
42	88
42	109
42	142
42	146
42	151
161	42
42	172
42	231
42	281
42	291
42	292
42	307
42	358
42	388
42	453
42	463
42	518
42	523
42	563
42	581
601	42
42	670
42	681
42	809
42	863
42	874
42	968
42	986
43	66
43	88
43	97
43	135
43	143
43	172
43	220
43	224
43	227
43	231
43	278
43	281
43	283
43	307
43	316
43	341
43	346
43	364
43	370
43	373
43	412
43	482
43	588
43	634
43	670
43	763
43	874
43	909
43	984
47	44
63	44
76	44
44	79
44	103
44	104
44	122
128	44
44	162
44	206
44	212
214	44
233	44
44	242
44	246
355	44
370	44
44	402
44	415
44	477
516	44
44	533
545	44
734	44
44	762
44	791
44	828
44	838
44	877
44	898
44	975
44	977
45	71
45	86
45	109
45	115
116	45
45	136
45	142
45	149
45	166
45	238
45	251
45	266
45	278
45	291
45	299
45	316
45	344
45	364
45	373
45	381
45	510
45	540
45	589
45	591
45	606
45	609
45	662
45	695
45	865
45	873
45	905
45	960
45	987
54	46
58	46
46	61
46	63
46	78
46	106
116	46
46	155
46	167
46	213
46	223
46	241
46	255
46	272
46	290
336	46
46	350
352	46
46	391
46	449
46	501
46	503
46	536
46	598
46	641
46	699
46	748
46	774
46	785
46	801
46	866
46	903
46	966
81	47
47	110
47	128
47	146
186	47
47	188
189	47
47	200
47	208
47	209
47	222
47	234
47	237
261	47
47	288
47	321
47	325
336	47
47	379
47	434
47	479
47	509
47	524
47	539
47	561
47	578
47	665
47	704
47	751
923	47
47	959
47	974
47	991
47	996
54	48
56	48
48	64
65	48
48	92
98	48
48	123
145	48
48	149
175	48
198	48
48	225
265	48
300	48
48	323
48	334
48	365
48	390
48	426
472	48
48	543
48	549
48	614
649	48
48	666
48	718
742	48
48	775
48	807
48	840
48	868
48	876
48	878
60	49
65	49
73	49
49	86
49	92
98	49
49	123
145	49
175	49
198	49
49	253
260	49
49	296
340	49
49	390
49	394
49	485
49	491
49	526
49	531
597	49
626	49
49	646
49	666
668	49
679	49
740	49
742	49
49	769
49	795
49	807
814	49
49	885
49	961
76	50
50	82
50	87
97	50
50	104
50	153
50	199
50	204
50	213
258	50
50	387
409	50
50	414
50	515
50	554
50	568
50	574
50	611
612	50
50	627
50	652
50	664
50	694
50	752
50	796
50	818
50	829
836	50
50	841
50	887
50	938
50	950
51	55
51	70
51	97
51	132
51	140
141	51
51	164
51	168
51	185
51	187
51	195
51	226
51	277
281	51
51	305
51	317
51	326
332	51
51	343
51	362
51	383
51	393
51	409
51	416
51	451
51	471
51	614
51	643
51	655
51	656
51	668
51	707
51	742
51	862
51	943
52	55
52	70
52	97
52	109
52	116
52	120
52	141
52	164
52	168
52	183
52	185
52	194
52	195
52	226
52	262
52	280
52	305
52	326
52	356
52	384
52	386
52	395
52	416
52	425
52	427
52	441
52	476
52	493
52	635
52	750
52	784
52	806
52	918
52	972
53	71
83	53
93	53
53	99
134	53
190	53
191	53
192	53
53	217
53	221
230	53
53	244
53	268
53	284
53	371
53	381
396	53
421	53
426	53
53	433
438	53
53	512
53	513
53	522
552	53
557	53
558	53
559	53
605	53
633	53
760	53
53	811
53	824
53	847
53	857
53	919
53	934
54	61
54	67
54	84
54	130
54	135
54	156
54	167
54	181
54	183
54	263
54	267
282	54
54	329
54	352
54	357
54	374
54	384
54	405
54	422
54	424
54	468
54	692
54	723
54	759
54	777
54	797
54	866
54	888
54	904
54	920
55	70
106	55
109	55
55	132
141	55
142	55
55	164
55	185
55	187
55	205
55	217
55	224
55	305
55	326
55	362
55	393
55	409
55	431
55	500
55	635
55	639
55	643
55	647
55	655
55	656
55	701
55	906
55	907
55	912
65	56
56	86
145	56
56	149
56	170
56	175
56	182
198	56
56	214
56	253
56	265
56	277
56	367
56	390
56	431
56	443
56	464
56	472
56	495
56	514
56	515
56	526
56	537
56	560
56	580
56	687
56	795
56	868
56	871
56	876
70	57
91	57
57	124
57	127
57	170
57	176
188	57
57	229
57	236
279	57
57	284
57	290
57	301
303	57
376	57
57	382
398	57
57	429
57	445
57	486
57	588
57	610
621	57
644	57
57	677
720	57
771	57
892	57
57	940
957	57
57	958
988	57
58	68
58	113
58	120
58	131
58	138
58	197
58	207
58	245
58	276
58	282
58	312
58	392
58	406
58	465
58	470
58	497
58	556
58	557
58	573
58	609
58	632
58	649
58	653
58	658
58	694
58	696
58	709
58	749
58	765
58	830
82	59
59	124
59	158
59	170
59	171
59	176
192	59
59	229
250	59
251	59
303	59
59	347
59	382
59	394
59	429
59	434
59	445
59	537
59	551
557	59
59	583
59	588
59	617
59	663
59	677
690	59
743	59
816	59
59	851
59	882
59	942
59	954
63	60
60	74
60	79
90	60
60	103
60	104
60	105
107	60
233	60
60	252
60	266
60	275
60	318
60	328
60	377
60	392
60	419
60	546
60	555
60	585
60	593
60	669
60	787
815	60
60	867
60	872
914	60
60	947
60	964
61	77
61	84
61	130
61	133
61	179
61	255
61	257
61	260
61	267
61	289
61	296
61	327
61	347
61	363
61	366
61	420
61	430
61	438
61	450
497	61
61	501
61	515
61	550
61	598
61	712
61	731
61	755
61	777
61	785
61	955
61	962
62	73
62	108
111	62
62	121
62	162
62	174
62	228
62	238
62	248
62	249
62	274
62	295
62	306
328	62
62	334
360	62
62	385
62	398
62	406
62	464
62	596
62	624
62	660
62	661
62	671
62	721
726	62
761	62
62	833
62	865
62	911
63	74
63	103
63	104
63	122
163	63
187	63
214	63
63	242
63	252
63	287
63	315
63	319
63	399
63	402
63	481
505	63
63	527
63	547
63	599
63	669
63	688
702	63
63	742
63	776
815	63
63	838
65	64
64	86
64	92
64	123
64	140
145	64
159	64
175	64
185	64
64	225
265	64
64	296
322	64
64	390
469	64
64	491
64	495
64	514
64	526
64	539
64	657
662	64
64	744
814	64
64	840
64	894
987	64
992	64
65	74
65	92
65	98
65	122
65	145
65	225
65	253
65	265
65	277
65	296
65	307
65	323
65	334
65	365
65	391
65	410
65	460
65	472
65	495
65	560
65	573
65	614
65	646
65	657
65	868
65	876
65	992
65	999
112	66
66	114
66	143
66	166
66	168
66	170
66	227
66	231
66	264
66	271
66	291
66	299
66	307
66	634
66	650
66	662
66	682
66	713
66	766
66	821
66	869
66	873
66	880
66	984
66	986
77	67
67	82
84	67
85	67
106	67
156	67
67	168
196	67
67	213
272	67
67	286
289	67
327	67
329	67
391	67
67	422
67	460
67	511
529	67
67	595
67	687
689	67
67	723
67	731
67	741
67	797
881	67
67	945
67	966
68	85
68	118
68	131
68	138
68	147
68	202
68	207
68	289
68	322
68	340
68	392
68	442
68	484
68	520
68	544
68	556
68	573
68	620
68	658
68	678
68	685
68	730
68	749
68	765
68	890
68	925
68	931
68	969
69	84
69	90
69	93
69	161
69	166
69	184
197	69
69	235
69	256
69	259
69	287
69	311
69	353
69	360
69	428
69	459
69	466
69	490
69	534
69	571
69	601
69	644
69	700
69	761
69	901
69	919
69	937
69	995
69	997
141	70
143	70
147	70
152	70
70	164
70	168
70	183
70	195
70	205
70	226
70	317
70	326
70	356
70	367
70	384
70	458
70	471
70	509
70	547
70	579
70	643
70	656
681	70
70	707
70	812
70	906
70	907
70	943
70	985
71	99
122	71
126	71
134	71
71	154
191	71
220	71
71	244
71	268
71	284
71	383
71	400
419	71
71	437
454	71
71	512
71	513
537	71
541	71
71	549
564	71
584	71
605	71
71	628
648	71
71	725
71	774
71	824
71	857
71	887
71	947
72	82
72	83
93	72
72	173
72	199
200	72
72	237
72	262
72	294
72	380
391	72
72	414
72	483
72	521
72	588
72	592
72	630
72	706
72	714
72	756
844	72
72	845
72	900
72	908
72	942
72	979
73	102
73	108
73	113
73	117
73	157
292	73
73	295
73	348
357	73
73	375
73	397
73	406
73	407
73	440
73	618
637	73
73	671
73	718
73	721
726	73
73	758
73	875
73	903
73	939
984	73
96	74
74	103
74	150
74	212
74	247
74	330
345	74
74	366
74	377
74	415
74	473
487	74
516	74
545	74
74	637
74	679
74	693
74	762
74	822
74	835
74	893
74	924
74	956
75	90
75	93
75	165
75	178
75	184
75	190
75	232
75	235
75	253
75	353
75	370
75	396
75	439
75	446
75	519
75	549
75	571
75	644
75	700
75	827
75	897
75	933
75	979
75	995
76	95
76	114
76	115
76	132
76	164
76	166
76	172
76	194
76	218
76	251
76	299
76	358
76	370
76	373
76	404
76	436
76	523
76	596
76	609
76	634
76	682
76	692
76	711
76	713
76	716
76	754
76	821
76	987
76	1000
77	78
80	77
116	77
77	129
77	179
77	182
77	223
77	273
282	77
77	310
77	344
77	371
77	460
77	475
77	541
77	581
77	612
77	636
77	667
77	703
77	777
77	781
77	801
77	850
77	888
77	967
78	96
100	78
120	78
78	152
78	193
196	78
78	273
78	286
78	329
78	422
78	424
465	78
78	492
78	527
78	529
78	550
689	78
78	699
78	710
78	770
78	785
78	802
78	850
904	78
96	79
79	104
79	117
79	247
79	266
79	313
79	328
79	330
79	377
79	481
79	502
532	79
545	79
79	547
79	555
565	79
79	669
702	79
79	725
79	746
79	764
79	822
914	79
79	929
946	79
80	132
80	155
80	167
80	227
80	255
80	267
80	297
80	329
80	333
80	382
80	430
80	462
80	468
80	501
80	529
80	548
80	612
80	699
80	770
80	809
80	812
80	850
80	888
80	952
80	962
81	94
81	111
81	128
81	186
81	189
81	222
81	248
81	288
81	321
81	379
81	385
81	434
81	435
81	437
81	479
81	539
81	602
81	673
81	856
81	886
81	895
81	952
81	959
81	965
81	975
82	87
82	89
82	153
82	173
181	82
82	262
82	318
338	82
82	387
82	448
82	452
82	515
82	568
569	82
82	627
82	706
82	750
82	818
82	839
82	877
82	935
96	83
101	83
83	192
83	199
83	215
83	243
83	268
83	294
83	324
83	367
393	83
83	411
83	451
83	493
83	515
83	521
83	553
83	566
83	568
695	83
719	83
83	792
83	864
83	908
116	84
118	84
84	130
84	263
84	272
84	273
84	289
84	297
84	350
84	475
84	529
84	635
84	642
84	657
84	674
689	84
84	712
84	759
84	869
85	100
85	117
85	118
85	120
85	131
85	201
85	207
85	216
85	245
85	282
85	363
85	366
85	484
85	556
85	581
85	617
85	653
85	685
85	785
85	789
85	805
85	936
86	92
86	140
145	86
148	86
175	86
86	253
86	277
86	296
86	365
86	390
420	86
86	433
469	86
472	86
86	480
86	495
536	86
86	543
86	646
86	657
86	676
678	86
742	86
86	744
86	961
86	981
153	87
180	87
186	87
215	87
254	87
262	87
87	349
360	87
367	87
376	87
87	380
87	387
389	87
411	87
567	87
568	87
574	87
87	602
622	87
649	87
664	87
750	87
752	87
87	792
884	87
87	908
112	88
88	115
88	135
88	143
88	144
160	88
88	227
88	247
88	251
88	316
88	351
88	453
88	464
88	619
88	651
88	656
88	713
88	717
88	754
88	757
88	829
88	905
88	984
173	89
178	89
89	248
89	285
89	367
376	89
389	89
403	89
505	89
89	567
89	649
89	694
724	89
737	89
874	89
89	888
89	892
89	900
935	89
90	161
211	90
90	219
90	315
90	369
90	372
90	439
90	494
90	519
90	530
90	571
582	90
90	587
90	625
90	732
90	899
90	917
90	933
90	949
90	970
90	994
91	127
91	143
91	144
91	170
91	171
91	229
91	236
91	303
91	388
91	394
91	429
91	486
91	500
91	551
91	563
91	586
91	588
91	610
91	621
708	91
91	772
91	788
91	843
91	949
91	967
119	92
92	123
92	140
148	92
172	92
214	92
92	225
238	92
92	253
92	277
92	323
92	365
388	92
92	432
472	92
92	512
92	514
92	526
92	543
92	614
92	657
92	807
92	961
992	92
92	999
93	165
207	93
93	219
93	239
93	259
93	311
93	320
93	434
93	446
93	466
93	490
93	520
93	530
93	535
93	544
93	644
93	700
93	728
93	732
93	761
93	859
93	963
128	94
134	94
94	146
152	94
189	94
94	208
94	234
94	237
265	94
94	288
94	301
302	94
94	308
94	351
94	379
94	489
94	509
94	524
94	603
625	94
94	704
815	94
817	94
94	976
94	978
94	996
95	114
95	115
95	136
95	151
95	172
95	194
95	200
216	95
95	264
95	307
95	315
95	341
95	609
95	686
95	766
95	821
95	837
95	873
95	986
96	104
96	105
163	96
96	206
219	96
96	252
96	313
96	328
357	96
96	393
96	547
96	569
96	622
96	675
96	745
96	762
96	787
96	791
96	893
914	96
141	97
147	97
97	164
97	187
97	205
97	226
97	264
97	305
97	317
97	326
332	97
97	362
97	395
97	441
97	639
97	668
97	729
97	784
97	788
97	918
98	123
98	148
98	149
98	265
266	98
98	277
98	295
98	443
98	485
98	491
498	98
98	514
647	98
652	98
98	775
814	98
98	868
98	871
98	878
98	981
98	999
134	99
99	221
230	99
99	268
364	99
99	400
421	99
426	99
99	437
474	99
504	99
549	99
558	99
559	99
584	99
633	99
99	725
734	99
774	99
99	834
867	99
99	947
99	955
100	118
100	201
100	207
100	216
100	245
100	271
100	299
100	321
100	322
100	407
100	423
100	508
100	620
100	626
100	632
100	831
100	855
100	868
100	890
100	918
100	931
100	936
101	180
101	318
101	412
101	448
101	467
101	483
101	493
101	627
101	630
101	631
101	642
101	694
101	737
101	796
101	841
101	866
101	871
101	884
101	900
101	964
101	989
102	108
111	102
102	121
102	157
102	236
259	102
102	375
102	449
102	458
102	486
102	540
102	575
102	595
102	660
102	661
102	721
726	102
102	767
102	862
102	865
102	903
102	939
102	988
107	103
115	103
131	103
103	137
145	103
163	103
103	375
103	458
103	586
103	675
103	680
103	688
103	787
815	103
103	828
103	838
103	861
103	956
103	977
105	104
107	104
122	104
104	154
252	104
266	104
328	104
104	450
499	104
104	600
645	104
669	104
104	675
104	680
739	104
853	104
854	104
104	956
105	125
105	137
105	206
214	105
105	252
105	287
105	399
105	457
105	499
536	105
105	555
105	599
105	600
737	105
105	745
105	746
105	791
105	828
853	105
116	106
106	137
106	155
106	167
196	106
106	241
106	267
106	286
106	333
106	337
106	413
106	420
487	106
106	495
106	501
106	595
106	712
736	106
106	759
106	794
106	866
106	869
106	945
106	967
107	163
107	187
107	212
107	242
107	247
107	252
107	319
107	377
107	399
107	415
107	430
487	107
107	540
107	546
107	739
749	107
107	867
107	872
879	107
107	924
108	117
151	108
168	108
108	174
177	108
108	253
108	295
108	306
108	342
108	385
456	108
108	457
108	458
108	616
108	624
108	776
108	833
108	902
108	925
108	939
108	968
108	988
112	109
109	114
109	115
165	109
109	281
109	307
109	315
109	325
109	335
109	373
109	496
109	606
109	651
109	716
109	751
109	927
109	980
144	110
185	110
186	110
110	188
110	208
222	110
110	237
110	288
110	308
110	351
110	385
110	434
110	636
110	665
110	751
817	110
110	952
111	113
111	117
111	121
111	169
111	174
111	238
111	292
111	307
111	342
111	354
111	406
111	407
111	440
111	456
111	457
111	458
111	464
111	476
726	111
111	973
112	144
112	194
112	283
298	112
112	299
112	315
112	339
112	453
565	112
112	586
112	763
879	112
112	889
112	960
112	968
112	998
113	169
113	174
113	397
113	449
113	458
113	478
113	511
113	544
113	575
113	618
113	862
113	865
113	944
113	973
113	993
114	151
114	203
114	231
114	283
114	289
114	316
114	339
114	404
114	449
114	453
114	506
114	606
114	615
114	790
114	905
114	913
114	941
995	114
115	169
218	115
115	283
289	115
115	339
115	341
115	578
609	115
115	615
648	115
115	790
115	860
863	115
115	986
115	998
116	129
116	179
116	241
116	256
116	297
116	338
116	468
116	550
116	570
116	636
116	710
116	741
116	748
116	753
116	800
116	804
153	117
117	157
117	169
117	238
117	249
292	117
117	398
117	406
117	616
644	117
117	661
117	721
117	758
117	767
117	776
117	925
118	146
118	170
118	197
118	216
118	240
118	276
118	277
118	340
118	442
118	455
118	590
118	620
118	658
118	709
118	730
118	789
118	817
118	825
118	830
118	972
131	119
119	161
119	232
119	382
119	396
119	520
582	119
119	623
119	644
119	683
119	724
119	836
119	859
119	896
119	897
119	917
119	995
119	997
120	131
120	138
120	159
120	202
120	282
120	322
120	326
120	392
120	413
120	508
120	556
120	566
120	629
120	652
120	659
120	696
120	705
120	719
120	825
121	169
206	121
121	249
121	306
121	375
121	408
456	121
121	464
121	583
121	624
632	121
121	665
121	721
768	121
121	862
121	902
121	911
121	939
122	125
163	122
122	176
122	206
214	122
122	349
122	415
122	450
122	526
122	585
734	122
122	746
122	762
122	867
914	122
946	122
140	123
145	123
148	123
198	123
265	123
279	123
323	123
448	123
580	123
646	123
123	687
123	769
123	824
123	840
123	876
123	885
123	894
124	158
124	170
124	171
191	124
124	224
124	229
235	124
261	124
124	293
297	124
315	124
124	378
124	517
124	537
124	586
124	610
124	617
720	124
124	722
816	124
994	124
206	125
125	224
247	125
252	125
125	293
125	318
319	125
125	330
125	399
419	125
477	125
125	546
125	680
125	791
916	125
126	134
126	154
201	126
126	244
126	268
126	284
126	410
126	542
126	562
126	578
126	584
126	605
126	628
648	126
126	811
126	824
126	834
126	935
127	229
279	127
127	301
127	309
347	127
127	394
418	127
468	127
127	473
127	500
127	551
605	127
127	610
621	127
127	677
690	127
800	127
826	127
127	851
960	127
127	996
128	146
186	128
128	188
128	248
261	128
128	302
128	308
128	330
336	128
128	343
128	385
128	478
128	543
128	561
563	128
128	603
128	672
817	128
128	978
129	155
129	193
129	241
129	254
129	260
129	267
129	273
129	300
129	337
129	381
129	422
129	450
484	129
129	636
129	699
129	731
931	129
130	152
130	182
130	193
130	223
130	267
130	354
130	412
130	548
130	584
130	595
736	130
130	802
130	866
130	869
131	201
131	240
131	282
131	312
131	393
131	447
131	465
131	482
131	556
131	632
131	633
131	727
131	765
131	798
131	805
131	875
147	132
132	164
132	168
132	195
132	409
132	416
132	639
132	643
132	647
132	784
132	812
132	907
962	132
971	132
132	980
132	985
133	152
133	156
133	171
133	179
133	193
133	213
133	257
133	263
133	300
133	308
133	424
133	462
572	133
133	608
133	806
133	848
133	858
134	150
134	154
191	134
134	228
273	134
316	134
134	383
134	437
454	134
134	522
134	534
134	549
134	628
134	824
134	991
141	135
135	143
135	166
135	177
135	203
207	135
298	135
135	339
135	344
135	388
135	528
135	692
135	835
135	905
969	135
136	142
136	143
136	151
136	172
259	136
136	272
136	341
136	370
136	478
683	136
803	136
136	821
136	881
136	960
163	137
137	176
137	266
137	287
137	330
137	415
137	540
137	546
565	137
137	680
739	137
137	773
137	842
137	924
137	956
138	160
138	190
138	197
138	211
138	216
138	241
138	245
138	322
138	392
138	440
138	470
138	522
138	532
138	556
138	659
138	789
138	798
138	831
138	981
139	142
139	143
139	144
139	151
160	139
139	163
139	172
139	177
139	209
139	335
139	339
139	341
139	358
423	139
139	651
814	139
139	863
139	880
139	905
140	253
330	140
469	140
140	474
498	140
140	514
597	140
140	646
140	663
140	676
727	140
800	140
140	885
140	894
140	961
140	999
141	168
141	205
141	317
141	416
141	556
141	631
141	635
141	636
141	639
141	656
141	812
141	819
141	972
141	980
142	168
142	172
142	200
142	281
142	341
142	355
142	389
142	581
142	670
142	713
142	790
142	872
142	968
142	976
143	167
143	251
143	278
143	291
143	316
143	375
143	388
143	463
143	547
143	698
143	790
143	1000
166	144
218	144
231	144
251	144
271	144
144	344
370	144
444	144
563	144
606	144
731	144
144	780
144	861
983	144
144	998
145	149
145	198
145	225
145	334
145	390
145	485
145	498
145	666
145	862
145	885
146	188
189	146
146	234
146	237
146	248
146	343
146	351
146	379
419	146
424	146
467	146
146	478
146	509
146	524
146	561
886	146
146	895
147	156
147	185
147	195
147	226
147	326
147	386
147	471
147	554
147	643
147	656
761	147
147	819
175	148
148	217
148	296
350	148
148	383
148	390
405	148
148	431
472	148
148	491
498	148
587	148
148	876
148	878
148	961
149	155
175	149
302	149
149	323
149	365
149	431
149	474
498	149
149	531
149	676
149	878
149	959
149	999
217	150
221	150
230	150
364	150
432	150
437	150
454	150
461	150
471	150
504	150
552	150
558	150
578	150
605	150
607	150
633	150
693	150
713	150
737	150
847	150
919	150
151	194
151	231
298	151
151	315
151	341
151	358
151	510
151	563
683	151
151	774
151	793
151	927
151	998
152	174
152	241
152	260
152	368
152	391
152	570
152	667
152	729
152	731
152	785
152	794
152	948
152	990
153	192
153	215
153	285
153	286
153	310
153	314
153	324
153	367
153	434
153	483
153	574
153	672
153	714
153	792
153	833
153	959
155	154
217	154
228	154
230	154
268	154
269	154
371	154
154	400
410	154
454	154
504	154
522	154
534	154
559	154
562	154
633	154
824	154
154	834
864	154
223	155
273	155
297	155
300	155
352	155
374	155
405	155
420	155
526	155
541	155
550	155
654	155
669	155
739	155
858	155
156	167
156	213
156	286
156	297
156	450
156	468
156	511
156	541
156	550
156	555
156	667
691	156
156	850
193	157
292	157
157	342
157	375
157	406
157	407
157	408
157	449
157	596
625	157
726	157
157	903
157	950
157	978
157	988
162	158
171	158
215	158
279	158
158	290
347	158
382	158
429	158
499	158
158	534
158	610
785	158
826	158
882	158
927	158
159	197
159	211
159	282
159	322
159	340
159	392
159	401
159	491
159	508
159	620
159	626
159	709
159	852
159	914
159	915
159	936
160	177
160	194
160	200
160	227
160	251
160	291
160	307
160	315
160	341
160	358
160	619
160	793
160	849
160	978
161	232
161	256
161	355
161	359
161	361
161	466
161	488
161	544
161	623
161	697
798	161
161	827
161	937
162	170
162	236
162	290
162	293
162	347
162	378
162	486
162	586
743	162
162	843
162	851
162	942
163	242
163	274
163	366
163	402
163	432
163	533
163	540
163	645
163	752
163	898
163	929
164	183
164	195
250	164
164	305
332	164
164	656
164	670
164	800
164	906
164	918
164	993
165	184
165	190
165	199
165	235
165	239
165	320
165	360
165	378
165	490
165	525
165	594
165	661
165	715
165	761
165	937
165	970
166	194
166	227
166	305
166	364
166	430
166	453
166	518
166	615
166	670
166	756
166	780
994	166
167	179
167	182
167	213
167	286
167	327
352	167
357	167
167	387
167	664
167	670
167	712
167	971
168	205
168	264
168	280
168	305
168	356
168	384
168	386
168	416
168	425
447	168
168	883
168	943
169	174
169	274
169	397
169	398
169	450
456	169
169	457
645	169
651	169
169	660
169	823
169	862
912	169
169	944
170	244
418	170
170	445
170	500
170	551
618	170
663	170
743	170
170	788
170	882
171	176
171	244
303	171
171	378
380	171
171	429
171	722
743	171
171	772
778	171
171	958
172	227
172	325
172	344
172	427
172	474
565	172
172	589
172	619
681	172
172	849
172	891
173	180
173	199
173	210
173	270
173	275
173	314
345	173
173	380
173	507
173	577
173	703
173	722
173	769
173	792
174	249
174	375
174	398
174	406
174	408
174	458
174	578
594	174
174	616
174	751
174	823
890	174
174	944
197	175
175	225
175	294
175	334
175	485
175	514
175	524
175	531
175	560
175	646
175	666
175	712
175	981
266	176
176	378
176	445
466	176
176	500
176	583
176	617
640	176
176	722
743	176
778	176
176	788
826	176
176	932
177	325
177	344
177	355
177	358
177	373
177	388
177	482
177	517
177	847
177	849
177	874
178	184
178	190
178	219
178	231
178	256
178	360
178	361
178	369
178	378
178	439
178	488
178	519
178	530
178	544
178	625
178	761
178	841
179	257
179	289
179	338
179	403
179	422
179	477
179	598
179	619
179	654
179	667
179	668
179	712
179	806
196	180
180	204
180	210
258	180
263	180
180	294
357	180
180	412
180	515
180	536
180	752
180	938
181	272
181	273
181	286
181	337
181	368
181	413
181	674
181	729
736	181
181	770
181	801
181	868
181	909
214	182
250	182
252	182
260	182
182	301
460	182
475	182
699	182
736	182
182	741
840	182
904	182
909	182
971	182
990	182
183	195
183	277
183	362
183	393
183	395
183	409
183	441
183	544
183	579
183	646
183	782
183	819
184	259
184	490
184	519
184	571
184	619
184	669
184	683
184	735
184	829
184	854
184	921
184	926
184	963
185	226
332	185
185	471
185	476
185	579
185	647
185	813
185	886
185	912
185	985
186	188
186	209
186	234
186	308
186	321
186	434
186	512
186	539
186	561
186	665
186	693
817	186
186	963
186	976
187	205
187	226
187	317
187	326
187	393
498	187
187	635
187	639
187	647
187	768
187	819
187	985
222	188
188	248
302	188
313	188
467	188
188	479
188	509
510	188
188	542
188	561
188	665
886	188
189	288
189	308
189	351
189	362
189	379
189	478
189	479
189	509
189	537
189	539
189	542
189	673
190	212
190	232
190	256
190	459
190	493
190	523
582	190
190	601
190	625
190	691
190	901
190	995
191	228
191	383
191	400
191	410
421	191
191	432
191	433
191	437
191	824
191	857
191	934
972	191
223	192
192	254
314	192
192	380
192	387
192	507
192	602
192	627
192	631
728	192
937	192
193	241
193	286
193	333
193	368
193	374
193	444
193	631
193	733
763	193
193	804
193	848
193	967
203	194
325	194
355	194
358	194
451	194
523	194
563	194
194	576
968	194
974	194
195	326
195	348
195	356
195	384
195	386
195	416
195	574
195	635
195	744
195	813
195	972
196	213
196	263
196	283
196	297
196	300
196	327
196	329
196	357
196	475
196	785
196	802
196	885
197	202
197	207
197	211
197	239
197	262
197	423
197	590
197	658
197	727
197	844
198	253
198	265
198	277
345	198
198	474
198	548
198	666
198	744
805	198
198	981
199	225
280	199
199	285
199	310
199	314
199	411
199	564
199	631
199	741
199	908
218	200
245	200
200	436
200	534
200	624
200	670
681	200
200	686
984	200
201	245
201	276
201	281
201	282
201	401
201	465
201	620
201	709
201	738
201	753
201	760
201	825
201	831
201	940
202	216
202	322
202	389
202	465
202	620
202	629
202	632
202	705
202	830
202	890
202	894
202	931
218	203
278	203
300	203
386	203
388	203
408	203
463	203
538	203
615	203
203	835
203	843
203	895
983	203
204	208
210	204
235	204
376	204
403	204
448	204
505	204
654	204
204	752
204	786
204	829
204	841
204	877
953	204
205	311
205	326
346	205
205	356
205	416
205	655
205	668
205	791
205	812
205	813
830	205
216	206
206	246
206	349
206	533
206	540
206	599
206	675
206	680
206	823
983	206
207	211
207	340
207	392
207	428
207	573
207	590
207	705
207	760
207	825
207	846
208	209
222	208
208	234
208	237
261	208
274	208
302	208
208	343
208	379
634	208
208	704
208	751
208	895
227	209
209	234
209	237
209	248
261	209
209	308
209	385
209	479
533	209
209	603
209	665
209	751
209	934
209	996
210	237
210	270
210	400
210	403
210	411
210	504
210	536
210	552
210	564
210	706
210	737
210	989
211	240
211	447
211	556
211	590
211	603
211	730
211	855
211	989
212	246
271	212
212	330
212	415
212	481
487	212
645	212
730	212
212	764
212	787
212	861
257	213
298	213
329	213
337	213
416	213
503	213
541	213
723	213
731	213
755	213
990	213
233	214
214	246
214	309
214	540
214	555
214	600
214	791
214	822
214	867
412	215
423	215
436	215
452	215
215	502
518	215
652	215
694	215
728	215
750	215
215	818
216	392
216	508
216	557
216	629
216	770
216	931
217	400
217	410
432	217
217	433
217	437
454	217
504	217
217	513
607	217
648	217
217	725
217	824
217	919
217	934
218	251
218	370
218	589
218	651
218	674
685	218
691	218
218	790
218	968
219	396
219	428
219	446
219	535
219	587
219	689
219	691
219	836
219	897
219	910
220	307
220	341
355	220
220	398
220	453
220	619
220	670
220	880
220	903
913	220
220	1000
221	228
221	244
221	268
221	410
421	221
439	221
221	512
578	221
633	221
757	221
774	221
221	810
838	221
222	234
222	237
261	222
291	222
336	222
222	343
222	351
444	222
920	222
222	941
222	975
223	286
223	333
223	338
223	350
223	358
223	603
223	608
223	641
689	223
223	804
279	224
224	394
224	486
593	224
224	610
640	224
826	224
224	851
224	932
954	224
957	224
443	225
485	225
225	531
666	225
688	225
740	225
814	225
921	225
225	930
226	317
226	356
226	368
226	471
226	647
226	668
226	707
226	794
917	226
313	227
227	381
227	576
581	227
754	227
874	227
913	227
945	227
960	227
284	228
399	228
421	228
426	228
433	228
513	228
522	228
562	228
607	228
228	810
228	834
857	228
947	228
959	228
229	236
290	229
303	229
445	229
473	229
489	229
588	229
617	229
641	229
694	229
778	229
843	229
230	244
230	371
230	383
413	230
230	426
461	230
230	512
525	230
605	230
230	628
230	919
230	955
977	230
231	436
231	494
565	231
231	698
231	837
232	239
232	285
232	372
232	428
232	471
232	520
232	604
232	732
232	753
232	822
232	827
233	242
233	247
233	313
233	402
233	540
233	638
233	666
702	233
233	861
234	321
340	234
342	234
234	343
234	478
234	479
234	509
234	542
234	941
234	952
235	359
235	466
235	520
235	587
235	899
235	937
279	236
290	236
293	236
309	236
382	236
574	236
236	610
619	236
663	236
771	236
902	236
932	236
261	237
356	237
404	237
237	435
237	603
817	237
886	237
237	941
237	975
238	249
238	274
238	306
238	400
238	449
238	464
238	478
238	596
238	767
238	973
239	320
345	239
239	360
239	428
239	472
239	544
239	604
239	697
239	717
239	885
240	276
240	556
240	590
240	659
240	672
240	707
240	760
240	806
240	923
241	255
241	300
241	327
241	419
689	241
241	699
241	755
241	781
241	804
242	330
242	410
419	242
242	527
242	547
613	242
669	242
242	693
773	242
258	243
243	314
243	367
243	380
243	553
243	568
243	630
243	677
710	243
243	756
873	243
383	244
421	244
426	244
454	244
461	244
549	244
559	244
607	244
659	244
747	244
244	857
245	276
245	279
245	312
245	455
245	632
245	719
245	738
245	813
245	846
245	880
299	246
313	246
366	246
374	246
419	246
547	246
585	246
246	822
825	246
956	246
969	246
977	246
995	246
247	266
272	247
247	313
247	318
247	349
545	247
247	787
247	893
247	964
247	966
261	248
302	248
248	343
350	248
248	351
248	385
248	434
248	478
662	248
856	248
962	248
249	274
249	295
332	249
368	249
249	408
456	249
755	249
249	833
249	911
249	944
250	284
250	286
250	374
250	424
250	501
250	570
250	598
250	636
250	641
250	785
250	945
250	948
251	299
251	310
251	436
251	516
251	518
251	766
251	860
251	927
252	533
252	599
634	252
252	764
252	819
252	898
946	252
253	349
253	531
253	684
742	253
253	807
294	254
414	254
455	254
254	554
567	254
637	254
724	254
728	254
254	794
953	254
254	979
289	255
438	255
454	255
608	255
255	636
755	255
832	255
256	417
442	256
256	446
789	256
256	870
256	915
256	921
267	257
257	297
327	257
364	257
420	257
257	450
612	257
654	257
257	703
257	928
258	324
258	344
258	376
258	521
258	611
258	753
258	783
258	922
259	320
259	359
259	372
259	466
259	571
259	587
259	899
259	949
259	956
260	272
260	300
260	329
260	513
260	548
260	570
260	595
260	729
904	260
260	905
260	915
261	385
261	603
261	751
262	310
262	367
262	451
262	483
262	698
262	820
263	269
263	337
263	338
263	405
263	420
263	533
263	674
263	850
263	990
264	280
332	264
264	409
417	264
264	425
264	446
264	579
264	643
264	655
264	768
264	813
265	277
265	531
265	543
265	614
265	676
985	265
266	313
266	399
266	419
487	266
266	838
280	267
357	267
267	460
503	267
541	267
873	267
268	371
268	433
268	437
559	268
624	268
767	268
774	268
268	824
842	268
268	857
268	947
269	286
368	269
269	438
269	480
269	485
503	269
269	511
269	733
269	770
777	269
269	801
269	888
946	269
270	314
270	380
270	381
270	507
270	567
270	589
270	652
270	728
270	938
270	944
270	982
271	339
271	395
271	436
271	496
538	271
271	766
793	271
271	880
271	968
272	306
272	327
272	413
272	420
272	570
272	794
272	804
272	848
273	327
417	273
273	444
273	448
273	748
273	799
273	888
273	909
274	342
274	397
274	406
274	408
274	495
274	618
274	833
274	911
274	993
314	275
275	347
414	275
448	275
483	275
507	275
275	602
276	282
276	390
276	423
276	557
276	789
276	855
353	277
472	277
740	277
277	840
277	961
291	278
370	278
278	381
278	463
278	511
278	561
606	278
662	278
705	278
328	279
279	382
279	486
279	583
279	593
640	279
708	279
279	930
332	280
280	356
280	384
280	427
280	639
730	280
280	768
280	782
280	813
280	918
281	453
281	589
281	591
281	619
281	692
281	701
281	863
281	927
282	338
282	392
282	658
282	678
282	748
282	844
298	283
283	615
681	283
763	283
283	788
504	284
284	512
552	284
562	284
578	284
855	284
284	934
373	285
404	285
483	285
564	285
569	285
783	285
786	285
285	908
285	950
352	286
461	286
286	781
286	858
287	415
287	477
488	287
287	593
287	638
287	867
287	872
974	287
302	288
288	321
288	379
288	400
411	288
288	539
566	288
288	704
852	288
856	288
288	975
288	978
357	289
289	405
289	570
289	741
289	748
289	799
289	971
378	290
394	290
459	290
551	290
593	290
720	290
954	290
957	290
290	958
291	355
291	358
291	381
291	418
291	610
291	698
291	780
292	354
292	375
292	406
292	553
651	292
292	911
301	293
414	293
474	293
617	293
621	293
771	293
293	779
816	293
954	293
294	367
294	387
294	452
294	554
294	733
294	801
294	820
295	407
295	408
295	449
456	295
295	492
295	616
295	925
295	939
333	296
334	296
514	296
526	296
580	296
582	296
296	687
296	790
878	296
297	350
297	385
297	460
297	729
755	297
297	801
298	316
298	325
298	335
298	528
298	662
298	692
298	698
298	702
299	301
316	299
299	344
463	299
518	299
754	299
299	780
357	300
391	300
422	300
529	300
300	643
300	794
300	801
966	300
301	429
301	445
690	301
743	301
301	779
301	843
951	301
302	321
302	434
302	435
302	673
302	941
303	323
303	347
303	500
303	592
621	303
303	772
303	930
303	942
951	303
303	958
304	331
304	369
304	426
304	437
304	439
304	445
304	459
304	623
304	644
304	683
304	700
304	811
396	305
305	476
305	483
305	887
305	912
305	980
306	407
306	408
409	306
306	464
493	306
612	306
306	721
306	911
307	344
307	496
528	307
662	307
307	892
307	927
366	308
308	385
308	434
308	509
308	616
649	308
308	665
673	308
308	959
309	378
309	473
309	486
309	583
309	588
680	309
309	722
309	822
309	851
314	310
324	310
414	310
467	310
564	310
649	310
820	310
832	310
953	310
345	311
311	406
446	311
625	311
899	311
921	311
995	311
997	311
312	484
312	573
312	661
312	705
312	798
312	805
312	846
312	887
313	318
487	313
518	313
853	313
946	313
412	314
314	515
637	314
821	314
314	847
315	380
538	315
634	315
651	315
793	315
315	835
874	315
316	329
316	757
803	316
316	821
316	974
317	339
317	344
317	471
317	476
317	643
317	800
415	318
638	318
675	318
679	318
888	318
318	929
318	964
319	366
319	415
319	499
655	319
319	679
715	319
319	822
319	929
969	319
997	319
320	325
320	369
320	571
320	771
320	827
320	921
923	320
320	994
341	321
321	351
321	479
321	524
321	561
321	704
818	321
322	340
322	442
322	508
322	556
322	562
323	365
323	431
323	531
323	560
323	666
323	744
803	323
323	894
536	324
553	324
649	324
892	324
910	324
324	961
325	341
325	373
325	436
793	325
325	835
326	356
326	441
690	326
326	906
327	338
327	350
327	741
328	429
328	477
328	675
739	328
328	745
328	791
329	492
329	777
329	898
329	986
329	990
377	330
516	330
330	531
330	638
647	330
331	353
331	544
582	331
331	604
331	606
331	644
331	761
331	910
331	937
331	994
332	384
332	386
332	395
332	427
332	554
332	819
333	350
333	422
333	547
333	703
333	770
984	333
411	334
438	334
334	495
334	684
334	795
334	868
992	334
335	341
335	370
335	388
335	404
335	482
335	496
335	600
859	335
335	987
336	351
336	408
336	434
336	435
336	665
856	336
336	952
336	991
336	996
352	337
337	424
462	337
337	492
529	337
337	786
848	337
337	866
967	337
338	413
338	420
338	608
338	701
338	712
338	731
338	755
373	339
422	339
506	339
510	339
563	339
651	339
339	717
340	423
340	470
340	632
340	838
340	890
757	341
448	342
650	342
342	671
342	767
812	342
342	875
342	925
342	973
374	343
435	343
489	343
542	343
920	343
978	343
442	344
506	344
518	344
717	344
766	344
998	344
345	446
345	525
345	530
345	683
345	747
345	896
345	937
364	346
510	346
609	346
346	780
346	821
346	839
346	881
346	983
347	537
690	347
720	347
347	930
951	347
348	375
348	407
348	458
591	348
348	630
348	911
348	925
348	973
349	628
349	638
688	349
775	349
349	842
854	349
363	350
430	350
350	475
709	350
710	350
759	350
379	351
423	351
489	351
895	351
920	351
459	352
352	492
352	529
352	632
352	748
353	361
353	417
353	525
353	900
353	901
353	943
353	970
353	997
372	354
354	406
456	354
354	457
354	580
354	671
354	823
354	944
355	598
355	698
355	754
355	927
356	667
356	912
357	405
357	550
357	869
358	381
632	358
695	358
749	358
359	372
359	488
359	503
359	600
359	604
359	625
359	747
359	902
359	992
439	360
360	594
917	360
997	360
361	369
361	417
361	544
582	361
361	615
361	715
361	732
361	818
361	827
363	362
362	384
362	476
805	362
362	980
363	550
363	759
363	794
363	799
363	802
363	971
363	998
364	381
364	482
364	538
364	606
365	435
563	365
365	657
365	744
814	365
365	840
365	981
366	402
366	776
366	924
969	366
405	367
367	564
756	367
785	367
938	367
368	405
462	368
368	492
368	703
368	762
368	966
369	417
369	521
369	697
369	910
369	917
369	929
370	510
370	518
370	704
370	824
370	987
371	522
371	534
562	371
584	371
605	371
648	371
371	934
372	525
372	594
372	834
372	910
373	576
373	746
373	889
374	475
374	501
374	636
374	703
374	712
374	723
374	858
375	380
375	618
375	661
375	823
401	376
452	376
376	515
376	611
376	792
376	908
465	377
377	599
377	600
702	377
711	377
377	828
377	842
418	378
429	378
661	378
378	772
932	378
379	385
415	379
459	379
379	704
817	379
379	883
411	380
567	380
652	380
809	380
953	380
482	381
713	381
716	381
382	394
382	473
382	486
708	382
778	382
383	437
461	383
383	513
607	383
609	383
383	628
682	383
384	386
384	395
384	577
384	784
384	876
435	385
478	385
886	385
959	385
386	643
386	664
386	668
386	762
386	907
569	387
577	387
592	387
387	635
637	387
786	387
884	387
388	499
506	388
682	388
388	786
389	493
389	507
389	554
389	627
389	877
390	543
390	560
706	390
390	781
390	999
391	422
391	444
391	654
391	703
391	797
490	392
592	392
653	392
738	392
931	392
393	427
393	452
393	579
393	656
393	883
394	473
394	583
629	394
957	394
395	409
395	441
395	476
395	712
395	782
850	395
396	494
396	525
396	530
396	587
396	683
396	836
396	963
397	458
397	483
397	527
397	823
398	875
993	398
477	399
507	399
516	399
545	399
546	399
764	399
433	400
461	400
534	400
561	400
584	400
400	628
648	400
401	470
401	626
401	705
401	798
401	923
455	402
402	762
853	402
403	507
403	566
403	592
853	403
403	900
403	982
404	494
404	495
404	528
404	553
404	572
404	889
405	450
405	770
405	866
405	945
440	406
596	406
406	958
407	616
407	624
407	973
408	445
408	993
409	800
409	912
409	918
432	410
433	410
522	410
550	410
571	410
811	410
887	410
411	414
411	567
411	592
411	922
412	536
412	618
412	808
412	820
413	420
413	430
413	438
413	468
413	503
413	858
413	998
414	564
820	414
414	884
414	928
415	640
739	415
415	861
699	416
416	782
416	800
416	954
416	980
417	519
417	594
417	625
417	949
417	995
418	480
418	517
418	586
418	593
690	418
516	419
419	546
420	550
420	758
420	799
421	461
421	549
421	552
421	559
421	584
421	675
421	919
422	598
948	422
423	653
423	807
423	825
423	844
424	492
424	560
424	723
424	802
424	966
425	427
528	425
425	561
425	639
425	782
425	907
425	972
426	433
426	522
426	810
426	934
427	794
427	813
427	871
428	579
428	601
629	428
428	859
428	896
429	517
708	429
429	811
429	940
430	511
430	674
430	741
430	990
431	491
559	431
431	614
674	431
431	687
814	431
432	513
558	432
432	628
432	774
432	834
847	432
520	433
584	433
605	433
433	947
434	665
920	434
435	665
846	435
435	976
435	978
435	991
436	463
606	436
436	766
454	437
513	437
887	437
438	444
438	475
438	595
438	664
748	438
439	538
439	691
439	860
439	921
440	449
440	575
440	596
440	776
440	947
441	643
441	790
441	918
441	972
442	447
442	508
442	532
442	557
442	692
472	443
443	491
498	443
443	531
443	580
443	684
740	443
443	807
462	444
444	723
444	729
444	797
806	444
917	444
588	445
816	445
445	843
604	446
446	741
953	446
447	455
447	557
447	653
447	730
447	797
447	871
448	502
448	577
448	602
448	724
448	922
449	575
449	661
449	903
462	450
654	450
450	729
450	801
990	450
451	502
451	567
451	627
783	451
855	451
451	950
452	652
452	935
453	523
453	563
948	453
454	512
454	578
613	454
648	454
455	573
455	642
455	653
455	738
455	760
455	820
528	456
456	903
456	925
457	624
457	661
457	671
457	721
931	457
457	991
458	660
458	725
459	587
462	460
501	460
653	460
460	802
966	460
461	514
461	549
461	774
461	857
461	955
462	723
727	462
506	463
662	463
463	804
463	991
650	464
464	671
464	944
464	976
465	557
465	696
465	765
465	855
465	891
466	488
466	772
466	973
467	808
467	829
467	982
467	989
468	589
468	733
468	744
468	794
469	495
469	560
469	614
469	718
738	469
470	557
470	595
470	629
470	659
470	729
470	845
470	846
668	471
784	471
472	775
472	868
537	473
594	473
621	473
473	772
473	779
816	473
944	473
474	485
488	474
597	474
474	684
474	840
475	570
797	475
806	475
821	475
529	476
476	707
476	906
476	972
477	527
573	477
477	924
478	479
478	895
478	991
719	479
479	780
920	479
479	996
480	517
529	480
617	480
677	480
480	779
788	480
481	764
813	481
879	481
482	509
482	698
482	960
483	592
483	877
484	497
484	573
484	613
484	760
484	789
505	485
485	718
485	871
586	486
795	486
882	486
930	486
487	622
487	688
487	828
487	907
691	488
488	896
917	488
970	488
489	509
489	539
489	603
971	489
490	809
490	848
490	901
490	926
490	997
491	495
660	491
491	842
981	491
492	570
736	492
493	637
493	737
493	950
494	576
494	754
494	763
494	881
494	1000
531	495
543	495
666	495
523	496
563	496
763	496
496	775
497	659
497	678
497	719
497	923
498	687
498	740
498	999
499	680
879	499
904	499
499	924
499	964
500	517
500	537
500	667
720	500
957	500
501	940
971	501
577	502
714	502
750	502
841	502
878	502
953	502
503	511
689	503
503	971
504	549
559	504
728	504
504	774
504	810
505	574
505	577
505	631
505	752
506	572
506	596
506	651
506	758
506	982
630	507
507	642
507	849
507	932
508	556
508	613
508	831
539	509
863	509
510	711
510	860
510	876
510	986
658	511
674	511
801	511
512	513
512	534
890	512
513	534
513	628
875	513
513	947
521	514
514	657
514	744
724	515
928	515
515	968
516	861
640	517
720	517
517	725
948	517
951	517
565	518
518	615
519	770
519	839
519	870
519	897
520	525
520	535
520	697
536	521
672	521
714	521
578	522
887	522
522	919
932	522
591	523
641	523
524	542
608	524
684	524
524	976
524	996
525	766
970	525
526	807
526	882
526	885
526	961
527	533
622	527
645	527
528	589
528	695
528	860
528	907
697	529
529	858
601	530
623	530
732	530
530	857
901	530
530	963
531	611
797	531
532	609
532	658
532	659
532	705
532	798
532	805
532	852
623	533
854	533
916	533
559	534
811	534
847	534
535	571
582	535
535	975
569	536
536	792
536	900
536	928
640	537
663	537
677	537
538	572
708	538
538	974
539	721
539	895
539	964
539	976
540	964
541	636
541	869
542	561
920	542
542	976
542	991
543	729
740	543
795	543
543	894
594	544
915	544
545	546
545	745
545	872
555	546
615	546
546	680
854	546
688	547
739	547
815	547
620	548
689	548
548	777
548	797
548	909
548	999
633	549
549	810
550	570
948	550
582	551
593	551
714	551
551	774
551	958
552	578
552	607
552	725
783	552
571	553
553	728
553	796
553	818
554	602
694	554
554	900
773	555
555	828
914	555
555	956
556	703
557	626
557	849
584	558
633	558
681	558
558	725
963	558
936	559
559	955
560	657
560	861
560	961
560	981
561	665
673	561
886	561
605	562
562	834
562	847
562	934
563	849
809	564
564	877
565	591
565	695
565	780
566	845
566	864
567	631
567	643
753	567
567	792
845	567
568	611
568	664
728	568
569	574
682	569
569	809
569	979
616	570
967	570
998	570
571	763
572	780
572	913
572	965
574	694
622	575
660	575
575	671
575	722
576	698
576	717
761	576
825	576
965	576
986	576
577	592
577	864
577	982
578	628
633	578
592	579
579	819
579	883
985	579
691	580
580	769
580	775
682	581
711	581
581	927
582	836
582	949
583	851
584	725
869	584
585	792
879	585
585	929
771	586
586	930
587	735
587	949
588	617
588	779
849	589
590	696
590	765
590	852
591	686
591	777
953	592
593	610
778	593
951	593
881	594
594	937
703	595
741	595
844	595
848	595
596	624
650	596
596	865
597	718
597	744
848	598
966	598
604	599
599	680
688	599
916	599
600	657
600	693
916	600
946	600
601	851
601	896
601	926
611	602
756	602
891	602
927	602
950	602
874	603
603	952
604	683
604	728
604	832
604	910
604	949
605	947
606	828
606	834
606	984
676	607
607	725
607	811
831	607
608	654
608	667
608	837
608	909
609	717
609	860
609	984
732	610
816	610
939	610
630	611
649	611
611	792
839	611
864	611
612	848
612	945
613	629
613	696
613	738
668	614
742	614
614	885
784	616
833	616
616	875
617	665
618	624
618	704
618	721
634	619
619	860
863	619
705	620
831	620
621	772
621	778
621	940
622	791
622	893
622	964
623	802
623	917
623	926
623	995
624	758
624	908
626	632
626	678
626	685
626	884
627	631
773	627
627	826
924	628
955	628
629	727
630	922
630	979
982	630
714	631
809	631
633	857
716	634
634	881
701	635
768	635
800	635
819	635
641	636
667	636
636	729
637	756
808	637
637	829
938	637
813	638
638	822
638	843
638	964
639	883
639	906
640	771
640	826
841	640
640	882
682	641
641	731
641	850
753	642
642	796
642	818
642	900
928	642
982	642
655	643
644	735
644	933
644	939
853	645
646	769
646	885
647	701
647	712
647	782
647	883
648	811
648	934
650	911
650	942
650	988
726	651
651	766
652	796
830	652
652	845
654	710
654	781
654	962
655	668
715	655
655	758
905	656
656	980
657	876
659	686
659	730
679	660
660	721
663	722
694	664
756	664
839	664
736	667
888	667
909	667
969	669
913	670
767	671
776	671
833	671
672	808
673	975
674	733
962	674
764	675
914	675
676	684
740	676
676	744
690	677
936	677
678	766
678	798
678	923
739	679
799	679
679	867
696	680
681	873
682	716
803	682
764	684
684	795
685	734
685	738
685	765
685	890
695	686
863	686
913	686
960	686
983	686
987	686
751	687
734	688
837	688
690	772
691	715
691	870
691	970
692	880
746	693
693	822
693	842
916	693
695	713
695	840
695	968
695	974
697	715
697	933
711	698
904	699
700	735
700	827
700	970
701	985
702	757
853	702
704	975
705	797
706	808
706	928
707	771
707	784
707	906
707	943
708	816
708	820
708	951
709	749
709	808
709	852
736	710
710	779
710	784
711	912
711	953
713	780
714	804
715	827
715	949
715	963
716	757
803	716
873	717
759	718
718	894
719	749
719	923
720	942
776	721
771	722
722	882
850	723
724	752
724	866
726	823
727	760
730	855
730	893
732	899
733	772
799	733
922	733
734	838
735	836
735	859
735	910
737	935
737	989
738	854
888	741
743	843
956	743
745	810
745	929
746	822
746	977
747	870
747	901
748	755
748	891
749	805
750	786
750	841
751	941
808	752
839	752
752	908
753	864
754	790
803	754
754	889
756	979
821	757
837	757
990	757
759	795
761	915
815	762
763	790
763	913
767	776
767	816
768	812
768	883
878	769
769	894
992	769
770	802
771	772
879	773
773	883
774	887
870	775
775	871
777	781
777	999
778	781
778	816
778	957
940	779
950	779
928	780
965	780
864	781
926	782
782	943
783	839
783	922
783	950
784	813
787	811
848	787
954	788
789	796
793	790
803	793
808	795
795	876
1000	796
799	806
799	898
945	802
804	858
869	804
806	967
808	892
809	864
834	810
930	810
934	810
955	810
811	955
812	985
814	961
814	980
815	893
815	916
817	886
912	819
820	979
863	821
964	822
823	875
825	890
827	835
830	844
832	908
833	939
835	880
836	860
874	837
879	838
969	838
891	841
844	852
844	936
845	950
846	989
974	849
932	851
942	851
854	898
855	936
856	880
856	975
887	857
859	1000
987	860
1000	860
865	862
864	877
971	866
872	867
869	966
870	919
870	994
871	878
875	973
993	875
922	877
878	895
881	905
882	942
982	884
913	889
889	983
889	998
891	892
895	959
933	896
986	896
897	963
946	898
928	900
901	915
902	925
902	988
912	980
914	929
916	993
933	925
951	932
938	988
954	940
940	958
991	941
949	955
979	950
952	991
957	958
985	958
978	996
