1	6
2	5
3	6
4	1
5	2
6	1
7	10
8	3
9	2
10	4
11	5
12	9
13	3
14	4
15	3
16	2
17	5
18	1
19	7
20	1
21	5
22	3
23	3
24	7
25	4
26	12
27	1
28	3
29	3
30	9
31	1
32	4
33	4
34	2
35	8
36	8
37	10
38	4
39	8
40	6
41	9
42	1
43	1
44	4
45	1
46	2
47	12
48	7
49	7
50	3
51	10
52	10
53	11
54	2
55	10
56	7
57	8
58	6
59	8
60	4
61	2
62	9
63	4
64	7
65	7
66	1
67	2
68	6
69	5
70	10
71	11
72	3
73	9
74	4
75	5
76	1
77	2
78	2
79	4
80	2
81	12
82	3
83	3
84	2
85	6
86	7
87	3
88	1
89	3
90	5
91	8
92	7
93	5
94	12
95	1
96	4
97	10
98	7
99	11
100	6
101	3
102	9
103	4
104	4
105	4
106	2
107	4
108	9
109	1
110	12
111	9
112	1
113	9
114	1
115	1
116	2
117	9
118	6
119	5
120	6
121	9
122	4
123	7
124	8
125	4
126	11
127	8
128	12
129	2
130	2
131	6
132	10
133	2
134	11
135	1
136	1
137	4
138	6
139	1
140	7
141	10
142	1
143	1
144	1
145	7
146	12
147	10
148	7
149	7
150	11
151	1
152	2
153	3
154	11
155	2
156	2
157	9
158	8
159	6
160	1
161	5
162	8
163	4
164	10
165	5
166	1
167	2
168	10
169	9
170	8
171	8
172	1
173	3
174	9
175	7
176	8
177	1
178	5
179	2
180	3
181	2
182	2
183	10
184	5
185	10
186	12
187	10
188	12
189	12
190	5
191	11
192	3
193	2
194	1
195	10
196	2
197	6
198	7
199	3
200	1
201	6
202	6
203	1
204	3
205	10
206	4
207	6
208	12
209	12
210	3
211	6
212	4
213	2
214	4
215	3
216	6
217	11
218	1
219	5
220	1
221	11
222	12
223	2
224	8
225	7
226	10
227	1
228	11
229	8
230	11
231	1
232	5
233	4
234	12
235	5
236	8
237	12
238	9
239	5
240	6
241	2
242	4
243	3
244	11
245	6
246	4
247	4
248	12
249	9
250	2
251	1
252	4
253	7
254	3
255	2
256	5
257	2
258	3
259	5
260	2
261	12
262	3
263	2
264	10
265	7
266	4
267	2
268	11
269	2
270	3
271	1
272	2
273	2
274	9
275	3
276	6
277	7
278	1
279	8
280	10
281	1
282	6
283	1
284	11
285	3
286	2
287	4
288	12
289	2
290	8
291	1
292	9
293	8
294	3
295	9
296	7
297	2
298	1
299	1
300	2
301	8
302	12
303	8
304	5
305	10
306	9
307	1
308	12
309	8
310	3
311	5
312	6
313	4
314	3
315	1
316	1
317	10
318	4
319	4
320	5
321	12
322	6
323	7
324	3
325	1
326	10
327	2
328	4
329	2
330	4
331	5
332	10
333	2
334	7
335	1
336	12
337	2
338	2
339	1
340	6
341	1
342	9
343	12
344	1
345	5
346	1
347	8
348	9
349	4
350	2
351	12
352	2
353	5
354	9
355	1
356	10
357	2
358	1
359	5
360	5
361	5
362	10
363	2
364	1
365	7
366	4
367	3
368	2
369	5
370	1
371	11
372	5
373	1
374	2
375	9
376	3
377	4
378	8
379	12
380	3
381	1
382	8
383	11
384	10
385	12
386	10
387	3
388	1
389	3
390	7
391	2
392	6
393	10
394	8
395	10
396	5
397	9
398	9
399	4
400	11
401	6
402	4
403	3
404	1
405	2
406	9
407	9
408	9
409	10
410	11
411	3
412	3
413	2
414	3
415	4
416	10
417	5
418	8
419	4
420	2
421	11
422	2
423	6
424	2
425	10
426	11
427	10
428	5
429	8
430	2
431	7
432	11
433	11
434	12
435	12
436	1
437	11
438	2
439	5
440	9
441	10
442	6
443	7
444	2
445	8
446	5
447	6
448	3
449	9
450	2
451	3
452	3
453	1
454	11
455	6
456	9
457	9
458	9
459	5
460	2
461	11
462	2
463	1
464	9
465	6
466	5
467	3
468	2
469	7
470	6
471	10
472	7
473	8
474	7
475	2
476	10
477	4
478	12
479	12
480	8
481	4
482	1
483	3
484	6
485	7
486	8
487	4
488	5
489	12
490	5
491	7
492	2
493	3
494	1
495	7
496	1
497	6
498	7
499	4
500	8
501	2
502	3
503	2
504	11
505	3
506	1
507	3
508	6
509	12
510	1
511	2
512	11
513	11
514	7
515	3
516	4
517	8
518	1
519	5
520	5
521	3
522	11
523	1
524	12
525	5
526	7
527	4
528	1
529	2
530	5
531	7
532	6
533	4
534	11
535	5
536	3
537	8
538	1
539	12
540	4
541	2
542	12
543	7
544	5
545	4
546	4
547	4
548	2
549	11
550	2
551	8
552	11
553	3
554	3
555	4
556	6
557	6
558	11
559	11
560	7
561	12
562	11
563	1
564	3
565	1
566	3
567	3
568	3
569	3
570	2
571	5
572	1
573	6
574	3
575	9
576	1
577	3
578	11
579	10
580	7
581	1
582	5
583	8
584	11
585	4
586	8
587	5
588	8
589	1
590	6
591	1
592	3
593	8
594	5
595	2
596	9
597	7
598	2
599	4
600	4
601	5
602	3
603	12
604	5
605	11
606	1
607	11
608	2
609	1
610	8
611	3
612	2
613	6
614	7
615	1
616	9
617	8
618	9
619	1
620	6
621	8
622	4
623	5
624	9
625	5
626	6
627	3
628	11
629	6
630	3
631	3
632	6
633	11
634	1
635	10
636	2
637	3
638	4
639	10
640	8
641	2
642	3
643	10
644	5
645	4
646	7
647	10
648	11
649	3
650	9
651	1
652	3
653	6
654	2
655	10
656	10
657	7
658	6
659	6
660	9
661	9
662	1
663	8
664	3
665	12
666	7
667	2
668	10
669	4
670	1
671	9
672	3
673	12
674	2
675	4
676	7
677	8
678	6
679	4
680	4
681	1
682	1
683	5
684	7
685	6
686	1
687	7
688	4
689	2
690	8
691	5
692	1
693	4
694	3
695	1
696	6
697	5
698	1
699	2
700	5
701	10
702	4
703	2
704	12
705	6
706	3
707	10
708	8
709	6
710	2
711	1
712	2
713	1
714	3
715	5
716	1
717	1
718	7
719	6
720	8
721	9
722	8
723	2
724	3
725	11
726	9
727	6
728	3
729	2
730	6
731	2
732	5
733	2
734	4
735	5
736	2
737	3
738	6
739	4
740	7
741	2
742	7
743	8
744	7
745	4
746	4
747	5
748	2
749	6
750	3
751	12
752	3
753	3
754	1
755	2
756	3
757	1
758	9
759	2
760	6
761	5
762	4
763	1
764	4
765	6
766	1
767	9
768	10
769	7
770	2
771	8
772	8
773	4
774	11
775	7
776	9
777	2
778	8
779	8
780	1
781	2
782	10
783	3
784	10
785	2
786	3
787	4
788	8
789	6
790	1
791	4
792	3
793	1
794	2
795	7
796	3
797	2
798	6
799	2
800	10
801	2
802	2
803	1
804	2
805	6
806	2
807	7
808	3
809	3
810	11
811	11
812	10
813	10
814	7
815	4
816	8
817	12
818	3
819	10
820	3
821	1
822	4
823	9
824	11
825	6
826	8
827	5
828	4
829	3
830	6
831	6
832	3
833	9
834	11
835	1
836	5
837	1
838	4
839	3
840	7
841	3
842	4
843	8
844	6
845	3
846	6
847	11
848	2
849	1
850	2
851	8
852	6
853	4
854	4
855	6
856	12
857	11
858	2
859	5
860	1
861	4
862	9
863	1
864	3
865	9
866	2
867	4
868	7
869	2
870	5
871	7
872	4
873	1
874	1
875	9
876	7
877	3
878	7
879	4
880	1
881	1
882	8
883	10
884	3
885	7
886	12
887	11
888	2
889	1
890	6
891	3
892	3
893	4
894	7
895	12
896	5
897	5
898	4
899	5
900	3
901	5
902	9
903	9
904	2
905	1
906	10
907	10
908	3
909	2
910	5
911	9
912	10
913	1
914	4
915	5
916	4
917	5
918	10
919	11
920	12
921	5
922	3
923	6
924	4
925	9
926	5
927	1
928	3
929	4
930	8
931	6
932	8
933	5
934	11
935	3
936	6
937	5
938	3
939	9
940	8
941	12
942	8
943	10
944	9
945	2
946	4
947	11
948	2
949	5
950	3
951	8
952	12
953	3
954	8
955	11
956	4
957	8
958	8
959	12
960	1
961	7
962	2
963	5
964	4
965	1
966	2
967	2
968	1
969	4
970	5
971	2
972	10
973	9
974	1
975	12
976	12
977	4
978	12
979	3
980	10
981	7
982	3
983	1
984	1
985	10
986	1
987	1
988	9
989	3
990	2
991	12
992	7
993	9
994	5
995	5
996	12
997	5
998	1
999	7
1000	1
