411 	 944
389 	 847
342 	 875
969 	 989
79 	 524
321 	 572
735 	 899
133 	 219
27 	 838
499 	 903
93 	 886
437 	 488
808 	 817
5 	 36
354 	 392
407 	 652
464 	 975
50 	 911
892 	 900
147 	 205
701 	 748
289 	 390
188 	 650
192 	 830
124 	 604
202 	 822
76 	 989
339 	 391
288 	 324
699 	 743
222 	 476
632 	 657
599 	 604
449 	 890
214 	 568
426 	 608
127 	 220
873 	 876
103 	 161
433 	 445
713 	 757
22 	 199
263 	 305
820 	 938
607 	 612
915 	 944
902 	 904
151 	 390
83 	 456
846 	 875
359 	 748
786 	 812
773 	 796
955 	 995
262 	 283
321 	 971
215 	 299
308 	 757
182 	 212
596 	 606
743 	 989
303 	 954
129 	 369
148 	 205
351 	 582
64 	 97
782 	 822
687 	 760
748 	 776
216 	 806
752 	 984
706 	 764
596 	 700
213 	 542
619 	 633
695 	 702
611 	 697
21 	 421
432 	 483
14 	 622
951 	 987
557 	 582
357 	 420
364 	 378
987 	 999
508 	 970
848 	 988
40 	 687
892 	 944
767 	 778
434 	 588
637 	 875
538 	 878
421 	 856
662 	 896
50 	 572
176 	 208
460 	 649
634 	 838
926 	 940
251 	 256
528 	 908
615 	 688
197 	 605
180 	 935
71 	 190
113 	 324
612 	 876
461 	 902
581 	 763
28 	 747
604 	 780
603 	 875
645 	 652
445 	 498
469 	 512
26 	 111
136 	 146
374 	 391
764 	 771
71 	 495
320 	 454
396 	 446
607 	 608
410 	 746
894 	 914
328 	 976
258 	 302
380 	 389
77 	 477
705 	 738
162 	 187
488 	 839
9 	 724
976 	 990
602 	 757
30 	 100
485 	 985
82 	 285
303 	 837
619 	 718
531 	 604
52 	 581
748 	 996
16 	 34
168 	 171
352 	 410
558 	 607
137 	 199
706 	 712
190 	 495
447 	 488
407 	 594
982 	 996
236 	 514
39 	 45
956 	 989
633 	 832
640 	 681
770 	 785
848 	 960
378 	 450
737 	 777
256 	 289
698 	 759
399 	 792
165 	 482
246 	 251
211 	 612
48 	 53
555 	 825
388 	 404
191 	 549
341 	 402
783 	 809
612 	 823
41 	 477
206 	 959
893 	 933
124 	 866
326 	 486
221 	 222
113 	 511
555 	 750
121 	 986
612 	 614
776 	 789
374 	 411
672 	 968
694 	 700
659 	 719
387 	 398
8 	 64
855 	 871
12 	 57
276 	 640
150 	 155
781 	 973
155 	 692
600 	 776
601 	 672
361 	 389
705 	 718
743 	 790
195 	 792
104 	 710
221 	 552
191 	 220
852 	 877
692 	 964
124 	 134
88 	 295
787 	 982
63 	 97
31 	 707
435 	 508
628 	 643
625 	 653
438 	 630
495 	 639
81 	 479
648 	 999
146 	 151
537 	 610
662 	 839
676 	 771
366 	 389
407 	 463
853 	 875
156 	 203
288 	 474
404 	 777
323 	 713
237 	 263
103 	 348
509 	 647
607 	 988
599 	 688
380 	 916
17 	 66
113 	 539
832 	 836
13 	 150
251 	 633
273 	 363
72 	 891
22 	 162
97 	 111
336 	 770
972 	 982
59 	 423
574 	 582
868 	 889
8 	 36
246 	 565
855 	 899
363 	 881
627 	 742
400 	 406
130 	 178
655 	 938
820 	 875
773 	 801
955 	 976
187 	 438
411 	 830
955 	 959
285 	 762
507 	 570
91 	 185
365 	 560
382 	 392
493 	 629
548 	 691
173 	 566
602 	 606
839 	 851
359 	 777
243 	 306
961 	 973
105 	 275
5 	 926
432 	 447
19 	 114
770 	 816
387 	 718
904 	 945
100 	 103
140 	 784
123 	 206
767 	 787
179 	 876
252 	 292
577 	 955
831 	 868
637 	 951
434 	 448
952 	 982
2 	 852
20 	 535
827 	 907
797 	 807
390 	 649
289 	 613
164 	 369
572 	 608
467 	 484
599 	 601
17 	 31
491 	 494
621 	 792
236 	 308
24 	 939
136 	 173
126 	 257
56 	 118
23 	 359
338 	 369
121 	 129
747 	 989
564 	 575
359 	 399
441 	 520
890 	 941
655 	 795
325 	 410
272 	 691
977 	 985
388 	 838
411 	 751
432 	 825
381 	 913
955 	 996
476 	 909
25 	 101
343 	 349
308 	 760
488 	 862
596 	 605
135 	 169
463 	 550
138 	 405
582 	 594
531 	 742
88 	 137
406 	 652
835 	 880
139 	 823
86 	 424
253 	 441
263 	 672
359 	 821
787 	 798
421 	 740
791 	 958
137 	 187
16 	 227
15 	 47
536 	 601
131 	 572
275 	 492
597 	 603
289 	 308
185 	 389
228 	 295
183 	 767
39 	 371
167 	 392
314 	 850
435 	 968
719 	 848
4 	 103
336 	 390
288 	 295
954 	 959
771 	 797
129 	 726
599 	 613
51 	 135
693 	 746
174 	 205
728 	 742
122 	 364
198 	 199
273 	 292
93 	 445
74 	 457
794 	 968
776 	 820
833 	 876
28 	 524
177 	 976
936 	 938
664 	 671
26 	 31
245 	 407
263 	 286
376 	 701
97 	 134
463 	 501
393 	 647
233 	 454
125 	 724
402 	 841
608 	 947
613 	 617
639 	 989
433 	 791
610 	 715
705 	 739
264 	 420
346 	 389
363 	 619
254 	 276
39 	 610
221 	 605
740 	 757
97 	 595
368 	 800
921 	 955
463 	 514
213 	 861
392 	 640
402 	 508
545 	 598
835 	 884
602 	 613
21 	 459
425 	 564
137 	 200
408 	 411
53 	 92
804 	 934
200 	 213
328 	 420
77 	 98
540 	 604
96 	 904
171 	 491
744 	 796
247 	 274
413 	 420
36 	 937
810 	 818
39 	 46
43 	 161
480 	 502
303 	 407
544 	 829
516 	 612
92 	 662
348 	 784
541 	 983
648 	 787
875 	 889
213 	 392
767 	 811
36 	 647
330 	 422
698 	 758
403 	 428
495 	 702
774 	 841
905 	 954
375 	 408
213 	 503
783 	 959
533 	 674
788 	 997
495 	 813
831 	 907
727 	 748
251 	 273
785 	 815
783 	 810
436 	 447
455 	 495
137 	 610
503 	 507
528 	 653
906 	 925
68 	 566
375 	 596
608 	 612
445 	 518
430 	 472
2 	 241
608 	 753
958 	 962
591 	 862
367 	 958
22 	 111
440 	 948
367 	 813
321 	 901
361 	 390
308 	 703
35 	 91
328 	 580
369 	 945
334 	 495
111 	 161
480 	 790
697 	 702
454 	 935
43 	 468
31 	 689
695 	 716
554 	 998
661 	 848
597 	 846
558 	 578
216 	 606
978 	 983
44 	 853
390 	 865
29 	 33
640 	 767
749 	 920
661 	 686
39 	 74
948 	 956
342 	 393
537 	 611
228 	 274
390 	 515
449 	 451
327 	 488
953 	 979
366 	 388
495 	 858
61 	 216
156 	 206
340 	 793
356 	 438
180 	 196
145 	 859
2 	 744
388 	 399
62 	 252
208 	 274
339 	 417
267 	 710
251 	 309
914 	 939
738 	 815
154 	 846
268 	 323
932 	 953
237 	 949
243 	 570
315 	 923
297 	 610
570 	 929
627 	 660
237 	 972
203 	 632
35 	 157
739 	 757
868 	 969
99 	 792
655 	 943
39 	 720
243 	 875
739 	 872
851 	 878
816 	 910
267 	 459
68 	 110
126 	 192
151 	 841
583 	 720
382 	 391
843 	 873
148 	 179
610 	 612
55 	 277
277 	 791
97 	 539
334 	 356
153 	 285
195 	 236
358 	 366
55 	 392
610 	 989
208 	 916
300 	 301
602 	 605
303 	 894
361 	 815
748 	 939
787 	 823
633 	 667
137 	 160
614 	 782
157 	 195
514 	 520
571 	 593
848 	 849
153 	 938
451 	 851
970 	 995
491 	 904
455 	 875
844 	 906
354 	 390
339 	 724
892 	 902
107 	 696
289 	 297
199 	 368
737 	 835
292 	 604
312 	 517
425 	 441
741 	 743
85 	 131
676 	 802
434 	 447
766 	 790
623 	 647
170 	 389
529 	 590
232 	 323
360 	 394
841 	 848
663 	 665
391 	 960
339 	 389
637 	 662
699 	 741
862 	 889
609 	 619
3 	 176
169 	 220
632 	 659
81 	 776
586 	 879
590 	 847
203 	 295
612 	 991
151 	 207
227 	 417
445 	 496
11 	 630
6 	 858
642 	 702
236 	 307
699 	 967
131 	 187
371 	 536
393 	 910
84 	 135
140 	 169
433 	 447
842 	 983
608 	 700
561 	 955
189 	 604
393 	 797
231 	 251
359 	 400
198 	 772
111 	 541
607 	 610
294 	 854
444 	 509
373 	 399
565 	 753
566 	 602
181 	 762
239 	 308
664 	 969
704 	 752
582 	 720
1 	 31
272 	 852
58 	 484
260 	 892
117 	 571
139 	 165
161 	 981
104 	 781
329 	 523
44 	 98
462 	 467
395 	 414
207 	 607
253 	 297
490 	 939
472 	 527
899 	 909
482 	 523
524 	 570
165 	 746
6 	 456
342 	 480
516 	 519
128 	 483
42 	 500
156 	 408
33 	 219
416 	 586
185 	 390
792 	 803
594 	 608
495 	 679
586 	 608
202 	 839
96 	 359
6 	 523
136 	 720
11 	 933
390 	 748
710 	 743
156 	 182
447 	 917
163 	 876
127 	 393
457 	 661
399 	 604
60 	 466
793 	 995
170 	 370
336 	 389
155 	 456
206 	 921
397 	 416
63 	 807
728 	 741
859 	 886
130 	 430
42 	 618
279 	 783
936 	 937
526 	 665
400 	 608
846 	 956
384 	 973
450 	 939
781 	 811
215 	 619
570 	 586
488 	 611
184 	 422
596 	 798
643 	 951
239 	 464
186 	 194
169 	 786
254 	 275
285 	 291
748 	 853
44 	 78
462 	 503
64 	 391
219 	 222
649 	 917
190 	 493
447 	 486
192 	 291
16 	 81
644 	 668
227 	 852
76 	 91
620 	 666
238 	 323
500 	 808
374 	 771
390 	 558
250 	 269
449 	 488
698 	 757
577 	 996
793 	 801
40 	 990
387 	 806
390 	 703
505 	 959
73 	 643
388 	 406
301 	 627
70 	 205
435 	 892
111 	 921
365 	 505
755 	 817
84 	 97
672 	 676
289 	 797
189 	 941
445 	 519
283 	 346
103 	 111
454 	 465
419 	 938
187 	 190
60 	 954
223 	 664
195 	 705
34 	 711
347 	 392
2 	 97
846 	 864
22 	 110
296 	 323
647 	 657
262 	 447
613 	 959
574 	 657
271 	 645
720 	 748
11 	 66
433 	 820
186 	 222
705 	 720
358 	 488
656 	 897
95 	 747
592 	 595
9 	 754
26 	 566
432 	 722
359 	 916
365 	 597
261 	 304
463 	 910
675 	 782
838 	 848
748 	 962
610 	 801
21 	 496
407 	 897
208 	 816
852 	 992
360 	 929
805 	 820
381 	 414
762 	 763
903 	 917
135 	 547
602 	 866
146 	 252
456 	 483
190 	 211
853 	 919
247 	 494
434 	 513
342 	 408
361 	 609
309 	 705
831 	 838
208 	 499
48 	 102
495 	 863
559 	 596
45 	 814
301 	 712
524 	 957
366 	 532
684 	 691
615 	 667
6 	 579
914 	 938
391 	 612
447 	 832
73 	 925
90 	 611
440 	 467
372 	 393
177 	 683
29 	 652
506 	 723
275 	 776
155 	 210
599 	 797
251 	 647
35 	 444
517 	 520
520 	 737
776 	 891
638 	 672
160 	 210
21 	 874
276 	 557
389 	 758
777 	 828
708 	 978
601 	 608
359 	 372
530 	 550
73 	 89
989 	 991
72 	 923
130 	 184
3 	 704
150 	 189
8 	 179
445 	 777
21 	 80
955 	 974
761 	 789
726 	 783
172 	 430
17 	 671
460 	 503
40 	 243
829 	 854
135 	 195
610 	 611
61 	 851
757 	 760
847 	 882
242 	 307
545 	 560
601 	 924
361 	 816
125 	 217
69 	 609
16 	 28
399 	 402
610 	 845
57 	 472
195 	 318
572 	 918
57 	 327
96 	 112
100 	 105
633 	 890
892 	 901
252 	 294
741 	 744
306 	 619
326 	 872
223 	 242
278 	 517
988 	 996
127 	 622
663 	 666
222 	 424
615 	 647
266 	 778
914 	 918
384 	 408
60 	 294
612 	 881
599 	 607
604 	 801
15 	 576
436 	 615
561 	 606
940 	 983
251 	 556
38 	 632
331 	 452
366 	 939
646 	 777
742 	 996
335 	 396
578 	 579
445 	 608
287 	 303
393 	 798
230 	 289
547 	 611
271 	 803
184 	 212
94 	 850
342 	 728
655 	 793
938 	 945
363 	 742
1 	 97
734 	 915
955 	 994
68 	 73
322 	 470
103 	 627
81 	 93
795 	 809
463 	 603
95 	 590
317 	 608
355 	 391
161 	 180
19 	 178
14 	 619
41 	 537
369 	 390
170 	 181
139 	 762
640 	 690
495 	 565
482 	 748
653 	 663
390 	 969
248 	 773
767 	 781
292 	 631
144 	 762
366 	 442
766 	 825
93 	 635
478 	 945
447 	 869
288 	 289
954 	 957
850 	 884
443 	 444
99 	 298
259 	 474
335 	 373
388 	 744
175 	 222
436 	 756
149 	 505
845 	 878
332 	 771
445 	 612
374 	 388
590 	 596
898 	 936
716 	 921
263 	 276
194 	 983
359 	 425
271 	 831
153 	 154
82 	 854
172 	 728
872 	 875
251 	 913
288 	 758
807 	 816
643 	 773
259 	 542
389 	 605
510 	 791
204 	 600
535 	 650
613 	 762
66 	 619
490 	 731
403 	 708
40 	 187
60 	 601
44 	 64
338 	 799
196 	 393
111 	 118
652 	 654
67 	 488
195 	 209
838 	 875
399 	 479
314 	 327
22 	 638
373 	 936
412 	 850
320 	 889
196 	 679
62 	 786
903 	 938
585 	 599
146 	 176
39 	 435
461 	 481
710 	 936
749 	 852
473 	 495
533 	 573
132 	 254
96 	 309
576 	 767
356 	 412
767 	 956
17 	 300
131 	 320
300 	 833
251 	 287
341 	 413
785 	 801
19 	 745
4 	 69
370 	 645
479 	 487
358 	 768
528 	 538
15 	 581
954 	 985
401 	 937
164 	 267
24 	 783
63 	 881
178 	 219
893 	 936
127 	 136
385 	 477
117 	 410
598 	 599
183 	 261
457 	 511
607 	 797
776 	 786
354 	 875
46 	 117
488 	 676
111 	 619
440 	 797
332 	 960
371 	 432
439 	 477
22 	 109
480 	 737
618 	 776
570 	 613
812 	 996
116 	 495
440 	 547
891 	 937
246 	 896
336 	 766
361 	 392
583 	 599
575 	 583
386 	 483
7 	 19
303 	 902
394 	 944
195 	 787
473 	 625
605 	 810
144 	 205
348 	 418
224 	 275
592 	 707
473 	 911
1 	 998
5 	 790
243 	 265
762 	 777
196 	 643
805 	 829
270 	 440
63 	 247
692 	 739
376 	 406
87 	 233
732 	 742
5 	 76
960 	 990
157 	 927
353 	 946
42 	 459
831 	 843
88 	 872
737 	 792
641 	 882
72 	 308
222 	 323
315 	 613
154 	 931
634 	 771
269 	 438
509 	 787
255 	 283
150 	 663
495 	 954
632 	 649
391 	 609
251 	 422
626 	 632
445 	 454
391 	 756
47 	 114
251 	 533
441 	 785
665 	 753
456 	 840
166 	 622
226 	 324
136 	 219
902 	 944
282 	 323
237 	 853
498 	 989
359 	 708
773 	 804
30 	 775
911 	 946
325 	 327
773 	 947
575 	 611
830 	 832
579 	 610
705 	 813
390 	 399
234 	 773
554 	 806
643 	 751
830 	 913
263 	 808
433 	 575
75 	 916
1 	 851
224 	 375
433 	 654
399 	 407
165 	 865
249 	 978
373 	 928
303 	 755
432 	 459
805 	 849
515 	 939
848 	 851
85 	 431
875 	 925
432 	 444
364 	 402
1 	 752
536 	 562
257 	 666
9 	 43
100 	 108
210 	 736
389 	 399
892 	 904
688 	 875
58 	 612
478 	 827
353 	 606
444 	 631
470 	 471
736 	 944
841 	 882
145 	 185
623 	 632
143 	 472
219 	 890
478 	 989
581 	 884
699 	 739
20 	 762
525 	 875
599 	 608
17 	 18
418 	 739
589 	 610
3 	 93
881 	 944
385 	 389
166 	 514
335 	 393
229 	 652
108 	 767
240 	 278
517 	 741
388 	 937
230 	 304
359 	 398
184 	 211
389 	 747
391 	 393
215 	 589
239 	 327
613 	 632
601 	 684
786 	 816
773 	 776
39 	 746
3 	 564
440 	 619
743 	 834
565 	 610
765 	 778
566 	 713
398 	 839
1 	 17
602 	 669
58 	 83
170 	 521
778 	 842
795 	 810
835 	 875
463 	 604
913 	 929
968 	 971
18 	 589
425 	 603
352 	 418
10 	 33
210 	 393
266 	 399
473 	 839
110 	 112
224 	 252
368 	 588
137 	 190
435 	 447
109 	 298
415 	 761
554 	 589
866 	 867
662 	 666
614 	 689
247 	 444
175 	 581
465 	 618
987 	 995
253 	 521
904 	 914
265 	 337
487 	 582
399 	 832
80 	 767
300 	 983
214 	 773
256 	 410
495 	 792
388 	 444
819 	 974
145 	 165
184 	 734
519 	 831
70 	 215
17 	 495
453 	 739
771 	 796
624 	 944
775 	 820
650 	 655
298 	 476
444 	 994
47 	 63
103 	 359
324 	 600
367 	 732
388 	 743
29 	 717
149 	 506
76 	 684
228 	 885
430 	 497
599 	 838
78 	 447
664 	 668
422 	 797
230 	 324
175 	 445
359 	 426
722 	 748
613 	 901
44 	 388
316 	 359
389 	 719
593 	 601
613 	 620
225 	 829
359 	 652
35 	 54
385 	 941
7 	 56
121 	 493
217 	 748
398 	 875
160 	 608
773 	 907
221 	 608
976 	 986
463 	 517
705 	 900
157 	 359
584 	 586
605 	 613
679 	 680
403 	 995
314 	 439
903 	 943
9 	 389
584 	 880
71 	 583
190 	 205
653 	 805
244 	 803
875 	 981
469 	 902
361 	 519
437 	 476
23 	 533
495 	 722
443 	 793
533 	 574
102 	 951
464 	 820
620 	 954
232 	 312
70 	 425
19 	 855
458 	 463
116 	 743
23 	 887
707 	 748
251 	 288
237 	 287
645 	 822
616 	 739
213 	 216
111 	 927
492 	 873
624 	 964
775 	 800
646 	 686
132 	 812
125 	 847
142 	 383
828 	 868
98 	 387
159 	 644
236 	 509
111 	 761
46 	 116
32 	 33
521 	 696
391 	 450
158 	 459
739 	 752
206 	 511
117 	 816
46 	 278
414 	 786
349 	 459
187 	 414
630 	 632
377 	 516
433 	 822
92 	 105
734 	 986
186 	 228
601 	 787
928 	 938
343 	 412
334 	 381
100 	 691
103 	 572
588 	 602
54 	 78
178 	 802
109 	 596
227 	 643
179 	 610
839 	 902
328 	 385
147 	 452
369 	 384
472 	 561
495 	 515
460 	 922
96 	 118
763 	 787
29 	 83
361 	 611
18 	 456
611 	 863
774 	 793
580 	 586
952 	 974
219 	 756
662 	 948
387 	 776
793 	 831
634 	 657
24 	 479
688 	 952
529 	 613
192 	 773
841 	 855
33 	 884
568 	 670
4 	 19
339 	 416
707 	 720
341 	 434
14 	 118
391 	 610
736 	 762
154 	 196
27 	 116
445 	 455
122 	 184
784 	 792
329 	 376
20 	 955
456 	 839
26 	 442
832 	 848
280 	 501
525 	 934
393 	 868
450 	 887
672 	 936
287 	 324
677 	 976
108 	 675
890 	 917
564 	 600
32 	 406
55 	 95
739 	 756
601 	 721
252 	 557
657 	 675
158 	 352
52 	 965
114 	 516
610 	 647
955 	 972
424 	 445
393 	 465
31 	 103
748 	 753
198 	 736
553 	 995
406 	 515
455 	 686
100 	 687
619 	 767
601 	 926
34 	 45
734 	 736
10 	 12
447 	 465
139 	 994
399 	 408
472 	 616
134 	 171
157 	 222
514 	 517
571 	 608
347 	 768
438 	 549
260 	 733
357 	 437
848 	 963
100 	 107
767 	 791
584 	 965
289 	 300
132 	 168
792 	 796
831 	 872
330 	 355
24 	 483
444 	 743
417 	 575
707 	 724
84 	 317
71 	 75
663 	 783
275 	 584
456 	 517
150 	 682
137 	 573
599 	 605
604 	 803
568 	 904
538 	 721
262 	 817
833 	 917
642 	 691
237 	 517
385 	 390
635 	 660
380 	 801
251 	 665
435 	 612
338 	 373
560 	 578
232 	 657
164 	 177
149 	 197
389 	 748
410 	 785
230 	 448
608 	 859
402 	 754
169 	 825
588 	 772
488 	 858
493 	 710
553 	 991
356 	 712
34 	 96
186 	 389
277 	 822
835 	 876
588 	 610
631 	 642
373 	 846
139 	 902
89 	 745
856 	 881
228 	 256
376 	 432
679 	 923
389 	 477
33 	 111
89 	 775
20 	 345
724 	 749
461 	 511
194 	 222
192 	 639
124 	 285
516 	 665
38 	 69
366 	 440
40 	 571
979 	 995
374 	 989
231 	 640
213 	 479
124 	 654
623 	 674
128 	 206
456 	 715
792 	 941
404 	 984
304 	 887
41 	 87
495 	 904
140 	 411
141 	 178
771 	 793
231 	 297
94 	 97
496 	 957
98 	 102
506 	 649
326 	 414
242 	 851
23 	 408
263 	 391
387 	 419
854 	 889
604 	 606
397 	 592
475 	 668
349 	 369
100 	 811
122 	 571
621 	 677
593 	 602
863 	 890
333 	 820
209 	 226
316 	 584
66 	 617
445 	 930
549 	 576
657 	 808
385 	 635
270 	 402
696 	 720
571 	 933
848 	 869
540 	 608
374 	 750
390 	 777
661 	 662
456 	 508
662 	 701
951 	 956
370 	 895
66 	 70
248 	 886
143 	 196
737 	 927
146 	 174
401 	 495
299 	 454
434 	 619
896 	 911
366 	 412
15 	 297
218 	 349
667 	 668
388 	 407
576 	 586
237 	 288
771 	 846
632 	 679
29 	 564
954 	 991
589 	 604
496 	 612
28 	 718
729 	 879
397 	 447
36 	 199
259 	 444
36 	 88
350 	 364
702 	 759
901 	 910
230 	 278
103 	 110
547 	 570
359 	 508
184 	 229
55 	 116
93 	 163
333 	 626
739 	 749
337 	 373
103 	 848
361 	 379
894 	 945
487 	 495
475 	 495
458 	 757
851 	 902
545 	 825
731 	 736
583 	 597
532 	 547
437 	 807
959 	 1000
705 	 707
503 	 548
55 	 269
592 	 608
377 	 739
196 	 359
588 	 601
182 	 904
10 	 239
450 	 504
799 	 815
20 	 70
973 	 998
866 	 976
43 	 111
762 	 783
908 	 915
328 	 388
459 	 511
139 	 557
625 	 642
508 	 776
37 	 536
75 	 687
554 	 652
495 	 516
333 	 363
763 	 788
305 	 936
447 	 743
161 	 476
383 	 737
774 	 776
633 	 976
192 	 695
15 	 406
279 	 287
50 	 583
836 	 868
841 	 856
363 	 392
75 	 99
632 	 651
176 	 481
534 	 767
607 	 989
399 	 642
3 	 119
154 	 195
445 	 456
287 	 423
397 	 419
479 	 739
873 	 886
97 	 100
226 	 322
798 	 988
287 	 321
160 	 211
362 	 386
825 	 872
346 	 773
573 	 810
368 	 416
958 	 994
526 	 734
344 	 391
347 	 359
400 	 401
4 	 656
484 	 516
451 	 457
217 	 903
656 	 708
268 	 771
201 	 256
773 	 814
761 	 792
364 	 967
247 	 914
213 	 802
697 	 751
459 	 674
22 	 722
320 	 989
358 	 362
87 	 954
199 	 680
399 	 486
157 	 176
856 	 880
787 	 819
243 	 299
743 	 744
181 	 213
41 	 576
557 	 608
317 	 917
376 	 380
70 	 701
52 	 162
270 	 299
696 	 982
917 	 935
409 	 802
24 	 397
18 	 52
76 	 838
628 	 817
335 	 979
17 	 374
595 	 703
61 	 103
145 	 202
741 	 856
280 	 310
289 	 745
220 	 573
185 	 810
175 	 197
422 	 918
543 	 724
72 	 854
543 	 611
485 	 495
359 	 388
458 	 595
868 	 924
894 	 904
846 	 869
138 	 702
246 	 901
361 	 435
510 	 784
21 	 111
704 	 748
686 	 781
429 	 508
47 	 959
342 	 567
700 	 913
830 	 834
226 	 810
652 	 790
601 	 972
148 	 211
257 	 316
438 	 501
49 	 702
913 	 931
360 	 776
195 	 204
162 	 499
402 	 420
147 	 359
482 	 926
355 	 390
263 	 657
787 	 791
696 	 747
899 	 905
425 	 748
482 	 527
435 	 445
951 	 989
438 	 520
442 	 573
208 	 658
86 	 118
195 	 285
766 	 980
987 	 993
110 	 144
278 	 836
354 	 422
461 	 512
724 	 752
327 	 401
889 	 926
780 	 799
228 	 302
287 	 803
615 	 674
569 	 590
90 	 559
2 	 605
207 	 408
283 	 432
598 	 719
289 	 757
74 	 99
441 	 860
186 	 665
103 	 248
234 	 357
71 	 338
764 	 793
430 	 495
341 	 576
435 	 517
949 	 959
371 	 391
479 	 838
46 	 159
608 	 809
151 	 444
120 	 695
239 	 353
518 	 662
184 	 418
682 	 832
389 	 608
891 	 916
448 	 509
143 	 619
587 	 613
773 	 998
384 	 815
405 	 418
446 	 524
743 	 868
212 	 922
488 	 893
100 	 665
48 	 665
748 	 841
438 	 457
369 	 632
120 	 251
548 	 626
201 	 613
130 	 697
706 	 730
762 	 882
137 	 205
338 	 574
320 	 870
435 	 466
364 	 574
922 	 994
495 	 502
318 	 389
364 	 459
661 	 663
260 	 280
495 	 613
948 	 980
308 	 433
827 	 989
300 	 821
909 	 927
269 	 318
360 	 381
606 	 613
143 	 483
165 	 383
4 	 57
388 	 410
616 	 656
218 	 461
165 	 206
736 	 887
617 	 647
568 	 602
440 	 459
60 	 367
82 	 747
227 	 502
228 	 949
747 	 749
341 	 382
187 	 215
776 	 787
173 	 486
454 	 477
613 	 812
387 	 392
811 	 928
12 	 63
530 	 574
347 	 388
608 	 781
190 	 984
444 	 460
618 	 773
11 	 251
376 	 525
573 	 613
282 	 390
30 	 832
380 	 423
433 	 824
238 	 957
77 	 511
704 	 804
26 	 905
111 	 166
438 	 444
465 	 504
619 	 665
644 	 990
328 	 349
838 	 844
697 	 818
126 	 618
696 	 702
649 	 949
333 	 390
762 	 782
633 	 644
435 	 502
571 	 954
369 	 370
848 	 892
205 	 208
297 	 495
762 	 767
390 	 876
692 	 744
9 	 50
389 	 406
214 	 217
948 	 959
625 	 786
313 	 648
223 	 399
487 	 516
18 	 87
495 	 867
559 	 600
154 	 567
707 	 718
103 	 451
546 	 714
14 	 116
36 	 392
534 	 653
572 	 586
771 	 815
440 	 442
335 	 658
632 	 646
690 	 903
598 	 790
17 	 72
111 	 812
975 	 977
383 	 416
638 	 668
233 	 613
113 	 767
116 	 178
284 	 786
251 	 984
235 	 433
11 	 98
158 	 207
610 	 758
473 	 592
144 	 189
817 	 825
658 	 662
839 	 853
575 	 979
723 	 738
715 	 722
848 	 864
43 	 211
770 	 802
76 	 103
512 	 875
95 	 263
749 	 776
52 	 210
289 	 302
327 	 438
147 	 200
662 	 869
390 	 610
106 	 941
585 	 848
399 	 978
119 	 955
85 	 255
198 	 314
90 	 673
71 	 73
111 	 998
467 	 478
287 	 625
419 	 665
665 	 673
456 	 920
13 	 33
108 	 355
435 	 655
772 	 790
578 	 583
448 	 661
694 	 845
442 	 460
259 	 276
262 	 721
316 	 495
543 	 612
138 	 963
146 	 868
574 	 612
225 	 933
552 	 577
74 	 642
114 	 605
130 	 152
187 	 481
613 	 627
392 	 884
731 	 742
812 	 813
243 	 908
389 	 524
195 	 807
158 	 211
307 	 921
1 	 20
242 	 322
592 	 610
187 	 707
669 	 707
389 	 923
743 	 984
217 	 642
325 	 565
19 	 396
695 	 875
210 	 381
622 	 688
548 	 597
402 	 419
368 	 1000
787 	 792
438 	 662
133 	 166
334 	 613
19 	 61
291 	 954
692 	 736
451 	 692
395 	 844
667 	 996
482 	 752
152 	 874
653 	 659
813 	 870
892 	 933
767 	 817
896 	 917
54 	 584
457 	 523
110 	 945
240 	 770
388 	 445
576 	 600
779 	 824
251 	 263
435 	 962
206 	 771
152 	 445
336 	 388
555 	 610
324 	 601
17 	 113
397 	 405
475 	 981
154 	 186
245 	 255
189 	 791
759 	 881
707 	 984
91 	 741
573 	 909
910 	 932
251 	 699
226 	 393
340 	 385
604 	 608
415 	 467
445 	 862
377 	 892
593 	 604
636 	 736
280 	 910
126 	 242
916 	 938
959 	 970
337 	 425
356 	 661
263 	 961
282 	 602
429 	 473
843 	 859
385 	 863
441 	 503
281 	 288
322 	 438
473 	 520
328 	 380
112 	 289
367 	 488
143 	 821
697 	 791
352 	 391
190 	 488
137 	 206
447 	 495
109 	 762
644 	 671
459 	 473
438 	 746
193 	 677
715 	 746
19 	 33
260 	 279
592 	 954
370 	 893
190 	 202
480 	 500
210 	 652
345 	 399
238 	 318
61 	 347
185 	 423
42 	 100
793 	 806
606 	 612
737 	 767
351 	 391
170 	 456
793 	 853
10 	 623
248 	 523
4 	 73
671 	 997
287 	 570
954 	 989
741 	 873
317 	 369
50 	 396
785 	 963
150 	 849
832 	 853
137 	 838
141 	 950
626 	 682
350 	 362
776 	 782
445 	 516
608 	 767
368 	 390
97 	 201
387 	 389
776 	 931
958 	 988
677 	 806
647 	 662
739 	 747
579 	 888
570 	 617
94 	 519
389 	 573
410 	 640
1 	 45
206 	 222
761 	 877
390 	 407
527 	 665
964 	 991
235 	 655
367 	 388
224 	 287
261 	 277
333 	 391
485 	 730
714 	 966
165 	 736
93 	 874
97 	 945
447 	 741
416 	 640
701 	 736
689 	 868
192 	 689
70 	 505
256 	 462
75 	 399
889 	 983
28 	 29
515 	 519
2 	 762
116 	 712
685 	 859
724 	 901
142 	 190
993 	 996
497 	 723
632 	 645
121 	 799
699 	 702
2 	 412
178 	 251
311 	 319
251 	 644
216 	 504
56 	 111
682 	 716
613 	 890
262 	 764
229 	 611
547 	 604
362 	 392
57 	 724
232 	 767
703 	 730
373 	 433
655 	 945
290 	 973
437 	 662
553 	 599
57 	 562
440 	 515
393 	 468
11 	 111
748 	 758
18 	 827
126 	 186
860 	 992
359 	 599
518 	 638
829 	 851
244 	 307
116 	 384
346 	 455
511 	 765
817 	 826
8 	 989
124 	 202
261 	 265
120 	 190
856 	 874
700 	 710
157 	 217
67 	 91
272 	 314
791 	 796
861 	 881
848 	 863
640 	 665
146 	 219
904 	 938
354 	 416
389 	 395
767 	 790
188 	 529
831 	 875
741 	 749
28 	 76
29 	 289
528 	 783
965 	 981
253 	 967
223 	 251
279 	 313
447 	 995
431 	 488
145 	 189
732 	 785
793 	 909
24 	 109
392 	 393
142 	 162
862 	 883
663 	 782
62 	 395
377 	 421
659 	 989
366 	 789
350 	 400
175 	 203
604 	 853
469 	 484
127 	 196
811 	 819
82 	 579
228 	 861
177 	 987
194 	 861
32 	 85
659 	 767
240 	 274
393 	 771
267 	 808
50 	 190
882 	 885
437 	 588
2 	 51
74 	 312
22 	 64
245 	 297
894 	 902
220 	 251
734 	 893
613 	 628
731 	 739
52 	 806
730 	 974
592 	 609
390 	 495
263 	 885
53 	 297
100 	 720
195 	 202
656 	 885
548 	 600
447 	 500
696 	 741
186 	 364
137 	 162
230 	 595
435 	 443
956 	 969
43 	 184
770 	 781
297 	 311
495 	 570
597 	 610
209 	 611
892 	 936
767 	 818
434 	 580
199 	 334
327 	 407
792 	 825
758 	 979
28 	 88
434 	 477
289 	 442
870 	 886
67 	 611
176 	 325
132 	 931
615 	 680
208 	 216
194 	 622
185 	 857
23 	 73
174 	 181
268 	 308
251 	 474
693 	 753
90 	 606
534 	 565
276 	 797
331 	 402
350 	 404
617 	 843
233 	 672
729 	 773
694 	 831
132 	 722
561 	 974
263 	 390
137 	 826
590 	 591
613 	 818
387 	 418
604 	 607
694 	 721
57 	 652
24 	 678
280 	 800
894 	 938
604 	 720
288 	 753
129 	 136
573 	 579
173 	 177
211 	 512
271 	 606
743 	 866
565 	 578
531 	 690
843 	 860
316 	 970
463 	 521
173 	 983
964 	 998
601 	 938
234 	 705
657 	 908
714 	 719
238 	 249
1 	 880
370 	 385
152 	 713
389 	 783
502 	 644
852 	 857
399 	 420
809 	 818
801 	 822
161 	 213
471 	 498
328 	 409
628 	 687
848 	 866
428 	 463
266 	 320
625 	 665
951 	 959
633 	 840
156 	 473
709 	 741
33 	 142
143 	 199
238 	 317
39 	 440
848 	 904
260 	 423
563 	 566
137 	 444
516 	 762
170 	 438
314 	 774
525 	 634
28 	 52
93 	 604
351 	 392
576 	 587
165 	 208
443 	 490
297 	 992
45 	 614
673 	 683
954 	 996
110 	 694
589 	 599
409 	 425
354 	 900
84 	 103
513 	 815
435 	 709
534 	 585
289 	 787
315 	 799
371 	 711
428 	 534
246 	 263
283 	 305
32 	 160
316 	 441
668 	 912
129 	 838
608 	 762
168 	 733
80 	 305
155 	 922
163 	 445
242 	 606
613 	 933
739 	 748
49 	 60
34 	 330
769 	 773
471 	 850
705 	 710
135 	 217
13 	 701
490 	 698
453 	 460
438 	 442
134 	 913
465 	 490
652 	 864
213 	 896
709 	 773
347 	 966
734 	 760
799 	 814
328 	 496
762 	 788
804 	 839
330 	 672
861 	 878
123 	 847
53 	 950
512 	 881
495 	 519
100 	 115
389 	 408
960 	 985
486 	 834
275 	 299
577 	 599
196 	 821
736 	 951
456 	 767
363 	 387
453 	 513
128 	 135
458 	 495
332 	 390
615 	 669
336 	 470
392 	 424
452 	 713
993 	 997
287 	 539
983 	 984
15 	 550
736 	 742
867 	 885
642 	 683
784 	 788
551 	 571
331 	 426
910 	 922
383 	 414
311 	 431
93 	 100
97 	 103
560 	 682
376 	 717
359 	 411
768 	 779
21 	 888
902 	 939
669 	 940
466 	 481
359 	 374
490 	 491
344 	 388
950 	 959
129 	 209
258 	 509
596 	 875
621 	 752
570 	 652
553 	 600
403 	 611
955 	 984
467 	 606
217 	 825
532 	 580
126 	 185
460 	 493
135 	 197
432 	 515
610 	 613
295 	 319
541 	 547
463 	 577
748 	 787
181 	 434
648 	 656
161 	 174
856 	 873
193 	 639
229 	 277
83 	 831
145 	 754
36 	 921
571 	 604
201 	 782
557 	 603
277 	 739
119 	 368
503 	 975
39 	 109
340 	 736
892 	 923
447 	 642
32 	 766
623 	 799
917 	 930
295 	 854
227 	 231
516 	 863
572 	 600
561 	 709
281 	 573
380 	 967
400 	 830
551 	 728
352 	 705
408 	 723
418 	 599
270 	 718
772 	 792
297 	 694
433 	 438
604 	 965
111 	 693
259 	 274
116 	 799
543 	 610
121 	 137
230 	 299
837 	 839
439 	 495
391 	 398
31 	 165
141 	 605
216 	 249
160 	 321
329 	 965
35 	 43
293 	 759
97 	 480
669 	 686
139 	 221
68 	 79
392 	 643
830 	 863
592 	 612
596 	 613
207 	 648
248 	 298
34 	 84
44 	 103
135 	 308
463 	 605
342 	 790
199 	 647
540 	 711
161 	 202
787 	 790
243 	 334
9 	 494
192 	 389
269 	 936
435 	 444
290 	 389
144 	 290
89 	 779
537 	 563
297 	 312
170 	 208
904 	 909
767 	 823
70 	 559
287 	 919
326 	 949
98 	 958
102 	 926
265 	 293
322 	 822
434 	 468
202 	 848
51 	 93
251 	 261
341 	 391
897 	 901
146 	 369
20 	 684
520 	 867
632 	 735
228 	 525
12 	 588
305 	 480
569 	 593
954 	 967
225 	 263
82 	 644
785 	 985
38 	 389
249 	 252
91 	 739
776 	 812
234 	 251
32 	 76
163 	 295
949 	 954
898 	 954
478 	 512
777 	 875
543 	 606
618 	 669
103 	 981
359 	 419
136 	 431
593 	 606
38 	 985
209 	 343
406 	 869
472 	 488
239 	 471
511 	 604
385 	 930
722 	 905
959 	 976
229 	 233
31 	 419
13 	 666
162 	 178
53 	 415
254 	 300
843 	 857
294 	 597
267 	 285
370 	 392
44 	 67
263 	 737
229 	 463
450 	 496
605 	 610
404 	 459
243 	 287
63 	 78
361 	 878
382 	 682
227 	 875
523 	 784
464 	 620
912 	 916
514 	 577
166 	 222
168 	 388
161 	 436
831 	 849
101 	 630
675 	 677
87 	 417
698 	 766
444 	 694
391 	 861
194 	 303
266 	 618
606 	 610
793 	 855
45 	 728
616 	 649
783 	 818
274 	 296
306 	 919
589 	 600
629 	 677
225 	 291
479 	 636
136 	 975
13 	 28
604 	 879
694 	 993
180 	 571
401 	 830
794 	 827
832 	 855
708 	 733
246 	 262
103 	 151
568 	 889
36 	 92
702 	 755
776 	 784
195 	 681
430 	 464
107 	 109
428 	 819
121 	 193
582 	 990
341 	 974
93 	 191
22 	 119
337 	 361
463 	 473
361 	 383
773 	 822
756 	 920
47 	 907
205 	 263
829 	 841
726 	 997
139 	 149
697 	 727
75 	 791
535 	 543
40 	 85
322 	 408
359 	 907
385 	 684
610 	 969
263 	 717
839 	 880
675 	 773
838 	 841
434 	 975
809 	 815
399 	 445
477 	 933
973 	 994
770 	 938
667 	 776
92 	 601
96 	 113
333 	 359
495 	 520
505 	 516
620 	 635
266 	 684
105 	 478
701 	 730
577 	 600
723 	 942
487 	 519
732 	 922
249 	 632
363 	 388
453 	 514
343 	 662
663 	 757
23 	 792
261 	 905
707 	 713
75 	 111
632 	 647
699 	 700
736 	 741
28 	 686
784 	 787
276 	 856
517 	 640
975 	 984
534 	 989
383 	 387
97 	 104
333 	 692
80 	 359
837 	 868
825 	 876
16 	 911
807 	 912
466 	 488
359 	 363
713 	 929
251 	 868
481 	 741
402 	 777
498 	 936
748 	 760
532 	 579
369 	 981
575 	 613
579 	 636
390 	 393
263 	 911
31 	 507
159 	 208
610 	 636
295 	 320
389 	 817
109 	 542
459 	 573
22 	 591
545 	 662
263 	 681
157 	 172
360 	 877
913 	 970
657 	 868
700 	 712
6 	 91
352 	 473
791 	 794
464 	 548
170 	 211
904 	 940
495 	 548
156 	 388
123 	 211
75 	 338
238 	 260
331 	 936
536 	 701
741 	 751
134 	 473
303 	 322
965 	 983
18 	 56
183 	 748
383 	 916
38 	 61
58 	 727
792 	 904
426 	 795
261 	 990
483 	 862
897 	 954
508 	 755
24 	 111
741 	 973
436 	 511
719 	 748
166 	 810
169 	 196
305 	 388
171 	 769
445 	 488
385 	 411
517 	 596
374 	 425
729 	 730
145 	 379
371 	 415
263 	 303
393 	 773
105 	 527
359 	 392
235 	 242
258 	 431
656 	 691
369 	 787
240 	 242
427 	 447
731 	 737
639 	 938
739 	 772
574 	 835
158 	 176
933 	 936
790 	 795
368 	 771
263 	 875
67 	 364
582 	 601
34 	 83
69 	 686
714 	 721
257 	 320
782 	 812
527 	 599
588 	 613
969 	 995
679 	 702
593 	 959
168 	 185
100 	 351
334 	 657
174 	 956
942 	 978
86 	 288
33 	 390
583 	 974
241 	 281
374 	 533
300 	 658
213 	 663
435 	 441
35 	 607
951 	 977
438 	 516
387 	 568
97 	 908
208 	 670
597 	 612
357 	 549
767 	 824
360 	 712
36 	 662
737 	 871
533 	 552
792 	 827
763 	 967
754 	 778
312 	 402
24 	 30
465 	 797
529 	 674
322 	 678
341 	 392
935 	 946
595 	 671
594 	 882
47 	 210
954 	 966
440 	 483
650 	 689
464 	 489
881 	 883
367 	 734
215 	 786
13 	 200
626 	 643
281 	 824
263 	 380
65 	 671
910 	 929
91 	 659
24 	 567
781 	 852
22 	 82
134 	 632
195 	 616
760 	 963
8 	 244
11 	 86
622 	 990
390 	 448
725 	 759
712 	 749
263 	 855
267 	 286
731 	 999
462 	 495
123 	 599
450 	 495
33 	 307
605 	 611
399 	 418
325 	 955
283 	 647
210 	 495
123 	 954
874 	 904
435 	 462
848 	 868
100 	 460
580 	 822
229 	 302
101 	 785
83 	 776
31 	 640
57 	 407
810 	 825
9 	 26
480 	 509
309 	 757
523 	 623
343 	 544
366 	 407
61 	 197
80 	 729
905 	 931
606 	 609
162 	 848
245 	 905
617 	 636
785 	 808
14 	 76
108 	 113
559 	 794
525 	 858
528 	 615
366 	 842
23 	 107
278 	 296
391 	 527
441 	 892
258 	 860
367 	 762
98 	 389
832 	 850
93 	 410
350 	 359
42 	 590
776 	 783
21 	 862
368 	 391
121 	 194
466 	 507
302 	 789
711 	 753
37 	 456
556 	 562
608 	 777
97 	 187
427 	 488
596 	 849
354 	 590
463 	 474
950 	 970
381 	 867
573 	 609
720 	 756
704 	 735
406 	 904
319 	 697
526 	 919
857 	 879
467 	 519
712 	 721
549 	 601
329 	 764
39 	 955
5 	 767
187 	 762
334 	 375
316 	 984
285 	 287
526 	 889
359 	 908
575 	 684
787 	 972
199 	 720
973 	 995
168 	 321
134 	 177
263 	 605
88 	 426
272 	 295
208 	 677
79 	 725
483 	 486
390 	 856
162 	 665
900 	 919
495 	 517
763 	 797
137 	 459
585 	 969
508 	 908
238 	 287
461 	 516
340 	 691
52 	 103
115 	 955
889 	 986
632 	 868
546 	 605
344 	 892
236 	 915
293 	 428
278 	 602
391 	 969
783 	 787
436 	 486
632 	 642
391 	 604
278 	 316
154 	 198
483 	 524
197 	 302
371 	 745
963 	 997
581 	 588
340 	 352
234 	 289
17 	 203
949 	 964
591 	 741
263 	 324
694 	 742
362 	 389
2 	 44
591 	 792
613 	 972
574 	 604
121 	 222
890 	 927
359 	 364
552 	 601
402 	 895
367 	 871
600 	 845
52 	 971
773 	 811
864 	 876
148 	 480
187 	 444
535 	 730
389 	 532
761 	 797
11 	 110
526 	 955
87 	 721
159 	 190
68 	 85
535 	 585
460 	 495
613 	 697
829 	 878
148 	 190
535 	 572
420 	 673
30 	 34
379 	 390
221 	 909
447 	 475
839 	 841
856 	 875
304 	 440
361 	 792
477 	 906
961 	 967
597 	 875
138 	 210
770 	 806
472 	 836
314 	 610
499 	 672
767 	 793
788 	 842
422 	 460
889 	 903
632 	 983
283 	 772
434 	 438
465 	 818
823 	 825
61 	 100
391 	 949
28 	 875
212 	 250
823 	 940
456 	 515
281 	 575
651 	 841
14 	 485
556 	 958
26 	 495
7 	 632
469 	 495
560 	 735
234 	 285
183 	 200
613 	 793
388 	 914
263 	 304
230 	 297
359 	 389
273 	 480
902 	 909
350 	 736
691 	 702
582 	 917
566 	 576
325 	 388
388 	 848
373 	 408
445 	 805
264 	 289
393 	 612
182 	 184
773 	 783
522 	 523
669 	 688
959 	 978
636 	 677
393 	 499
429 	 497
123 	 705
600 	 951
601 	 977
639 	 649
748 	 868
610 	 903
133 	 388
482 	 808
795 	 817
913 	 936
622 	 684
159 	 444
399 	 459
434 	 790
700 	 739
54 	 418
295 	 918
283 	 582
745 	 809
318 	 493
128 	 406
41 	 944
170 	 206
904 	 911
24 	 319
63 	 257
767 	 821
681 	 736
719 	 956
792 	 822
632 	 955
689 	 815
52 	 95
289 	 445
146 	 486
779 	 820
738 	 765
65 	 67
637 	 691
954 	 965
365 	 398
483 	 577
362 	 658
56 	 142
245 	 251
708 	 739
229 	 712
305 	 320
310 	 515
901 	 920
226 	 276
393 	 851
229 	 599
84 	 174
180 	 767
383 	 476
240 	 311
243 	 631
478 	 510
340 	 389
250 	 519
488 	 517
149 	 231
722 	 749
79 	 100
427 	 513
280 	 793
445 	 858
313 	 488
907 	 922
501 	 545
380 	 402
1 	 69
64 	 172
441 	 507
153 	 303
891 	 895
242 	 243
370 	 390
171 	 191
100 	 749
226 	 954
264 	 700
486 	 488
69 	 530
474 	 488
611 	 737
43 	 117
66 	 830
138 	 153
263 	 626
345 	 373
435 	 459
471 	 501
328 	 406
229 	 303
970 	 977
912 	 926
180 	 419
219 	 453
275 	 435
260 	 283
205 	 824
295 	 946
9 	 27
339 	 770
469 	 909
106 	 847
800 	 814
875 	 879
536 	 744
478 	 892
853 	 858
210 	 938
737 	 755
862 	 918
332 	 411
205 	 613
617 	 637
533 	 795
38 	 325
249 	 316
124 	 910
954 	 993
789 	 808
2 	 436
4 	 222
23 	 108
80 	 111
525 	 810
304 	 631
880 	 984
828 	 889
167 	 779
581 	 593
430 	 445
346 	 898
411 	 412
103 	 104
441 	 603
56 	 440
243 	 667
186 	 922
578 	 948
182 	 462
492 	 686
130 	 163
22 	 117
739 	 743
337 	 363
444 	 463
103 	 834
12 	 131
359 	 736
232 	 552
1 	 434
392 	 696
126 	 146
488 	 783
824 	 849
337 	 393
393 	 395
67 	 290
358 	 495
271 	 432
144 	 168
111 	 175
151 	 790
226 	 853
714 	 752
705 	 999
359 	 796
243 	 257
762 	 785
378 	 544
435 	 495
861 	 873
512 	 749
244 	 663
515 	 882
368 	 762
210 	 748
505 	 518
546 	 882
709 	 732
124 	 366
904 	 983
741 	 757
228 	 284
28 	 100
737 	 816
624 	 666
953 	 989
312 	 428
559 	 601
841 	 862
360 	 416
141 	 274
332 	 391
391 	 970
194 	 442
447 	 854
251 	 315
435 	 902
436 	 485
923 	 927
632 	 641
102 	 694
318 	 985
213 	 243
41 	 420
867 	 884
391 	 748
599 	 699
418 	 592
845 	 863
561 	 570
873 	 892
635 	 647
910 	 919
418 	 569
949 	 973
2 	 186
202 	 322
613 	 870
263 	 321
393 	 875
359 	 410
694 	 741
391 	 421
564 	 605
359 	 361
552 	 604
55 	 82
22 	 393
44 	 449
99 	 814
302 	 905
657 	 666
530 	 686
864 	 875
225 	 764
600 	 829
601 	 839
484 	 488
157 	 392
230 	 248
411 	 948
178 	 613
109 	 905
325 	 734
205 	 444
644 	 829
493 	 511
661 	 903
348 	 390
39 	 823
706 	 748
648 	 649
44 	 909
726 	 729
835 	 946
359 	 776
253 	 287
348 	 563
97 	 883
407 	 934
264 	 785
145 	 757
216 	 636
554 	 601
389 	 488
875 	 901
33 	 90
145 	 516
641 	 665
93 	 842
19 	 101
39 	 100
5 	 24
137 	 488
465 	 533
492 	 494
952 	 954
147 	 193
339 	 601
745 	 748
819 	 847
470 	 479
624 	 702
783 	 893
474 	 517
208 	 256
581 	 892
287 	 747
145 	 208
289 	 640
832 	 907
646 	 751
82 	 566
169 	 484
24 	 960
729 	 732
284 	 979
163 	 258
539 	 933
158 	 539
359 	 390
160 	 189
59 	 66
149 	 196
902 	 908
86 	 873
566 	 575
803 	 833
129 	 192
556 	 633
97 	 356
172 	 372
154 	 285
31 	 59
239 	 314
225 	 648
669 	 681
959 	 983
299 	 883
263 	 986
52 	 855
830 	 860
389 	 904
19 	 389
311 	 613
368 	 894
597 	 938
44 	 92
557 	 901
652 	 665
782 	 810
913 	 921
89 	 577
697 	 896
92 	 888
114 	 916
137 	 215
619 	 621
473 	 847
554 	 556
644 	 682
62 	 773
138 	 205
692 	 694
435 	 439
438 	 514
148 	 808
168 	 409
187 	 772
124 	 421
147 	 150
132 	 380
904 	 906
101 	 605
141 	 508
658 	 808
585 	 770
718 	 732
434 	 465
199 	 209
572 	 663
957 	 997
388 	 420
141 	 218
254 	 673
568 	 707
237 	 307
75 	 86
183 	 613
20 	 685
443 	 466
352 	 516
617 	 657
542 	 720
447 	 878
341 	 497
344 	 916
954 	 972
440 	 509
464 	 491
250 	 955
311 	 332
331 	 414
975 	 995
646 	 707
137 	 943
569 	 946
702 	 748
11 	 495
655 	 676
344 	 359
422 	 773
488 	 520
55 	 111
647 	 675
337 	 656
245 	 265
177 	 217
656 	 657
601 	 737
621 	 676
556 	 613
359 	 644
460 	 473
869 	 885
10 	 282
263 	 966
46 	 460
411 	 889
267 	 393
359 	 531
190 	 513
463 	 525
734 	 752
171 	 192
261 	 318
49 	 608
531 	 592
748 	 992
657 	 799
809 	 822
644 	 885
27 	 799
585 	 753
848 	 878
428 	 451
451 	 866
970 	 984
19 	 30
238 	 424
192 	 523
709 	 737
48 	 219
533 	 599
451 	 516
275 	 342
438 	 776
174 	 610
48 	 57
434 	 509
33 	 880
143 	 485
335 	 525
208 	 263
251 	 296
165 	 204
460 	 562
444 	 917
68 	 769
954 	 1000
149 	 584
258 	 809
80 	 106
759 	 807
255 	 450
607 	 891
3 	 29
140 	 158
251 	 617
289 	 902
187 	 209
776 	 777
388 	 604
984 	 998
768 	 787
488 	 731
898 	 923
764 	 940
530 	 568
621 	 625
92 	 323
846 	 854
184 	 275
97 	 189
79 	 125
389 	 683
107 	 270
565 	 691
12 	 275
92 	 97
1 	 34
869 	 873
390 	 402
34 	 432
627 	 807
100 	 699
281 	 321
191 	 200
619 	 643
30 	 92
531 	 545
432 	 732
199 	 691
605 	 978
367 	 389
190 	 406
229 	 494
839 	 867
359 	 793
243 	 258
6 	 100
435 	 496
805 	 806
256 	 518
571 	 580
166 	 366
628 	 655
387 	 587
577 	 653
499 	 999
390 	 854
270 	 320
100 	 119
654 	 666
48 	 255
737 	 946
275 	 295
132 	 180
464 	 879
767 	 846
179 	 203
132 	 193
634 	 665
363 	 399
555 	 769
615 	 657
301 	 585
70 	 262
771 	 809
595 	 613
559 	 828
632 	 644
444 	 945
673 	 715
528 	 581
509 	 667
164 	 466
350 	 423
642 	 687
759 	 958
963 	 995
140 	 186
462 	 783
929 	 942
359 	 415
694 	 740
2 	 42
902 	 919
561 	 793
950 	 955
151 	 614
388 	 854
484 	 521
233 	 265
566 	 587
307 	 800
574 	 828
393 	 473
68 	 87
31 	 111
411 	 770
535 	 591
97 	 423
139 	 184
582 	 610
826 	 984
273 	 946
261 	 359
389 	 820
124 	 205
34 	 37
583 	 854
187 	 523
20 	 103
791 	 942
407 	 955
134 	 147
633 	 678
692 	 714
485 	 586
20 	 325
286 	 538
606 	 645
342 	 434
309 	 687
495 	 769
529 	 697
192 	 801
90 	 683
509 	 848
699 	 748
384 	 410
444 	 989
418 	 762
665 	 679
297 	 811
175 	 208
198 	 215
551 	 603
702 	 711
151 	 181
578 	 601
263 	 403
980 	 989
725 	 794
23 	 388
234 	 259
381 	 600
281 	 846
388 	 916
263 	 302
423 	 936
776 	 994
45 	 110
781 	 826
215 	 582
604 	 743
17 	 983
173 	 202
373 	 402
773 	 777
168 	 967
959 	 984
725 	 734
924 	 945
377 	 580
911 	 923
143 	 513
605 	 892
773 	 928
21 	 229
115 	 204
545 	 983
91 	 97
144 	 159
148 	 220
438 	 510
835 	 868
584 	 605
531 	 617
125 	 136
196 	 296
631 	 666
9 	 259
545 	 693
364 	 599
714 	 824
899 	 900
81 	 373
339 	 905
432 	 498
435 	 440
625 	 626
614 	 680
140 	 983
394 	 427
844 	 943
770 	 776
478 	 741
774 	 824
137 	 389
269 	 642
438 	 803
889 	 933
213 	 487
733 	 750
289 	 447
199 	 210
572 	 682
792 	 933
99 	 478
274 	 320
25 	 836
336 	 394
249 	 290
617 	 658
287 	 712
323 	 773
521 	 984
55 	 723
828 	 863
263 	 496
267 	 995
354 	 837
890 	 891
140 	 194
126 	 313
492 	 563
462 	 983
388 	 912
8 	 463
411 	 565
359 	 423
107 	 392
190 	 973
388 	 797
376 	 546
414 	 773
488 	 920
220 	 222
203 	 774
224 	 766
726 	 860
11 	 81
233 	 321
502 	 877
393 	 401
463 	 739
233 	 240
162 	 182
187 	 737
433 	 609
238 	 244
643 	 688
762 	 906
156 	 513
192 	 199
399 	 421
518 	 851
848 	 877
903 	 936
134 	 235
970 	 983
661 	 670
331 	 793
76 	 88
190 	 196
249 	 642
345 	 405
516 	 624
291 	 839
354 	 475
813 	 840
250 	 282
323 	 472
131 	 643
185 	 429
477 	 513
793 	 812
634 	 644
905 	 934
222 	 373
370 	 546
616 	 645
710 	 720
107 	 917
569 	 642
673 	 688
447 	 783
487 	 972
775 	 789
449 	 959
326 	 489
607 	 892
598 	 605
489 	 523
240 	 488
776 	 780
108 	 690
478 	 480
855 	 884
427 	 483
87 	 601
130 	 210
25 	 58
361 	 498
64 	 202
947 	 976
493 	 518
465 	 495
303 	 771
619 	 644
144 	 215
200 	 399
734 	 755
367 	 390
187 	 632
7 	 299
503 	 710
678 	 688
133 	 213
762 	 791
386 	 780
210 	 464
805 	 807
218 	 965
644 	 737
861 	 875
357 	 410
202 	 601
661 	 690
208 	 599
389 	 413
960 	 968
486 	 845
515 	 767
95 	 189
114 	 278
27 	 389
446 	 463
745 	 754
767 	 883
624 	 668
460 	 767
615 	 775
180 	 208
681 	 809
645 	 900
174 	 359
379 	 741
137 	 921
175 	 177
414 	 649
14 	 335
142 	 410
475 	 919
932 	 933
246 	 663
230 	 306
410 	 915
273 	 503
2 	 41
777 	 807
890 	 932
600 	 729
359 	 367
431 	 620
950 	 954
677 	 840
79 	 90
444 	 493
177 	 226
402 	 781
773 	 790
955 	 977
337 	 488
11 	 105
359 	 585
294 	 904
114 	 652
393 	 425
359 	 988
75 	 823
276 	 502
205 	 438
242 	 304
101 	 103
34 	 60
219 	 234
554 	 957
726 	 743
447 	 474
619 	 631
856 	 872
217 	 459
585 	 699
762 	 819
152 	 637
138 	 215
266 	 490
347 	 709
54 	 508
182 	 567
63 	 364
469 	 967
196 	 903
240 	 902
19 	 773
167 	 405
404 	 963
779 	 795
654 	 927
750 	 758
41 	 100
76 	 971
137 	 599
251 	 349
145 	 194
289 	 626
516 	 979
20 	 772
278 	 492
74 	 79
76 	 553
315 	 865
27 	 93
310 	 556
456 	 798
832 	 875
489 	 579
445 	 706
359 	 444
915 	 930
902 	 906
9 	 889
11 	 299
781 	 827
235 	 269
160 	 336
371 	 381
410 	 649
381 	 934
472 	 479
184 	 459
225 	 666
229 	 242
429 	 500
986 	 987
55 	 350
773 	 921
77 	 141
43 	 269
835 	 865
18 	 571
257 	 419
208 	 892
244 	 563
137 	 217
120 	 160
447 	 502
253 	 317
91 	 388
185 	 197
610 	 870
97 	 785
334 	 542
247 	 263
435 	 437
333 	 348
757 	 868
558 	 783
86 	 126
606 	 887
237 	 256
241 	 251
577 	 613
188 	 966
194 	 213
327 	 393
63 	 407
283 	 867
232 	 262
767 	 907
642 	 810
149 	 848
576 	 605
840 	 860
663 	 689
719 	 857
496 	 738
208 	 222
198 	 408
456 	 996
231 	 290
246 	 301
599 	 737
236 	 267
293 	 852
241 	 613
393 	 854
374 	 393
17 	 790
3 	 857
772 	 904
80 	 347
263 	 271
445 	 742
376 	 692
107 	 389
346 	 837
601 	 739
286 	 345
215 	 615
251 	 936
87 	 574
22 	 463
635 	 770
155 	 674
583 	 610
346 	 615
631 	 938
22 	 320
393 	 402
212 	 930
392 	 734
343 	 374
163 	 232
12 	 471
753 	 887
181 	 456
473 	 527
348 	 351
242 	 248
186 	 432
22 	 530
705 	 926
895 	 897
20 	 49
312 	 925
43 	 116
261 	 463
428 	 440
930 	 938
416 	 867
588 	 662
606 	 953
644 	 648
848 	 880
540 	 599
381 	 509
76 	 87
39 	 95
370 	 886
390 	 897
63 	 292
196 	 863
473 	 506
457 	 991
516 	 768
293 	 301
434 	 499
482 	 495
302 	 316
251 	 294
914 	 954
145 	 251
312 	 359
317 	 409
306 	 906
775 	 790
23 	 111
150 	 745
741 	 792
47 	 97
178 	 216
307 	 310
488 	 503
665 	 672
3 	 27
729 	 743
768 	 797
242 	 711
604 	 689
141 	 659
411 	 697
286 	 317
639 	 923
487 	 488
488 	 955
553 	 610
773 	 819
313 	 391
243 	 892
761 	 773
657 	 720
613 	 641
44 	 136
49 	 288
392 	 706
821 	 982
468 	 833
527 	 612
320 	 932
20 	 77
633 	 652
723 	 758
30 	 380
230 	 516
491 	 774
20 	 190
459 	 488
43 	 231
79 	 729
666 	 797
620 	 626
19 	 911
577 	 941
5 	 206
287 	 980
766 	 773
196 	 827
952 	 968
624 	 667
788 	 927
58 	 702
559 	 608
853 	 889
356 	 417
836 	 875
447 	 970
931 	 939
183 	 692
222 	 344
594 	 813
24 	 66
430 	 875
659 	 865
455 	 456
542 	 694
122 	 190
469 	 471
642 	 685
111 	 820
93 	 459
293 	 773
116 	 924
226 	 240
383 	 392
517 	 524
497 	 775
263 	 328
929 	 944
346 	 788
441 	 634
902 	 917
393 	 765
781 	 792
106 	 116
552 	 597
626 	 937
601 	 731
773 	 791
955 	 978
244 	 316
393 	 426
139 	 182
196 	 445
438 	 488
61 	 871
44 	 113
389 	 830
179 	 730
968 	 988
160 	 687
348 	 391
115 	 392
100 	 298
172 	 213
378 	 592
619 	 632
161 	 164
196 	 731
540 	 610
261 	 391
9 	 504
464 	 698
48 	 959
571 	 614
41 	 553
666 	 848
692 	 716
33 	 93
54 	 507
185 	 264
438 	 604
904 	 935
390 	 985
194 	 208
516 	 824
261 	 987
408 	 918
453 	 611
457 	 614
202 	 807
200 	 613
828 	 968
169 	 201
250 	 932
268 	 269
802 	 821
33 	 632
129 	 631
310 	 954
174 	 219
273 	 310
776 	 830
578 	 607
479 	 712
65 	 696
408 	 602
659 	 762
129 	 917
56 	 76
233 	 585
672 	 910
349 	 359
299 	 608
669 	 902
391 	 392
106 	 112
566 	 572
187 	 489
919 	 938
548 	 914
276 	 307
610 	 697
522 	 527
173 	 859
12 	 349
453 	 507
386 	 552
78 	 980
321 	 841
639 	 653
365 	 514
147 	 717
419 	 426
257 	 309
348 	 374
631 	 877
291 	 381
190 	 619
8 	 570
622 	 680
252 	 914
208 	 891
355 	 411
137 	 218
120 	 159
657 	 837
438 	 670
368 	 605
818 	 856
145 	 724
706 	 791
318 	 489
30 	 469
364 	 375
417 	 776
201 	 959
904 	 907
44 	 537
875 	 887
87 	 415
896 	 925
495 	 692
814 	 922
152 	 215
391 	 875
231 	 630
737 	 747
495 	 803
335 	 568
408 	 954
248 	 575
251 	 271
240 	 895
222 	 416
167 	 513
11 	 825
487 	 814
569 	 599
954 	 969
26 	 350
599 	 631
94 	 119
116 	 931
702 	 888
138 	 773
122 	 374
268 	 442
287 	 488
326 	 388
273 	 274
608 	 638
901 	 916
410 	 985
488 	 692
25 	 258
777 	 785
195 	 754
340 	 393
50 	 211
488 	 513
842 	 847
129 	 240
593 	 596
101 	 331
700 	 839
186 	 205
460 	 478
78 	 103
295 	 415
587 	 765
170 	 705
101 	 425
947 	 953
370 	 442
799 	 825
53 	 187
19 	 375
610 	 792
84 	 869
213 	 577
696 	 706
345 	 488
849 	 856
119 	 170
464 	 999
213 	 295
749 	 817
342 	 391
222 	 593
148 	 694
831 	 859
744 	 752
580 	 599
31 	 771
196 	 834
952 	 995
170 	 447
996 	 999
780 	 822
363 	 426
289 	 477
144 	 599
305 	 611
444 	 938
344 	 945
426 	 632
122 	 161
520 	 611
103 	 137
659 	 687
187 	 224
837 	 886
768 	 800
327 	 596
240 	 343
604 	 692
32 	 443
235 	 307
711 	 758
367 	 848
579 	 848
7 	 237
410 	 727
600 	 680
68 	 495
488 	 950
198 	 608
288 	 734
239 	 262
358 	 410
359 	 675
402 	 696
21 	 48
664 	 776
440 	 680
372 	 790
67 	 318
49 	 273
159 	 214
697 	 733
359 	 574
273 	 841
446 	 920
64 	 89
619 	 642
709 	 772
342 	 871
215 	 221
433 	 527
367 	 396
224 	 263
412 	 665
856 	 862
204 	 219
137 	 146
743 	 754
264 	 954
179 	 1000
15 	 66
364 	 418
305 	 850
53 	 804
477 	 632
774 	 782
40 	 616
528 	 819
391 	 819
529 	 608
546 	 600
287 	 868
94 	 364
775 	 981
278 	 613
519 	 867
28 	 902
84 	 302
783 	 792
269 	 426
914 	 933
329 	 389
227 	 320
447 	 809
157 	 599
60 	 134
353 	 394
832 	 881
280 	 522
776 	 874
139 	 383
177 	 902
3 	 770
8 	 17
660 	 674
149 	 155
150 	 208
153 	 222
444 	 495
83 	 355
342 	 696
587 	 595
1 	 402
773 	 792
955 	 991
761 	 802
636 	 672
252 	 663
363 	 518
385 	 880
150 	 418
334 	 389
484 	 492
393 	 427
743 	 801
69 	 696
57 	 792
257 	 298
438 	 487
263 	 788
379 	 399
514 	 888
190 	 439
856 	 866
700 	 734
610 	 864
355 	 359
247 	 313
428 	 511
554 	 605
9 	 72
334 	 969
210 	 699
465 	 634
460 	 959
236 	 856
698 	 719
387 	 848
62 	 80
28 	 68
783 	 978
289 	 406
641 	 955
399 	 991
366 	 602
495 	 776
261 	 988
391 	 938
408 	 774
962 	 996
624 	 928
281 	 516
483 	 954
599 	 620
268 	 272
287 	 634
289 	 739
353 	 406
23 	 24
672 	 879
198 	 212
772 	 797
595 	 874
279 	 893
64 	 767
388 	 520
713 	 741
380 	 830
77 	 892
277 	 278
337 	 521
263 	 289
164 	 190
551 	 828
613 	 917
4 	 581
282 	 299
302 	 856
186 	 839
296 	 314
31 	 63
107 	 321
522 	 526
116 	 435
229 	 244
69 	 773
539 	 613
244 	 279
705 	 773
502 	 775
743 	 973
34 	 85
782 	 806
125 	 131
548 	 608
575 	 869
447 	 508
69 	 586
252 	 255
606 	 964
5 	 97
614 	 677
210 	 679
438 	 959
27 	 588
100 	 180
286 	 763
567 	 662
162 	 565
152 	 210
246 	 247
265 	 300
124 	 647
737 	 748
576 	 607
284 	 375
727 	 735
124 	 632
399 	 550
170 	 356
962 	 976
954 	 976
638 	 904
448 	 990
127 	 149
350 	 492
599 	 743
73 	 849
77 	 777
776 	 801
815 	 959
47 	 293
441 	 580
384 	 622
240 	 318
8 	 460
599 	 961
359 	 422
69 	 204
488 	 516
2 	 23
150 	 151
9 	 791
601 	 741
665 	 834
863 	 869
573 	 603
359 	 648
160 	 435
142 	 868
211 	 391
87 	 798
402 	 604
562 	 938
395 	 465
753 	 873
171 	 188
407 	 776
596 	 759
281 	 408
433 	 755
706 	 728
205 	 222
706 	 833
134 	 216
81 	 340
856 	 927
127 	 795
567 	 600
199 	 392
223 	 266
737 	 938
154 	 696
464 	 919
524 	 818
250 	 287
800 	 809
340 	 669
841 	 984
477 	 516
650 	 876
464 	 776
688 	 936
232 	 300
269 	 312
862 	 913
918 	 943
595 	 750
6 	 593
344 	 963
736 	 889
555 	 956
137 	 529
867 	 873
50 	 387
362 	 369
441 	 770
832 	 864
140 	 146
433 	 486
326 	 359
150 	 969
833 	 839
388 	 608
376 	 737
139 	 348
984 	 994
51 	 960
972 	 986
466 	 509
104 	 391
717 	 884
739 	 740
230 	 509
34 	 322
769 	 797
556 	 581
133 	 660
440 	 562
829 	 977
851 	 889
998 	 1000
432 	 898
359 	 676
325 	 344
218 	 526
1 	 38
460 	 505
295 	 444
829 	 840
669 	 749
947 	 971
109 	 930
630 	 670
322 	 361
367 	 393
247 	 675
544 	 595
125 	 203
678 	 685
243 	 318
134 	 187
861 	 870
951 	 996
631 	 632
364 	 417
72 	 116
516 	 576
571 	 575
900 	 925
808 	 832
444 	 521
9 	 60
191 	 776
654 	 662
468 	 511
516 	 589
788 	 820
28 	 103
167 	 368
208 	 370
525 	 534
550 	 935
516 	 875
632 	 751
392 	 416
447 	 863
435 	 959
699 	 724
538 	 600
685 	 995
632 	 672
525 	 892
528 	 577
37 	 46
452 	 495
603 	 819
354 	 785
449 	 525
13 	 134
142 	 488
383 	 390
7 	 944
484 	 815
673 	 796
359 	 403
604 	 610
181 	 983
215 	 707
471 	 569
232 	 865
607 	 629
8 	 20
391 	 410
890 	 929
232 	 754
660 	 673
488 	 588
539 	 880
484 	 525
286 	 287
182 	 350
773 	 785
39 	 767
10 	 453
748 	 749
363 	 515
187 	 309
334 	 388
264 	 473
455 	 666
40 	 114
817 	 819
282 	 650
469 	 526
434 	 915
968 	 982
969 	 974
402 	 445
643 	 659
593 	 970
510 	 564
209 	 963
48 	 972
124 	 178
856 	 865
611 	 678
260 	 700
9 	 506
744 	 964
465 	 748
15 	 180
9 	 73
818 	 955
90 	 100
222 	 615
167 	 170
887 	 889
465 	 522
131 	 727
889 	 909
62 	 79
465 	 921
965 	 990
330 	 367
156 	 167
962 	 995
547 	 945
157 	 517
659 	 835
384 	 390
188 	 359
893 	 910
680 	 810
324 	 760
71 	 353
806 	 916
93 	 425
25 	 697
297 	 702
120 	 898
234 	 263
418 	 480
183 	 218
530 	 611
7 	 795
463 	 489
186 	 838
573 	 696
919 	 944
731 	 748
34 	 266
647 	 998
172 	 392
743 	 883
87 	 759
921 	 943
126 	 966
220 	 257
58 	 94
652 	 672
687 	 773
548 	 607
838 	 889
271 	 284
253 	 320
290 	 292
644 	 685
376 	 420
550 	 571
348 	 643
640 	 680
202 	 534
472 	 894
875 	 885
767 	 831
628 	 873
444 	 674
51 	 454
202 	 888
388 	 423
466 	 955
265 	 444
447 	 904
157 	 762
508 	 664
146 	 361
65 	 89
617 	 662
392 	 488
637 	 713
421 	 438
850 	 878
702 	 773
267 	 544
379 	 540
59 	 670
207 	 270
273 	 276
149 	 399
901 	 926
776 	 804
501 	 922
984 	 989
107 	 113
111 	 601
442 	 494
664 	 687
613 	 827
777 	 787
263 	 270
781 	 843
159 	 947
108 	 615
989 	 998
608 	 798
742 	 748
319 	 565
621 	 665
730 	 904
258 	 317
608 	 931
380 	 408
126 	 136
111 	 294
575 	 597
386 	 401
260 	 824
565 	 587
765 	 803
35 	 954
91 	 210
740 	 741
116 	 319
100 	 646
726 	 954
947 	 951
874 	 879
274 	 545
19 	 486
643 	 684
382 	 608
40 	 58
558 	 573
100 	 275
191 	 192
120 	 208
462 	 488
359 	 882
895 	 904
403 	 984
243 	 279
137 	 248
120 	 125
67 	 105
360 	 942
398 	 721
696 	 708
757 	 980
903 	 924
912 	 924
455 	 787
456 	 496
662 	 705
614 	 712
33 	 135
533 	 596
256 	 323
275 	 320
670 	 711
430 	 610
948 	 989
342 	 374
323 	 468
623 	 735
184 	 535
793 	 816
351 	 510
447 	 977
767 	 934
128 	 150
75 	 484
175 	 959
637 	 638
251 	 289
435 	 924
289 	 590
53 	 543
828 	 913
392 	 460
302 	 330
555 	 588
225 	 315
520 	 976
547 	 876
388 	 562
80 	 230
279 	 843
708 	 709
690 	 882
489 	 527
604 	 920
326 	 358
635 	 736
288 	 954
627 	 672
972 	 985
777 	 783
958 	 978
8 	 47
711 	 748
490 	 502
488 	 551
198 	 973
423 	 996
427 	 495
444 	 453
282 	 482
376 	 514
392 	 797
431 	 707
553 	 613
329 	 773
907 	 936
657 	 707
125 	 375
610 	 743
370 	 378
460 	 508
947 	 972
31 	 391
697 	 735
644 	 954
373 	 748
282 	 685
56 	 999
243 	 315
333 	 441
602 	 962
908 	 911
33 	 453
718 	 812
297 	 474
540 	 568
903 	 904
357 	 390
364 	 420
182 	 735
662 	 741
523 	 699
9 	 61
230 	 739
701 	 722
228 	 258
446 	 459
559 	 611
634 	 676
853 	 892
96 	 432
351 	 361
24 	 67
598 	 938
785 	 891
783 	 790
36 	 433
332 	 526
172 	 817
632 	 671
121 	 809
966 	 967
323 	 841
20 	 857
975 	 992
832 	 883
287 	 318
263 	 315
251 	 761
184 	 221
22 	 34
868 	 876
391 	 415
466 	 480
68 	 320
325 	 407
206 	 406
427 	 451
773 	 786
955 	 989
579 	 961
851 	 862
924 	 940
359 	 589
182 	 206
441 	 458
221 	 614
148 	 195
242 	 292
541 	 572
389 	 825
493 	 501
544 	 562
124 	 177
159 	 466
253 	 277
844 	 860
455 	 953
540 	 611
137 	 144
922 	 935
443 	 900
27 	 707
9 	 74
86 	 102
90 	 99
275 	 501
39 	 102
495 	 556
354 	 406
461 	 464
724 	 736
563 	 612
118 	 693
853 	 954
698 	 717
594 	 612
965 	 991
354 	 376
391 	 797
73 	 714
439 	 521
24 	 103
444 	 867
84 	 460
284 	 286
412 	 449
255 	 289
771 	 778
274 	 488
629 	 630
23 	 187
693 	 743
127 	 383
350 	 390
672 	 873
859 	 866
198 	 210
642 	 654
457 	 470
772 	 799
131 	 139
845 	 889
517 	 604
263 	 408
980 	 996
445 	 623
16 	 838
35 	 495
345 	 683
2 	 160
226 	 378
285 	 875
837 	 848
854 	 888
530 	 610
202 	 497
344 	 447
450 	 592
377 	 986
601 	 698
215 	 458
319 	 380
743 	 884
467 	 567
158 	 168
254 	 287
295 	 449
847 	 861
386 	 598
44 	 82
913 	 927
20 	 25
282 	 790
527 	 970
799 	 851
899 	 925
22 	 988
701 	 956
438 	 524
40 	 716
227 	 975
283 	 589
558 	 779
430 	 748
244 	 853
544 	 844
437 	 470
209 	 605
477 	 570
332 	 359
905 	 911
388 	 426
284 	 329
306 	 785
914 	 978
165 	 222
935 	 938
241 	 812
296 	 950
519 	 809
495 	 913
632 	 722
103 	 386
365 	 389
466 	 604
13 	 105
470 	 848
37 	 103
23 	 50
651 	 999
599 	 741
433 	 508
35 	 388
457 	 498
56 	 60
237 	 606
776 	 803
668 	 958
119 	 602
85 	 730
984 	 992
655 	 678
488 	 685
784 	 964
98 	 339
958 	 973
341 	 947
56 	 474
669 	 997
777 	 995
103 	 861
570 	 602
363 	 698
756 	 899
863 	 875
276 	 739
280 	 903
472 	 511
816 	 854
390 	 424
393 	 406
697 	 708
291 	 301
369 	 533
947 	 952
748 	 837
714 	 757
330 	 912
367 	 499
852 	 867
839 	 889
20 	 53
6 	 10
199 	 619
696 	 707
291 	 610
459 	 464
223 	 381
653 	 844
580 	 830
286 	 955
98 	 759
666 	 773
389 	 422
563 	 601
485 	 527
383 	 754
208 	 495
137 	 422
396 	 721
905 	 939
853 	 865
779 	 848
546 	 585
360 	 369
388 	 390
118 	 399
632 	 773
84 	 275
505 	 830
637 	 639
858 	 896
142 	 143
435 	 921
289 	 591
75 	 116
581 	 698
249 	 323
220 	 708
466 	 584
729 	 892
287 	 440
488 	 499
150 	 870
23 	 478
581 	 608
28 	 586
140 	 148
607 	 784
187 	 219
337 	 580
376 	 739
984 	 996
419 	 954
368 	 399
80 	 315
111 	 485
258 	 495
7 	 228
428 	 955
105 	 734
310 	 435
130 	 213
22 	 495
761 	 777
162 	 252
587 	 653
242 	 438
920 	 943
393 	 434
252 	 893
242 	 263
535 	 536
230 	 814
358 	 377
103 	 566
346 	 353
969 	 980
126 	 909
55 	 393
97 	 767
261 	 288
300 	 308
359 	 787
605 	 607
895 	 929
235 	 773
382 	 724
137 	 149
743 	 757
463 	 781
432 	 456
90 	 149
18 	 664
740 	 847
153 	 607
266 	 322
692 	 756
527 	 817
432 	 437
606 	 778
456 	 467
495 	 525
444 	 523
208 	 606
389 	 410
892 	 905
143 	 169
343 	 961
238 	 279
275 	 289
40 	 609
424 	 642
339 	 624
745 	 759
63 	 452
357 	 741
33 	 787
87 	 454
797 	 813
356 	 421
284 	 388
413 	 550
24 	 94
466 	 898
158 	 972
329 	 392
624 	 901
80 	 987
576 	 994
302 	 429
12 	 651
528 	 579
716 	 739
483 	 516
146 	 594
975 	 989
388 	 557
28 	 598
137 	 877
626 	 835
56 	 100
441 	 911
442 	 444
388 	 958
485 	 512
47 	 355
564 	 565
694 	 750
284 	 893
488 	 757
2 	 36
22 	 33
368 	 419
82 	 894
46 	 219
432 	 834
713 	 938
506 	 799
126 	 222
587 	 594
402 	 776
773 	 787
955 	 990
720 	 736
389 	 540
65 	 876
136 	 383
52 	 836
159 	 166
532 	 590
160 	 629
182 	 205
276 	 396
373 	 602
549 	 613
735 	 856
382 	 406
242 	 291
124 	 195
18 	 594
420 	 826
447 	 451
856 	 867
548 	 566
554 	 561
844 	 859
147 	 391
200 	 255
762 	 822
318 	 368
912 	 942
485 	 632
170 	 218
5 	 31
29 	 133
892 	 917
24 	 388
265 	 386
287 	 835
51 	 431
115 	 810
177 	 760
251 	 457
427 	 868
47 	 413
226 	 272
542 	 952
56 	 72
240 	 283
86 	 897
915 	 923
349 	 355
463 	 495
136 	 445
49 	 111
781 	 824
1 	 450
129 	 183
240 	 249
703 	 737
49 	 510
232 	 613
60 	 736
299 	 894
153 	 428
259 	 953
8 	 792
158 	 167
364 	 914
163 	 221
933 	 937
790 	 802
187 	 727
539 	 612
31 	 480
106 	 287
666 	 669
847 	 862
619 	 709
913 	 928
658 	 733
196 	 302
679 	 683
355 	 407
265 	 915
161 	 196
187 	 924
282 	 902
550 	 569
238 	 445
438 	 523
175 	 600
537 	 573
409 	 924
66 	 485
306 	 566
286 	 760
473 	 483
516 	 647
62 	 81
780 	 782
356 	 368
524 	 872
197 	 938
733 	 748
94 	 320
366 	 571
792 	 931
388 	 425
141 	 209
254 	 698
508 	 682
339 	 346
568 	 585
3 	 129
464 	 500
17 	 109
255 	 429
111 	 893
439 	 824
331 	 389
116 	 935
149 	 393
702 	 741
316 	 426
262 	 664
393 	 859
103 	 116
764 	 792
90 	 837
475 	 763
607 	 676
297 	 555
777 	 789
230 	 373
215 	 521
32 	 451
989 	 1000
2 	 108
168 	 643
117 	 219
573 	 598
79 	 155
411 	 721
385 	 956
514 	 915
402 	 601
830 	 889
531 	 568
583 	 773
234 	 607
143 	 769
67 	 103
696 	 734
241 	 318
848 	 875
320 	 762
508 	 778
912 	 998
804 	 805
536 	 538
389 	 423
480 	 488
192 	 564
434 	 524
504 	 510
653 	 683
580 	 603
184 	 529
853 	 866
909 	 916
606 	 632
388 	 389
251 	 303
783 	 832
93 	 734
455 	 477
555 	 935
497 	 675
632 	 693
84 	 387
436 	 514
110 	 683
23 	 100
278 	 303
651 	 777
741 	 797
488 	 494
127 	 184
441 	 773
281 	 750
729 	 748
268 	 474
751 	 873
73 	 848
626 	 678
226 	 312
279 	 828
230 	 264
160 	 237
368 	 394
206 	 287
387 	 409
868 	 882
842 	 879
202 	 400
401 	 613
902 	 973
336 	 605
860 	 863
882 	 955
600 	 785
358 	 390
286 	 425
35 	 105
43 	 688
539 	 553
389 	 952
493 	 516
683 	 992
630 	 667
964 	 971
103 	 555
367 	 400
260 	 564
648 	 669
173 	 573
157 	 346
486 	 516
605 	 608
378 	 552
429 	 870
376 	 501
787 	 852
100 	 495
270 	 313
364 	 422
516 	 545
256 	 660
559 	 647
208 	 605
389 	 411
654 	 659
394 	 485
684 	 904
31 	 867
473 	 475
222 	 290
148 	 579
156 	 224
529 	 596
642 	 789
24 	 93
140 	 580
248 	 739
14 	 103
914 	 921
699 	 735
572 	 581
771 	 804
632 	 665
377 	 405
629 	 643
736 	 751
353 	 398
189 	 868
426 	 600
329 	 359
975 	 990
98 	 448
713 	 717
32 	 101
117 	 125
388 	 957
136 	 203
485 	 505
600 	 610
359 	 402
604 	 611
380 	 643
34 	 513
51 	 607
299 	 613
863 	 913
245 	 336
83 	 351
601 	 736
781 	 996
621 	 739
74 	 610
369 	 896
97 	 463
134 	 712
372 	 837
830 	 848
481 	 989
674 	 804
227 	 600
172 	 187
619 	 625
124 	 179
69 	 594
752 	 829
762 	 821
228 	 241
229 	 288
181 	 219
791 	 792
922 	 933
425 	 653
161 	 391
15 	 34
37 	 570
536 	 578
904 	 926
250 	 363
192 	 588
767 	 770
383 	 527
366 	 453
438 	 984
594 	 610
191 	 690
156 	 188
247 	 249
689 	 907
767 	 996
465 	 811
127 	 387
538 	 904
456 	 613
496 	 716
460 	 610
363 	 381
771 	 776
384 	 391
116 	 605
125 	 791
893 	 905
289 	 743
183 	 435
629 	 743
175 	 215
859 	 880
452 	 464
141 	 995
435 	 644
185 	 935
422 	 904
136 	 154
32 	 89
570 	 866
279 	 740
618 	 686
929 	 961
837 	 842
694 	 705
627 	 678
282 	 303
730 	 937
768 	 929
448 	 463
731 	 759
359 	 672
47 	 602
967 	 991
865 	 881
158 	 166
986 	 989
712 	 771
143 	 524
31 	 78
364 	 913
392 	 760
649 	 653
921 	 946
351 	 687
190 	 757
248 	 291
1 	 160
527 	 605
195 	 222
271 	 287
241 	 388
740 	 940
562 	 612
447 	 512
473 	 855
438 	 665
428 	 479
692 	 702
605 	 695
78 	 531
640 	 673
805 	 972
19 	 65
634 	 640
99 	 243
875 	 884
14 	 892
342 	 351
896 	 924
495 	 693
889 	 940
62 	 112
6 	 728
33 	 860
326 	 843
199 	 201
681 	 856
576 	 603
542 	 599
710 	 725
51 	 84
305 	 459
416 	 495
23 	 69
513 	 863
893 	 941
708 	 750
433 	 510
37 	 248
776 	 797
251 	 720
73 	 164
36 	 58
543 	 585
716 	 793
196 	 205
441 	 678
258 	 306
834 	 851
907 	 911
138 	 716
49 	 411
448 	 483
361 	 413
126 	 133
95 	 878
56 	 762
460 	 465
575 	 604
496 	 503
134 	 800
82 	 103
393 	 408
565 	 598
712 	 743
242 	 281
557 	 978
79 	 438
465 	 506
925 	 942
526 	 843
196 	 380
74 	 796
438 	 475
420 	 868
558 	 570
486 	 495
34 	 230
474 	 495
57 	 67
260 	 616
442 	 649
118 	 936
762 	 772
408 	 424
523 	 932
930 	 932
435 	 452
88 	 416
166 	 370
524 	 600
340 	 579
272 	 326
166 	 195
39 	 81
28 	 226
124 	 345
39 	 420
577 	 583
118 	 363
505 	 610
473 	 512
624 	 653
403 	 407
494 	 600
5 	 359
313 	 617
529 	 617
36 	 521
128 	 151
918 	 939
460 	 601
388 	 392
727 	 767
107 	 928
75 	 114
455 	 478
102 	 665
413 	 994
179 	 404
36 	 359
349 	 1000
736 	 758
278 	 302
13 	 15
693 	 729
893 	 945
90 	 902
2 	 316
298 	 689
338 	 388
246 	 267
83 	 199
267 	 898
759 	 938
713 	 722
122 	 390
1 	 365
368 	 393
498 	 599
129 	 193
510 	 1000
440 	 925
153 	 199
410 	 730
105 	 736
233 	 277
161 	 722
336 	 608
217 	 954
215 	 389
773 	 825
583 	 584
535 	 699
920 	 937
265 	 767
782 	 904
539 	 601
925 	 946
319 	 385
356 	 781
463 	 625
358 	 359
103 	 556
433 	 516
213 	 900
62 	 611
34 	 130
678 	 681
808 	 982
723 	 752
157 	 202
33 	 456
805 	 814
514 	 521
459 	 482
614 	 664
67 	 251
692 	 758
294 	 434
667 	 958
171 	 333
814 	 844
100 	 208
780 	 853
265 	 488
33 	 900
931 	 933
253 	 807
615 	 649
174 	 463
452 	 693
783 	 793
255 	 268
681 	 959
280 	 295
122 	 215
983 	 996
365 	 463
274 	 394
736 	 746
372 	 411
388 	 642
99 	 767
449 	 914
128 	 890
112 	 613
113 	 527
845 	 856
445 	 582
906 	 942
547 	 766
287 	 289
240 	 257
243 	 549
613 	 879
371 	 626
387 	 459
479 	 893
359 	 407
178 	 472
868 	 877
444 	 486
657 	 659
111 	 370
773 	 797
114 	 564
790 	 923
207 	 773
636 	 659
163 	 183
463 	 734
230 	 255
242 	 289
441 	 444
359 	 942
16 	 453
181 	 390
404 	 415
22 	 596
706 	 739
43 	 419
447 	 449
766 	 767
76 	 311
6 	 80
369 	 396
922 	 940
499 	 515
412 	 922
86 	 99
641 	 658
257 	 875
724 	 737
123 	 218
676 	 838
289 	 316
94 	 425
594 	 609
491 	 661
589 	 862
348 	 970
354 	 373
227 	 251
840 	 877
127 	 388
146 	 385
624 	 822
520 	 883
974 	 999
141 	 190
509 	 840
771 	 773
408 	 882
28 	 790
234 	 489
23 	 41
445 	 507
452 	 463
73 	 826
435 	 641
457 	 473
591 	 608
445 	 618
29 	 873
660 	 995
17 	 801
371 	 406
188 	 202
279 	 737
929 	 962
638 	 690
854 	 885
359 	 435
126 	 414
608 	 806
651 	 691
49 	 97
196 	 212
860 	 873
402 	 849
240 	 251
703 	 743
373 	 410
31 	 36
147 	 549
608 	 988
10 	 485
765 	 795
933 	 939
539 	 610
52 	 719
200 	 447
402 	 516
195 	 219
161 	 855
605 	 914
447 	 509
139 	 950
360 	 902
390 	 773
432 	 506
550 	 551
567 	 589
866 	 882
662 	 681
387 	 523
495 	 604
1 	 733
167 	 202
210 	 811
767 	 803
52 	 60
473 	 485
537 	 686
465 	 792
357 	 782
14 	 93
198 	 272
470 	 619
460 	 525
158 	 946
569 	 605
954 	 979
416 	 490
270 	 772
55 	 572
500 	 665
391 	 538
598 	 736
177 	 662
504 	 973
214 	 743
828 	 855
93 	 393
226 	 298
445 	 526
560 	 645
267 	 894
984 	 985
655 	 681
551 	 970
240 	 313
133 	 903
543 	 586
173 	 392
251 	 832
59 	 107
480 	 767
388 	 773
570 	 607
498 	 908
649 	 731
393 	 409
211 	 388
129 	 435
557 	 979
778 	 780
151 	 776
300 	 444
248 	 258
489 	 497
165 	 972
230 	 904
838 	 857
235 	 816
312 	 918
263 	 624
435 	 449
787 	 878
381 	 389
605 	 741
201 	 739
464 	 640
376 	 388
714 	 933
853 	 910
516 	 600
244 	 931
546 	 989
763 	 994
953 	 954
388 	 391
444 	 831
284 	 298
192 	 865
785 	 787
771 	 862
184 	 817
48 	 290
440 	 476
207 	 451
525 	 804
84 	 118
70 	 75
488 	 496
327 	 940
591 	 613
456 	 846
520 	 601
906 	 945
598 	 613
430 	 435
234 	 306
327 	 571
703 	 974
25 	 757
462 	 866
713 	 802
223 	 651
65 	 613
402 	 912
86 	 824
864 	 889
95 	 960
911 	 940
164 	 599
920 	 940
697 	 739
213 	 909
619 	 652
969 	 983
643 	 652
62 	 610
13 	 920
69 	 640
695 	 736
714 	 871
762 	 799
100 	 388
137 	 152
227 	 660
743 	 748
123 	 993
105 	 300
195 	 438
126 	 748
459 	 495
757 	 820
340 	 610
710 	 856
269 	 612
737 	 988
892 	 910
330 	 485
611 	 880
99 	 188
670 	 679
447 	 610
214 	 859
766 	 798
222 	 320
65 	 231
249 	 388
897 	 938
399 	 632
632 	 742
392 	 411
435 	 956
255 	 265
222 	 450
497 	 705
262 	 955
702 	 984
261 	 516
435 	 779
146 	 710
118 	 130
445 	 472
36 	 147
750 	 957
470 	 773
56 	 208
166 	 540
82 	 593
335 	 387
45 	 349
471 	 707
259 	 287
46 	 71
320 	 444
604 	 613
51 	 605
51 	 560
734 	 875
202 	 426
773 	 798
44 	 332
636 	 662
301 	 315
532 	 591
488 	 805
830 	 846
739 	 995
406 	 530
390 	 509
817 	 857
782 	 939
230 	 254
199 	 773
257 	 304
610 	 632
619 	 752
304 	 460
657 	 961
239 	 245
367 	 426
447 	 450
787 	 803
137 	 180
16 	 230
309 	 402
499 	 516
614 	 651
230 	 690
640 	 655
451 	 703
161 	 409
364 	 388
594 	 727
559 	 673
134 	 444
892 	 938
767 	 776
252 	 311
300 	 989
340 	 860
252 	 424
957 	 987
388 	 434
245 	 933
616 	 632
4 	 98
197 	 599
802 	 861
74 	 230
220 	 672
47 	 49
251 	 472
659 	 975
38 	 404
646 	 725
332 	 699
445 	 508
591 	 605
458 	 865
702 	 734
80 	 218
963 	 992
140 	 221
590 	 605
772 	 916
226 	 382
11 	 324
638 	 689
251 	 793
842 	 860
972 	 997
389 	 709
102 	 148
103 	 949
894 	 920
60 	 868
669 	 820
657 	 768
959 	 989
46 	 478
830 	 850
156 	 911
566 	 856
34 	 111
199 	 865
433 	 638
370 	 407
838 	 868
455 	 522
351 	 975
575 	 879
10 	 87
357 	 380
161 	 199
471 	 488
899 	 921
715 	 741
185 	 188
188 	 877
557 	 564
447 	 736
416 	 917
237 	 248
401 	 500
185 	 299
774 	 831
875 	 882
516 	 652
434 	 463
733 	 743
737 	 738
23 	 889
10 	 612
710 	 723
783 	 807
858 	 872
538 	 610
632 	 686
576 	 982
121 	 758
129 	 699
850 	 865
116 	 571
246 	 388
401 	 975
56 	 135
301 	 816
176 	 538
326 	 397
419 	 831
327 	 992
609 	 889
422 	 954
445 	 527
103 	 119
430 	 479
68 	 734
655 	 682
233 	 541
277 	 312
51 	 613
59 	 108
543 	 986
251 	 944
734 	 851
907 	 909
600 	 778
657 	 732
186 	 214
389 	 991
7 	 38
712 	 737
928 	 936
218 	 677
234 	 802
438 	 440
865 	 910
218 	 726
16 	 399
19 	 479
438 	 473
148 	 255
115 	 120
597 	 984
62 	 605
852 	 871
622 	 645
486 	 493
57 	 69
243 	 276
119 	 391
787 	 875
649 	 792
115 	 346
516 	 599
76 	 224
671 	 683
504 	 624
718 	 758
438 	 782
632 	 916
836 	 887
431 	 447
17 	 287
289 	 468
146 	 447
24 	 54
392 	 434
470 	 526
18 	 133
81 	 805
3 	 100
736 	 760
23 	 103
833 	 959
29 	 692
178 	 208
287 	 444
488 	 495
127 	 187
534 	 603
476 	 495
242 	 925
56 	 235
338 	 386
428 	 516
772 	 859
350 	 379
815 	 989
307 	 528
347 	 481
777 	 820
868 	 883
467 	 842
803 	 816
271 	 746
272 	 593
74 	 762
902 	 970
406 	 795
656 	 767
268 	 778
864 	 892
955 	 966
608 	 910
121 	 428
394 	 884
158 	 251
911 	 937
532 	 566
381 	 998
587 	 649
593 	 710
920 	 939
705 	 724
390 	 392
393 	 438
372 	 795
765 	 836
510 	 697
265 	 848
619 	 649
541 	 580
602 	 604
31 	 678
61 	 697
743 	 745
602 	 965
514 	 527
605 	 714
272 	 299
557 	 613
614 	 662
364 	 423
512 	 871
39 	 115
456 	 463
96 	 104
5 	 39
541 	 913
190 	 255
389 	 390
960 	 975
156 	 435
892 	 909
223 	 496
632 	 967
892 	 894
52 	 115
71 	 947
477 	 510
353 	 564
279 	 304
156 	 209
504 	 737
24 	 90
576 	 925
375 	 376
572 	 602
59 	 637
927 	 934
983 	 994
528 	 591
435 	 780
736 	 748
241 	 711
479 	 577
391 	 743
358 	 914
599 	 690
175 	 186
530 	 863
104 	 110
642 	 677
469 	 479
859 	 919
682 	 684
335 	 388
764 	 868
215 	 854
475 	 527
138 	 983
725 	 895
694 	 746
393 	 741
155 	 976
600 	 724
359 	 360
347 	 376
34 	 360
74 	 615
610 	 661
25 	 31
66 	 695
358 	 423
441 	 463
205 	 352
596 	 599
503 	 541
230 	 253
582 	 600
765 	 872
438 	 496
257 	 289
541 	 561
395 	 403
399 	 507
27 	 814
355 	 399
652 	 711
619 	 640
514 	 762
762 	 826
134 	 153
432 	 488
912 	 938
623 	 975
718 	 971
922 	 938
956 	 958
796 	 897
813 	 995
250 	 511
33 	 85
19 	 92
185 	 272
597 	 605
706 	 948
633 	 910
767 	 773
701 	 755
537 	 596
792 	 806
460 	 773
299 	 395
193 	 922
93 	 611
771 	 993
128 	 220
957 	 988
301 	 551
339 	 370
137 	 608
214 	 608
288 	 313
569 	 579
538 	 566
719 	 757
440 	 494
439 	 957
26 	 330
599 	 611
828 	 845
159 	 703
456 	 789
992 	 999
963 	 989
713 	 748
397 	 711
454 	 500
898 	 944
311 	 389
263 	 284
601 	 609
854 	 883
439 	 505
121 	 262
570 	 577
967 	 990
669 	 676
79 	 302
325 	 662
96 	 619
244 	 288
619 	 690
717 	 743
459 	 755
610 	 915
652 	 662
913 	 916
34 	 223
253 	 455
35 	 882
973 	 976
44 	 998
53 	 94
428 	 468
641 	 705
735 	 737
849 	 868
44 	 644
20 	 363
580 	 611
449 	 481
767 	 801
586 	 738
196 	 878
508 	 592
330 	 420
536 	 728
509 	 904
737 	 739
793 	 841
542 	 596
300 	 841
67 	 630
251 	 279
141 	 205
341 	 405
353 	 363
923 	 939
81 	 826
155 	 465
426 	 516
283 	 445
17 	 97
130 	 264
646 	 824
750 	 900
103 	 120
359 	 462
435 	 566
720 	 973
387 	 433
164 	 863
93 	 169
112 	 893
203 	 953
451 	 495
125 	 762
769 	 824
186 	 213
97 	 394
652 	 980
582 	 671
103 	 692
17 	 715
630 	 643
100 	 652
207 	 750
465 	 509
225 	 558
709 	 792
343 	 510
644 	 977
734 	 741
329 	 604
830 	 998
558 	 567
247 	 602
192 	 201
285 	 447
709 	 935
125 	 190
39 	 886
210 	 474
19 	 130
844 	 871
256 	 619
848 	 887
244 	 647
266 	 297
970 	 989
260 	 263
620 	 653
709 	 748
625 	 743
788 	 797
347 	 565
537 	 541
140 	 894
403 	 406
42 	 84
132 	 210
718 	 757
101 	 715
431 	 448
269 	 303
360 	 368
363 	 402
719 	 787
629 	 917
595 	 741
222 	 331
388 	 393
392 	 433
568 	 572
914 	 945
699 	 711
275 	 619
405 	 590
632 	 689
136 	 944
17 	 62
278 	 299
488 	 490
371 	 762
391 	 651
212 	 412
310 	 619
591 	 662
556 	 783
97 	 106
833 	 862
105 	 549
764 	 824
441 	 615
172 	 663
582 	 976
73 	 82
344 	 397
488 	 605
553 	 732
296 	 362
388 	 867
122 	 741
87 	 599
148 	 463
21 	 65
911 	 938
488 	 771
518 	 522
390 	 391
205 	 396
847 	 879
9 	 743
406 	 621
463 	 632
319 	 392
248 	 488
752 	 952
839 	 858
234 	 575
512 	 516
77 	 93
762 	 797
486 	 657
180 	 286
571 	 599
459 	 493
614 	 661
692 	 759
89 	 802
75 	 733
883 	 888
205 	 848
9 	 35
389 	 391
123 	 193
30 	 405
144 	 669
589 	 934
58 	 604
352 	 794
265 	 284
192 	 673
36 	 601
205 	 558
301 	 685
2 	 714
792 	 999
671 	 930
287 	 763
269 	 418
292 	 769
456 	 526
595 	 604
559 	 839
335 	 743
32 	 835
802 	 808
492 	 826
603 	 830
385 	 397
117 	 458
713 	 753
345 	 725
180 	 662
97 	 118
423 	 808
393 	 791
359 	 406
552 	 767
316 	 323
64 	 929
235 	 287
129 	 176
2 	 88
682 	 982
423 	 514
206 	 400
427 	 461
154 	 269
411 	 742
402 	 763
553 	 583
239 	 298
276 	 290
301 	 309
445 	 901
158 	 222
286 	 393
441 	 464
649 	 661
579 	 590
44 	 219
390 	 507
886 	 896
139 	 187
437 	 956
438 	 495
459 	 736
480 	 872
545 	 565
463 	 596
432 	 641
31 	 376
866 	 905
348 	 402
866 	 875
295 	 923
81 	 275
357 	 424
144 	 324
6 	 367
465 	 513
767 	 774
185 	 512
148 	 758
576 	 734
137 	 355
447 	 516
52 	 82
957 	 981
542 	 591
192 	 854
431 	 504
360 	 440
663 	 675
335 	 596
171 	 977
141 	 185
142 	 210
236 	 251
28 	 791
103 	 367
607 	 943
3 	 41
337 	 995
45 	 436
323 	 986
963 	 990
242 	 821
243 	 584
338 	 346
601 	 610
284 	 864
359 	 434
333 	 597
8 	 109
196 	 213
807 	 821
938 	 940
117 	 883
448 	 459
361 	 421
268 	 849
621 	 707
97 	 495
4 	 875
959 	 963
481 	 526
705 	 750
102 	 116
725 	 737
359 	 611
678 	 955
108 	 815
57 	 845
363 	 610
790 	 813
196 	 388
437 	 928
370 	 405
652 	 661
679 	 688
312 	 947
536 	 787
137 	 195
438 	 741
666 	 898
152 	 923
468 	 610
908 	 973
519 	 743
640 	 685
36 	 819
167 	 205
796 	 797
256 	 293
783 	 950
439 	 640
858 	 870
54 	 873
240 	 642
460 	 514
103 	 444
954 	 984
555 	 607
366 	 856
372 	 423
13 	 103
581 	 610
433 	 498
159 	 668
694 	 783
733 	 805
569 	 958
608 	 613
776 	 793
29 	 848
36 	 62
573 	 781
478 	 497
297 	 560
777 	 794
391 	 458
336 	 983
894 	 969
150 	 159
8 	 81
635 	 933
212 	 590
1 	 419
100 	 941
448 	 495
411 	 734
126 	 129
826 	 827
575 	 608
25 	 88
343 	 388
697 	 714
619 	 659
103 	 516
964 	 982
605 	 962
610 	 958
424 	 856
835 	 859
787 	 986
399 	 436
257 	 409
476 	 525
762 	 776
67 	 100
805 	 822
611 	 613
848 	 882
351 	 828
978 	 980
29 	 44
395 	 654
333 	 370
190 	 217
389 	 420
960 	 981
558 	 873
633 	 856
252 	 260
90 	 93
275 	 311
443 	 821
44 	 640
250 	 295
179 	 219
624 	 649
59 	 773
42 	 83
792 	 877
189 	 392
343 	 665
146 	 445
458 	 483
351 	 376
388 	 396
407 	 422
542 	 567
284 	 299
251 	 300
76 	 909
370 	 688
246 	 501
37 	 50
629 	 684
736 	 754
6 	 891
178 	 206
534 	 601
385 	 418
117 	 503
578 	 621
136 	 845
13 	 154
230 	 259
600 	 601
359 	 495
51 	 952
627 	 663
60 	 976
25 	 359
890 	 909
601 	 602
467 	 840
359 	 378
187 	 455
1 	 399
748 	 761
460 	 497
649 	 762
705 	 726
463 	 710
103 	 605
242 	 313
389 	 836
465 	 474
359 	 902
317 	 702
66 	 892
700 	 713
762 	 804
633 	 662
137 	 155
743 	 751
14 	 589
848 	 854
464 	 605
345 	 461
770 	 812
39 	 113
278 	 793
444 	 513
389 	 392
106 	 790
253 	 605
245 	 733
313 	 521
841 	 843
362 	 938
680 	 736
24 	 92
388 	 488
142 	 173
561 	 713
617 	 725
983 	 1000
971 	 984
349 	 968
372 	 415
391 	 741
129 	 532
551 	 555
242 	 959
772 	 812
241 	 600
193 	 491
433 	 442
885 	 984
337 	 550
338 	 381
441 	 516
184 	 214
59 	 447
377 	 854
292 	 301
432 	 829
587 	 604
786 	 823
773 	 793
522 	 537
790 	 792
829 	 868
390 	 506
438 	 494
605 	 906
54 	 190
219 	 253
172 	 207
726 	 748
373 	 838
447 	 453
463 	 964
395 	 612
20 	 115
961 	 981
100 	 417
247 	 306
109 	 307
628 	 631
353 	 773
36 	 794
641 	 662
900 	 993
260 	 322
724 	 741
904 	 921
134 	 441
171 	 301
892 	 939
332 	 372
594 	 613
171 	 704
228 	 291
390 	 608
446 	 488
378 	 402
417 	 724
228 	 692
123 	 456
841 	 871
254 	 688
443 	 463
249 	 274
236 	 254
954 	 955
219 	 966
298 	 612
388 	 738
445 	 503
28 	 647
324 	 653
128 	 751
618 	 657
410 	 892
290 	 670
164 	 165
915 	 917
716 	 884
574 	 626
834 	 842
44 	 284
448 	 502
739 	 787
959 	 964
244 	 369
446 	 757
765 	 791
411 	 874
358 	 473
488 	 838
649 	 690
691 	 865
392 	 516
54 	 97
111 	 116
20 	 34
631 	 662
208 	 845
137 	 196
357 	 359
135 	 590
982 	 999
849 	 870
956 	 988
170 	 175
97 	 923
299 	 331
709 	 754
584 	 776
166 	 187
167 	 206
461 	 491
767 	 807
841 	 933
624 	 632
28 	 39
363 	 444
737 	 741
278 	 563
408 	 948
710 	 736
90 	 659
41 	 75
954 	 983
365 	 388
353 	 476
500 	 669
650 	 674
374 	 380
464 	 506
287 	 579
609 	 653
331 	 399
794 	 815
32 	 171
197 	 364
223 	 516
83 	 111
374 	 414
694 	 703
655 	 685
13 	 326
359 	 452
36 	 61
169 	 604
159 	 955
307 	 762
296 	 328
201 	 220
369 	 814
393 	 526
381 	 989
186 	 219
315 	 319
4 	 842
390 	 417
204 	 971
830 	 883
191 	 213
734 	 739
311 	 606
61 	 801
450 	 512
544 	 610
379 	 464
104 	 943
695 	 760
502 	 516
435 	 509
235 	 955
369 	 377
277 	 572
416 	 997
456 	 488
389 	 429
48 	 234
494 	 706
577 	 604
152 	 160
85 	 355
308 	 390
366 	 392
464 	 783
576 	 614
707 	 757
302 	 305
284 	 302
141 	 243
214 	 933
225 	 324
23 	 139
352 	 619
63 	 668
284 	 731
37 	 51
93 	 331
278 	 297
445 	 464
47 	 112
547 	 868
452 	 510
111 	 803
149 	 572
99 	 583
338 	 391
445 	 447
383 	 407
551 	 927
362 	 410
626 	 809
902 	 934
498 	 586
868 	 888
466 	 492
194 	 901
359 	 383
293 	 601
97 	 330
444 	 477
635 	 954
677 	 679
739 	 876
636 	 654
907 	 944
191 	 407
31 	 128
337 	 391
66 	 601
463 	 715
782 	 899
212 	 839
692 	 942
267 	 289
748 	 794
57 	 245
562 	 606
124 	 173
204 	 213
43 	 91
243 	 307
762 	 803
277 	 617
100 	 392
429 	 868
805 	 811
514 	 516
455 	 1000
294 	 300
243 	 390
483 	 501
231 	 895
444 	 516
317 	 884
709 	 714
625 	 773
256 	 367
75 	 302
917 	 927
444 	 625
107 	 731
623 	 643
628 	 809
42 	 78
132 	 208
65 	 251
188 	 741
61 	 111
412 	 509
251 	 333
783 	 798
145 	 210
227 	 310
491 	 495
971 	 981
421 	 502
445 	 468
391 	 742
89 	 446
236 	 464
442 	 445
116 	 790
600 	 640
215 	 732
431 	 517
902 	 922
543 	 902
389 	 628
587 	 601
786 	 822
276 	 292
865 	 875
392 	 650
531 	 856
273 	 800
78 	 950
704 	 962
66 	 982
359 	 935
795 	 863
139 	 923
62 	 755
908 	 931
300 	 563
230 	 702
291 	 788
44 	 554
289 	 305
184 	 546
9 	 176
100 	 239
465 	 914
447 	 514
18 	 40
443 	 447
632 	 635
599 	 610
178 	 188
42 	 981
338 	 446
604 	 935
642 	 646
37 	 218
186 	 514
776 	 823
833 	 873
430 	 503
251 	 694
164 	 215
388 	 927
263 	 287
560 	 605
599 	 947
306 	 314
142 	 660
154 	 382
12 	 108
196 	 215
781 	 815
47 	 753
398 	 800
587 	 637
959 	 961
429 	 488
177 	 265
346 	 392
97 	 608
389 	 886
704 	 917
976 	 980
583 	 788
111 	 113
610 	 920
44 	 74
192 	 210
782 	 860
511 	 922
190 	 465
87 	 89
494 	 955
77 	 103
413 	 417
715 	 737
326 	 642
185 	 192
222 	 977
438 	 532
134 	 267
709 	 755
345 	 390
625 	 766
767 	 808
896 	 898
473 	 490
327 	 389
754 	 937
95 	 97
208 	 388
586 	 632
862 	 899
116 	 737
388 	 402
156 	 158
505 	 810
379 	 847
897 	 918
413 	 613
365 	 366
460 	 516
479 	 510
227 	 267
962 	 966
158 	 909
251 	 389
589 	 605
738 	 895
646 	 676
353 	 477
62 	 445
84 	 93
464 	 505
251 	 504
581 	 612
569 	 960
72 	 661
187 	 207
298 	 752
445 	 523
542 	 917
36 	 64
721 	 758
333 	 748
578 	 929
574 	 661
177 	 215
566 	 613
475 	 488
44 	 263
187 	 259
697 	 716
437 	 975
700 	 961
260 	 848
619 	 657
268 	 605
359 	 928
734 	 738
5 	 666
652 	 691
852 	 875
799 	 808
782 	 896
605 	 627
126 	 594
514 	 694
222 	 787
619 	 947
697 	 921
381 	 386
714 	 991
848 	 884
387 	 633
22 	 776
97 	 969
44 	 852
266 	 302
230 	 613
625 	 651
848 	 993
208 	 578
960 	 983
620 	 642
505 	 761
275 	 309
495 	 748
779 	 997
896 	 934
438 	 778
497 	 508
284 	 448
431 	 451
572 	 705
576 	 613
727 	 753
341 	 428
379 	 867
71 	 117
255 	 274
366 	 681
227 	 303
46 	 811
174 	 374
676 	 720
983 	 986
289 	 694
436 	 519
391 	 767
2 	 318
772 	 818
240 	 390
445 	 448
324 	 695
660 	 945
310 	 632
627 	 661
898 	 917
38 	 650
574 	 584
387 	 404
350 	 744
601 	 604
711 	 737
243 	 797
739 	 762
539 	 786
4 	 647
444 	 480
777 	 903
769 	 791
955 	 962
704 	 719
389 	 959
334 	 406
947 	 961
392 	 566
242 	 319
389 	 846
392 	 587
499 	 823
602 	 608
53 	 98
97 	 870
762 	 802
137 	 157
318 	 324
67 	 70
696 	 831
640 	 658
432 	 445
456 	 459
763 	 813
619 	 841
33 	 188
917 	 928
152 	 163
100 	 246
670 	 674
175 	 770
253 	 974
222 	 315
407 	 469
344 	 780
18 	 204
170 	 273
616 	 736
392 	 402
612 	 845
444 	 975
46 	 783
103 	 322
324 	 629
680 	 832
693 	 699
112 	 611
131 	 192
335 	 392
50 	 54
713 	 756
36 	 103
242 	 782
26 	 61
485 	 488
854 	 859
359 	 393
328 	 860
915 	 943
391 	 408
233 	 488
196 	 254
489 	 882
104 	 477
32 	 388
74 	 666
2 	 85
553 	 699
834 	 868
190 	 776
444 	 508
24 	 768
251 	 996
329 	 810
21 	 104
955 	 998
116 	 420
31 	 89
343 	 351
830 	 841
244 	 264
281 	 316
481 	 980
230 	 249
639 	 669
165 	 954
643 	 762
438 	 492
830 	 954
89 	 628
6 	 57
230 	 987
253 	 302
16 	 116
610 	 853
961 	 983
137 	 185
193 	 577
382 	 865
460 	 987
527 	 789
320 	 575
286 	 635
904 	 923
407 	 663
24 	 299
892 	 941
625 	 802
28 	 93
110 	 953
746 	 925
926 	 941
840 	 875
127 	 390
295 	 550
444 	 894
136 	 612
408 	 799
392 	 502
448 	 862
192 	 936
232 	 251
142 	 207
129 	 724
443 	 448
650 	 652
690 	 983
464 	 488
93 	 308
331 	 361
41 	 399
296 	 751
406 	 411
618 	 629
728 	 748
251 	 580
626 	 662
226 	 264
374 	 392
28 	 522
234 	 269
587 	 777
435 	 526
345 	 692
484 	 885
560 	 608
65 	 563
601 	 613
392 	 954
929 	 968
173 	 410
221 	 398
22 	 77
206 	 480
368 	 463
776 	 984
781 	 816
324 	 941
604 	 757
643 	 777
518 	 685
703 	 745
356 	 544
177 	 187
781 	 959
39 	 529
865 	 888
190 	 669
7 	 51
410 	 517
674 	 856
392 	 749
106 	 374
234 	 841
163 	 213
58 	 507
276 	 432
441 	 495
535 	 613
630 	 683
133 	 493
316 	 959
562 	 955
874 	 889
455 	 756
631 	 889
899 	 995
610 	 776
224 	 324
63 	 72
602 	 920
330 	 757
459 	 465
28 	 366
900 	 946
185 	 321
223 	 281
653 	 816
33 	 117
345 	 391
516 	 610
297 	 298
153 	 782
84 	 548
300 	 943
100 	 189
213 	 390
360 	 759
256 	 290
293 	 318
76 	 136
228 	 321
378 	 436
737 	 743
28 	 938
51 	 75
14 	 87
251 	 275
840 	 847
33 	 962
59 	 578
632 	 681
617 	 672
569 	 611
45 	 516
13 	 98
70 	 81
323 	 906
496 	 971
433 	 501
457 	 507
608 	 610
187 	 208
520 	 644
23 	 442
263 	 361
449 	 591
380 	 723
59 	 390
578 	 936
354 	 712
807 	 965
184 	 288
122 	 717
384 	 885
522 	 710
543 	 878
246 	 884
781 	 931
361 	 388
471 	 857
221 	 696
705 	 717
337 	 413
393 	 415
562 	 854
565 	 605
549 	 598
288 	 516
925 	 933
66 	 996
373 	 666
302 	 740
734 	 737
511 	 812
352 	 366
558 	 563
300 	 463
544 	 612
125 	 186
592 	 888
762 	 773
97 	 859
139 	 596
18 	 675
472 	 566
611 	 612
294 	 310
848 	 883
23 	 734
483 	 495
810 	 816
387 	 745
948 	 954
106 	 831
486 	 859
788 	 801
348 	 874
24 	 339
831 	 839
487 	 521
783 	 998
896 	 933
478 	 844
793 	 826
853 	 874
156 	 204
546 	 584
456 	 661
137 	 653
287 	 643
400 	 930
165 	 251
632 	 653
280 	 284
467 	 511
716 	 754
742 	 882
154 	 249
375 	 527
287 	 445
127 	 192
246 	 276
659 	 675
60 	 84
776 	 890
972 	 979
902 	 932
601 	 605
807 	 993
517 	 827
355 	 932
444 	 479
402 	 787
773 	 808
704 	 714
446 	 571
