1	11
1	23
1	27
1	49
1	54
1	66
1	86
1	143
1	157
1	189
1	195
1	205
1	231
1	234
1	274
1	288
1	291
1	321
1	332
1	368
1	386
1	435
1	564
1	653
1	681
1	708
1	710
1	734
1	745
1	791
1	829
1	848
1	901
1	908
1	940
1	978
1	1037
1	1045
1	1059
1	1094
1	1102
1	1131
1	1140
1	1164
1	1210
1	1256
1	1262
1	1284
1	1305
1	1312
1	1319
1	1330
1	1391
1	1412
1	1490
1	1492
1	1497
1	1529
1	1535
1	1560
1	1569
1	1626
1	1629
1	1693
1	1701
1	1715
1	1719
1	1776
1	1778
1	1852
1	1868
1	1880
1	1926
2	16
2	18
2	19
2	22
2	25
2	32
2	37
2	46
2	47
2	57
2	62
2	77
2	79
2	111
2	112
2	114
2	122
2	128
2	154
2	173
2	185
2	193
2	216
2	225
2	226
2	255
2	257
2	276
2	293
2	374
2	391
2	440
2	471
2	494
2	495
2	524
2	575
2	598
2	605
2	618
2	668
2	675
2	728
2	743
2	765
2	815
2	817
2	891
2	971
2	981
2	986
2	995
2	1042
2	1092
2	1130
2	1157
2	1251
2	1324
2	1404
2	1414
2	1480
2	1501
2	1538
2	1595
2	1623
2	1681
2	1784
2	1864
2	1876
2	1949
2	1988
3	7
3	10
3	17
3	26
3	38
3	40
3	52
3	55
3	56
3	58
3	60
3	64
3	69
3	71
3	78
3	84
3	93
3	95
3	100
3	101
3	110
3	123
3	136
3	141
3	163
3	183
3	210
3	233
3	247
3	258
3	269
3	275
3	335
3	383
3	390
3	406
3	421
3	465
3	492
3	498
3	536
3	557
3	569
3	579
3	641
3	678
3	741
3	872
3	903
3	907
3	933
3	935
3	975
3	1044
3	1150
3	1219
3	1338
3	1341
3	1354
3	1367
3	1451
3	1463
3	1466
3	1481
3	1512
3	1608
3	1710
3	1729
3	1976
3	1986
4	24
4	30
4	98
4	118
4	164
4	170
4	174
4	176
4	198
4	228
4	230
4	270
4	285
4	295
4	303
4	326
4	345
4	347
4	348
4	375
4	412
4	416
4	422
4	449
4	456
4	463
4	497
4	503
4	516
4	554
4	591
4	638
4	647
4	684
4	688
4	703
4	756
4	781
4	888
4	930
4	998
4	1051
4	1062
4	1196
4	1201
4	1202
4	1236
4	1243
4	1287
4	1295
4	1315
4	1317
4	1348
4	1366
4	1482
4	1545
4	1613
4	1672
4	1760
4	1944
4	1965
4	1987
5	6
5	15
5	61
5	72
5	81
5	85
5	109
5	116
5	131
5	151
5	199
5	221
5	259
5	278
5	279
5	294
5	329
5	429
5	430
5	436
5	582
5	586
5	632
5	671
5	742
5	762
5	813
5	842
5	858
5	883
5	887
5	920
5	954
5	1012
5	1038
5	1090
5	1187
5	1194
5	1198
5	1225
5	1228
5	1245
5	1281
5	1461
5	1532
5	1551
5	1557
5	1575
5	1635
5	1663
5	1733
5	1780
5	1809
5	1845
5	1862
5	1867
5	1884
5	1968
5	1996
6	14
6	20
6	33
6	35
6	36
6	45
6	50
6	65
6	67
6	113
6	115
6	152
6	156
6	178
6	202
6	208
6	209
6	240
6	271
6	273
6	314
6	316
6	376
6	403
6	404
6	428
6	441
6	454
6	485
6	491
6	505
6	538
6	547
6	677
6	720
6	722
6	758
6	764
6	833
6	946
6	947
6	961
6	983
6	990
6	1185
6	1322
6	1351
6	1383
6	1473
6	1507
6	1636
6	1707
6	1716
6	1795
6	1801
6	1974
7	10
7	17
7	38
7	52
7	55
7	60
7	69
7	71
7	78
7	93
7	95
7	100
7	121
7	123
7	132
7	136
7	142
7	162
7	163
7	194
7	210
7	244
7	247
7	275
7	280
7	322
7	335
7	357
7	445
7	492
7	498
7	499
7	650
7	709
7	712
7	738
7	763
7	767
7	776
7	792
7	811
7	824
7	907
7	909
7	919
7	1010
7	1080
7	1173
7	1275
7	1303
7	1358
7	1475
7	1807
7	1850
7	1937
8	21
8	28
8	41
8	48
8	89
8	99
8	137
8	159
8	249
8	292
8	296
8	313
8	369
8	377
8	378
8	387
8	411
8	452
8	457
8	518
8	563
8	577
8	663
8	682
8	699
8	706
8	727
8	749
8	757
8	816
8	844
8	1081
8	1163
8	1231
8	1268
8	1384
8	1434
8	1494
8	1508
8	1531
8	1574
8	1592
8	1597
8	1706
8	1723
8	1731
8	1734
8	1769
8	1788
8	1837
8	1859
8	1929
8	1943
8	1960
9	70
9	76
9	88
9	168
9	192
9	235
9	266
9	290
9	305
9	306
9	366
9	459
9	568
9	593
9	657
9	683
9	697
9	713
9	747
9	748
9	761
9	766
9	782
9	821
9	834
9	859
9	865
9	912
9	985
9	992
9	993
9	1082
9	1099
9	1134
9	1169
9	1182
9	1199
9	1211
9	1267
9	1304
9	1342
9	1353
9	1590
9	1609
9	1644
9	1658
9	1743
9	1814
9	1826
9	1836
9	1842
9	1860
10	17
10	26
10	55
10	56
10	58
10	60
10	93
10	95
10	100
10	123
10	132
10	162
10	194
10	247
10	254
10	269
10	275
10	357
10	381
10	383
10	419
10	455
10	552
10	553
10	650
10	701
10	767
10	804
10	869
10	972
10	975
10	1049
10	1054
10	1274
10	1371
10	1386
10	1394
10	1462
10	1483
10	1533
10	1618
10	1822
10	1843
10	1891
10	1958
11	23
11	27
11	49
11	54
11	66
11	86
11	143
11	157
11	189
11	195
11	205
11	231
11	234
11	274
11	288
11	291
11	321
11	386
11	520
11	564
11	653
11	731
11	745
11	877
11	880
11	882
11	901
11	908
11	1045
11	1176
11	1256
11	1305
11	1359
11	1492
11	1513
11	1535
11	1643
11	1682
11	1684
11	1738
11	1778
11	1868
11	1878
11	1933
12	74
12	80
12	106
12	133
12	172
12	190
12	207
12	214
12	283
12	349
12	358
12	372
12	394
12	442
12	609
12	645
12	685
12	827
12	884
12	889
12	917
12	928
12	949
12	979
12	980
12	1021
12	1097
12	1104
12	1250
12	1263
12	1289
12	1298
12	1313
12	1326
12	1375
12	1548
12	1606
12	1627
12	1641
12	1645
12	1692
12	1774
12	1912
12	1941
13	34
13	59
13	68
13	87
13	129
13	130
13	182
13	220
13	328
13	352
13	361
13	382
13	462
13	472
13	493
13	539
13	576
13	580
13	590
13	604
13	635
13	773
13	825
13	904
13	989
13	1056
13	1079
13	1091
13	1306
13	1387
13	1583
13	1668
13	1765
13	1849
13	1885
13	1905
13	1959
14	20
14	36
14	43
14	45
14	50
14	67
14	104
14	156
14	165
14	169
14	314
14	316
14	320
14	338
14	371
14	438
14	483
14	505
14	522
14	594
14	655
14	698
14	764
14	918
14	950
14	1146
14	1153
14	1179
14	1351
14	1445
14	1559
14	1824
14	1838
14	1916
14	1981
15	61
15	72
15	81
15	85
15	109
15	116
15	131
15	151
15	199
15	221
15	259
15	294
15	329
15	436
15	573
15	632
15	671
15	730
15	762
15	801
15	836
15	883
15	887
15	894
15	897
15	921
15	994
15	1012
15	1142
15	1245
15	1551
15	1598
15	1635
15	1867
16	18
16	19
16	22
16	32
16	46
16	57
16	62
16	111
16	128
16	193
16	217
16	225
16	300
16	365
16	367
16	481
16	487
16	496
16	527
16	531
16	584
16	631
16	665
16	675
16	724
16	807
16	867
16	986
16	1139
16	1251
16	1526
16	1659
16	1670
16	1726
17	52
17	60
17	69
17	78
17	84
17	121
17	162
17	254
17	275
17	280
17	336
17	351
17	381
17	470
17	589
17	602
17	641
17	709
17	905
17	933
17	1010
17	1015
17	1054
17	1148
17	1288
17	1472
17	1486
17	1785
17	1791
17	1835
18	19
18	22
18	25
18	32
18	37
18	47
18	62
18	112
18	114
18	119
18	300
18	342
18	423
18	440
18	471
18	473
18	513
18	631
18	743
18	896
18	964
18	1334
18	1396
18	1452
18	1573
18	1588
18	1702
18	1831
18	1853
18	1857
18	1975
19	22
19	32
19	57
19	62
19	112
19	114
19	120
19	374
19	388
19	391
19	482
19	508
19	533
19	606
19	633
19	672
19	686
19	799
19	819
19	867
19	1385
19	1433
19	1480
19	1646
19	1721
19	1872
19	1911
19	1918
19	1975
20	33
20	36
20	90
20	104
20	117
20	206
20	224
20	428
20	485
20	534
20	543
20	737
20	803
20	812
20	845
20	875
20	886
20	988
20	1167
20	1257
20	1277
20	1280
20	1381
20	1428
20	1509
20	1742
20	1851
20	1977
21	82
21	92
21	97
21	127
21	153
21	179
21	188
21	213
21	215
21	227
21	284
21	286
21	289
21	360
21	392
21	393
21	395
21	415
21	433
21	474
21	519
21	651
21	705
21	828
21	910
21	1328
21	1427
21	1524
21	1544
22	46
22	47
22	62
22	77
22	79
22	111
22	119
22	120
22	154
22	185
22	216
22	276
22	356
22	432
22	481
22	550
22	665
22	672
22	724
22	726
22	1130
22	1681
22	1831
23	27
23	54
23	66
23	86
23	143
23	157
23	189
23	195
23	205
23	234
23	364
23	386
23	435
23	520
23	880
23	1014
23	1037
23	1088
23	1096
23	1102
23	1292
23	1628
23	1629
23	1642
23	1827
24	30
24	98
24	118
24	170
24	176
24	228
24	295
24	326
24	345
24	375
24	463
24	503
24	516
24	595
24	703
24	781
24	930
24	948
24	1027
24	1030
24	1476
24	1482
24	1523
24	1545
24	1796
25	32
25	37
25	46
25	47
25	77
25	122
25	128
25	311
25	365
25	507
25	550
25	743
25	800
25	867
25	955
25	1183
25	1505
25	1526
25	1588
25	1659
25	1697
25	1840
25	1848
25	1950
26	52
26	58
26	64
26	100
26	121
26	142
26	183
26	264
26	390
26	419
26	421
26	498
26	579
26	614
26	786
26	898
26	931
26	1007
26	1219
26	1457
26	1763
26	1893
26	1997
27	49
27	157
27	231
27	274
27	288
27	321
27	330
27	364
27	435
27	708
27	734
27	791
27	829
27	837
27	877
27	1047
27	1330
27	1376
27	1397
27	1682
27	1878
28	137
28	159
28	249
28	296
28	313
28	378
28	452
28	457
28	663
28	682
28	706
28	844
28	1064
28	1065
28	1145
28	1268
28	1384
28	1531
28	1589
28	1943
28	1960
29	35
29	208
29	209
29	222
29	271
29	316
29	437
29	544
29	658
29	785
29	1004
29	1166
29	1190
29	1209
29	1247
29	1471
29	1487
29	1534
29	1716
29	1793
29	1972
30	170
30	174
30	176
30	261
30	270
30	285
30	295
30	348
30	422
30	463
30	591
30	620
30	647
30	1033
30	1143
30	1243
30	1297
30	1392
30	1444
31	82
31	127
31	147
31	148
31	184
31	186
31	213
31	215
31	284
31	315
31	331
31	359
31	393
31	407
31	443
31	1147
31	1171
31	1181
31	1273
31	1910
31	1942
32	57
32	122
32	167
32	173
32	216
32	225
32	257
32	324
32	507
32	598
32	672
32	896
32	942
32	1122
32	1154
32	1726
33	67
33	113
33	117
33	152
33	169
33	224
33	363
33	460
33	733
33	737
33	851
33	934
33	1152
33	1220
33	1322
33	1401
33	1502
33	1633
33	1664
34	59
34	68
34	87
34	129
34	130
34	220
34	352
34	413
34	493
34	539
34	580
34	604
34	661
34	773
34	1578
34	1668
34	1713
34	1885
34	1959
35	115
35	178
35	202
35	333
35	437
35	458
35	485
35	543
35	627
35	667
35	760
35	941
35	1260
35	1310
35	1344
35	1449
35	1847
35	1902
36	43
36	45
36	50
36	90
36	160
36	165
36	491
36	627
36	733
36	785
36	1017
36	1442
36	1473
36	1528
36	1798
36	1881
37	57
37	79
37	128
37	167
37	173
37	225
37	293
37	342
37	481
37	496
37	507
37	587
37	598
37	759
37	1416
37	1702
38	52
38	56
38	71
38	121
38	171
38	218
38	251
38	269
38	453
38	465
38	557
38	613
38	811
38	1341
38	1687
38	1900
39	63
39	155
39	201
39	402
39	571
39	597
39	621
39	702
39	777
39	952
39	1008
39	1151
39	1336
39	1547
39	1737
39	1869
39	1894
39	1957
40	52
40	58
40	78
40	121
40	171
40	236
40	287
40	351
40	445
40	470
40	499
40	716
40	792
40	1275
40	1331
40	1354
40	1893
41	44
41	83
41	105
41	204
41	334
41	344
41	599
41	640
41	775
41	795
41	890
41	916
41	997
41	1272
41	1839
41	1994
42	96
42	211
42	282
42	354
42	409
42	535
42	666
42	1087
42	1229
42	1238
42	1390
42	1616
42	1634
42	1673
42	1688
42	1756
42	1901
43	45
43	50
43	209
43	237
43	323
43	346
43	434
43	562
43	655
43	770
43	1153
43	1222
43	1504
43	1534
43	1971
44	73
44	83
44	105
44	204
44	344
44	477
44	639
44	652
44	659
44	795
44	856
44	963
44	1050
44	1083
44	1758
44	1888
45	50
45	65
45	104
45	115
45	160
45	338
45	570
45	833
45	984
45	1020
45	1383
45	1510
45	1714
46	47
46	122
46	154
46	423
46	494
46	527
46	656
46	675
46	929
46	1042
46	1505
46	1911
46	1950
47	57
47	79
47	120
47	185
47	255
47	300
47	324
47	367
47	508
47	533
47	1863
48	212
48	272
48	469
48	900
48	1048
48	1107
48	1110
48	1129
48	1149
48	1217
48	1406
48	1417
48	1792
48	1915
48	1973
49	54
49	66
49	143
49	321
49	368
49	710
49	837
49	965
49	1070
49	1292
49	1391
49	1412
49	1880
50	65
50	67
50	113
50	197
50	206
50	414
50	521
50	542
50	826
50	1832
50	1948
51	53
51	82
51	179
51	188
51	215
51	227
51	241
51	252
51	360
51	490
51	578
51	854
51	874
51	899
51	1119
51	1278
52	93
52	121
52	254
52	853
52	925
52	1346
52	1486
52	1518
52	1556
52	1785
53	82
53	108
53	149
53	181
53	186
53	239
53	392
53	426
53	466
53	846
53	958
53	1192
53	1206
53	1506
54	86
54	143
54	157
54	274
54	791
54	938
54	1068
54	1140
54	1513
54	1684
54	1719
55	94
55	95
55	218
55	251
55	340
55	380
55	499
55	589
55	673
55	719
55	1394
56	136
56	498
56	509
56	738
56	776
56	849
56	860
56	1419
56	1602
56	1618
56	1621
57	112
57	114
57	120
57	374
57	605
57	644
57	1165
57	1549
58	64
58	78
58	253
58	340
58	381
58	408
58	1067
58	1367
58	1903
58	1976
59	68
59	87
59	129
59	182
59	352
59	413
59	558
59	841
59	1091
59	1195
59	1578
59	1927
60	64
60	78
60	110
60	210
60	253
60	453
60	687
60	1311
60	1541
60	1828
61	72
61	81
61	109
61	116
61	151
61	259
61	573
61	858
61	1023
61	1266
61	1575
61	1804
62	193
62	300
62	471
62	668
62	817
62	1072
62	1291
62	1314
62	1429
63	203
63	297
63	370
63	621
63	911
63	1034
63	1106
63	1478
63	1517
63	1655
63	1675
63	1740
63	1748
64	94
64	95
64	410
64	421
64	557
64	786
64	1293
64	1475
64	1621
64	1694
65	104
65	325
65	405
65	451
65	534
65	946
65	1350
65	1468
65	1615
65	1636
65	1902
66	86
66	157
66	330
66	368
66	564
66	893
66	1068
66	1131
66	1424
66	1626
67	152
67	178
67	222
67	346
67	371
67	454
67	534
67	542
67	826
67	1118
68	87
68	182
68	472
68	773
68	825
68	1189
68	1582
68	1713
68	1897
68	1962
69	194
69	499
69	553
69	849
69	853
69	1066
69	1293
69	1423
69	1520
69	1683
70	76
70	88
70	192
70	366
70	657
70	782
70	992
70	1039
70	1342
70	1644
70	1705
70	1860
71	100
71	121
71	132
71	136
71	381
71	553
71	694
71	712
71	778
71	1783
72	85
72	116
72	151
72	632
72	836
72	1032
72	1125
72	1187
72	1914
72	1968
73	204
73	242
73	517
73	599
73	623
73	664
73	861
73	963
73	1221
73	1485
73	1888
73	1994
74	80
74	190
74	308
74	442
74	478
74	583
74	645
74	917
74	1440
74	1580
74	1641
74	1956
75	140
75	146
75	166
75	248
75	263
75	680
75	864
75	977
75	1323
75	1425
75	1666
75	1679
75	1865
76	88
76	168
76	192
76	235
76	266
76	366
76	448
76	1199
76	1267
76	1590
76	1743
77	79
77	111
77	450
77	981
77	1011
77	1060
77	1157
77	1183
77	1552
78	110
78	258
78	327
78	1311
78	1700
78	1720
79	111
79	432
79	494
79	644
79	1029
79	1370
79	1396
80	214
80	394
80	431
80	486
80	512
80	514
80	560
80	609
80	1554
80	1945
81	85
81	116
81	278
81	329
81	430
81	436
81	887
81	897
81	1198
82	91
82	92
82	125
82	267
82	284
82	443
82	932
82	1160
83	105
83	344
83	425
83	639
83	640
83	659
83	793
83	1296
83	1758
83	1953
84	141
84	171
84	251
84	322
84	406
84	630
84	744
84	1127
84	1518
84	1822
85	116
85	131
85	151
85	221
85	278
85	329
85	730
85	1038
86	143
86	195
86	234
86	291
86	734
86	1521
86	1852
87	129
87	130
87	413
87	462
87	558
87	604
87	825
87	1962
88	290
88	306
88	747
88	748
88	766
88	840
88	985
88	1211
88	1353
89	139
89	277
89	307
89	424
89	545
89	1241
89	1409
89	1495
89	1500
89	1983
90	446
90	636
90	669
90	863
90	1224
90	1269
90	1435
90	1487
90	1974
91	125
91	134
91	153
91	188
91	286
91	501
91	676
91	876
91	910
91	1464
92	125
92	134
92	153
92	267
92	439
92	1205
92	1624
92	1736
92	1834
93	132
93	210
93	244
93	258
93	553
93	1388
93	1791
94	141
94	253
94	269
94	322
94	398
94	579
94	714
94	1173
94	1358
95	287
95	335
95	898
95	1388
95	1389
95	1450
96	175
96	211
96	282
96	354
96	696
96	1084
96	1294
96	1688
96	1704
96	1917
97	108
97	134
97	148
97	373
97	525
97	715
97	866
97	1237
97	1244
97	1519
98	164
98	174
98	347
98	375
98	456
98	794
98	888
98	1287
98	1625
99	102
99	223
99	317
99	384
99	835
99	1026
99	1226
99	1362
99	1980
99	1999
100	336
100	625
100	905
100	1660
100	1891
100	1961
101	132
101	419
101	470
101	673
101	778
101	919
101	1301
101	1496
101	1602
101	1958
102	107
102	180
102	384
102	479
102	628
102	692
102	752
102	873
102	1407
102	1537
103	115
103	117
103	209
103	224
103	556
103	562
103	729
103	984
103	1057
103	1559
103	1812
104	202
104	447
104	530
104	543
104	698
104	996
104	1762
105	298
105	477
105	861
105	890
105	1364
105	1395
105	1799
105	1953
106	172
106	349
106	648
106	980
106	1161
106	1250
106	1645
106	1698
106	1800
106	1882
107	180
107	615
107	752
107	852
107	873
107	1026
107	1105
107	1335
107	1967
107	1980
108	127
108	241
108	572
108	578
108	822
108	932
108	951
108	1431
108	1744
109	131
109	199
109	294
109	329
109	842
109	897
109	1532
109	1862
110	132
110	335
110	401
110	694
110	811
110	1067
110	1327
111	471
111	487
111	1117
111	1283
111	1501
112	217
112	293
112	423
112	508
112	1429
112	1808
113	152
113	333
113	458
113	562
113	1017
113	1437
113	1612
114	257
114	440
114	587
114	847
114	1137
114	1408
115	124
115	346
115	376
115	551
115	1224
115	1810
116	294
116	954
116	994
116	1780
117	301
117	526
117	594
117	818
117	843
117	1269
117	1550
118	170
118	198
118	228
118	230
118	285
118	781
118	1366
118	1392
119	226
119	311
119	374
119	388
119	524
119	606
119	796
119	885
120	185
120	633
120	1120
120	1552
120	1864
120	1879
121	541
121	792
121	935
122	216
122	217
122	513
122	982
122	1747
122	1808
123	136
123	258
123	569
123	712
123	919
123	1402
123	1522
124	156
124	434
124	540
124	556
124	830
124	843
124	947
124	1264
124	1458
125	153
125	213
125	227
125	395
125	646
125	899
125	1411
126	149
126	184
126	379
126	578
126	715
126	866
126	902
126	1273
126	1290
126	1576
127	150
127	252
127	546
127	862
127	870
127	1205
127	1813
128	167
128	276
128	765
128	796
128	1060
128	1334
129	182
129	220
129	493
129	590
129	1745
129	1897
130	361
130	382
130	462
130	576
130	904
130	989
130	1806
131	221
131	278
131	573
131	801
131	858
131	1225
132	691
132	789
132	1242
132	1258
133	214
133	260
133	265
133	689
133	808
133	895
133	1255
133	1797
133	1912
134	179
134	315
134	379
134	439
134	751
134	828
134	958
135	148
135	289
135	385
135	501
135	523
135	642
135	740
135	1078
135	1307
135	1411
136	163
136	629
136	654
136	694
137	378
137	387
137	518
137	757
137	1064
137	1145
137	1706
138	145
138	196
138	464
138	528
138	718
138	1121
138	1500
138	1651
138	1921
139	277
139	480
139	739
139	892
139	1373
139	1495
139	1651
139	1921
140	146
140	200
140	337
140	1188
140	1309
140	1443
140	1841
140	1936
141	183
141	244
141	322
141	335
141	398
141	804
142	163
142	171
142	509
142	552
142	602
142	701
142	707
143	157
143	1569
143	1827
144	246
144	272
144	1073
144	1406
144	1474
144	1562
144	1600
144	1640
144	1695
145	158
145	528
145	797
145	892
145	945
145	1249
145	1259
145	1966
146	166
146	281
146	337
146	418
146	500
146	788
146	1920
147	150
147	252
147	350
147	936
147	1180
147	1248
147	1285
147	1790
148	149
148	179
148	215
148	360
148	488
148	1285
149	379
149	407
149	504
149	755
149	1630
149	1749
150	181
150	379
150	474
150	546
150	874
150	1454
150	1587
151	199
151	429
151	586
151	1194
152	156
152	208
152	485
152	585
152	1191
153	415
153	695
153	1365
153	1653
153	1709
154	391
154	728
154	857
154	1116
154	1393
154	1670
155	201
155	777
155	838
155	976
155	1061
155	1177
155	1570
155	1748
156	224
156	559
156	627
156	677
156	1812
157	330
157	1088
158	480
158	528
158	753
158	814
158	832
158	1000
158	1409
158	1647
159	249
159	296
159	369
159	411
159	682
159	727
159	1837
160	250
160	314
160	316
160	446
160	879
160	1223
160	1360
161	256
161	337
161	619
161	1184
161	1325
161	1400
161	1465
161	1607
161	1992
162	244
162	855
162	907
162	1086
162	1599
162	1997
163	353
163	1466
163	1498
163	1900
164	198
164	261
164	503
164	888
164	1143
164	1672
165	323
165	338
165	735
165	1458
165	1742
165	1805
166	248
166	256
166	263
166	823
166	1005
166	1109
167	225
167	495
167	631
167	799
167	1103
168	593
168	840
168	970
168	1134
168	1169
168	1826
169	177
169	555
169	1041
169	1593
169	1752
169	1875
170	497
170	574
170	643
170	794
171	327
171	716
171	905
171	1274
172	260
172	685
172	928
172	1448
172	1484
172	1698
173	226
173	495
173	728
173	1075
173	1122
174	230
174	270
174	516
174	554
174	1935
175	299
175	409
175	535
175	674
175	1084
175	1542
175	1901
176	230
176	347
176	348
176	422
176	1613
177	1018
177	1270
177	1442
177	1561
177	1664
177	1680
177	1714
178	441
178	530
178	594
178	1089
178	1190
179	350
179	395
179	725
179	1963
180	191
180	377
180	612
180	711
180	1382
180	1928
181	490
181	548
181	822
181	1234
181	1525
181	1624
182	220
182	382
182	841
182	1159
183	280
183	287
183	340
183	1469
183	1637
184	227
184	501
184	616
184	751
184	951
184	1709
185	1085
185	1252
185	1452
185	1857
186	392
186	566
186	1232
186	1333
186	1340
186	1347
187	212
187	420
187	660
187	1013
187	1343
187	1432
187	1922
187	1938
188	252
188	397
188	439
188	828
188	1119
189	195
189	893
189	1312
189	1376
190	506
190	609
190	768
190	1691
190	1777
191	223
191	310
191	317
191	649
191	1407
191	1883
192	266
192	1349
192	1511
192	1814
193	216
193	311
193	927
193	1115
194	258
194	357
194	956
194	1457
195	364
195	1094
196	424
196	797
196	945
196	1373
196	1617
196	1699
197	209
197	454
197	540
197	658
197	1132
197	1746
198	230
198	1095
198	1317
198	1460
199	430
199	742
199	798
200	484
200	600
200	1005
200	1178
200	1619
200	1992
201	203
201	297
201	370
201	1034
201	1372
202	363
202	417
202	833
202	1913
203	229
203	611
203	783
203	1177
203	1372
204	1113
204	1364
204	1585
204	1690
205	274
205	893
205	1397
205	1693
206	232
206	447
206	812
206	1680
206	1817
207	372
207	442
207	768
207	1213
207	1253
207	1263
208	542
208	655
208	754
208	1111
209	273
209	780
210	336
210	596
210	1052
211	354
211	1098
211	1717
211	1886
211	1907
212	581
212	1474
212	1650
212	1727
212	1947
213	359
213	373
213	616
213	1162
214	808
214	1214
214	1440
214	1889
215	1019
215	1820
215	1906
216	487
216	819
217	529
217	587
217	605
217	704
218	254
218	264
218	719
218	1331
218	1711
219	239
219	267
219	642
219	740
219	876
219	1022
219	1025
220	328
220	361
220	382
221	436
221	836
221	1663
222	376
222	729
222	966
222	1596
222	1993
223	479
223	692
223	1571
223	1969
223	1978
224	314
224	818
224	1321
225	533
225	1230
226	644
226	800
226	1491
226	1549
227	705
227	1171
227	1441
228	412
228	1033
228	1295
228	1803
229	402
229	597
229	1246
229	1725
229	1751
229	1787
230	1112
230	1944
231	332
231	1424
231	1718
232	1179
232	1649
232	1708
232	1722
232	1875
233	390
233	406
233	714
233	1242
233	1399
234	962
234	1014
235	305
235	448
235	970
235	1705
236	401
236	468
236	790
236	1346
236	1903
237	403
237	438
237	537
237	1058
237	1674
238	717
238	787
238	1074
238	1133
238	1772
238	1819
239	315
239	504
239	1123
239	1790
240	273
240	736
240	886
240	1428
240	1550
241	267
241	379
241	922
241	1175
242	425
242	599
242	640
242	1316
242	1631
243	446
243	733
243	1437
243	1639
243	1722
243	1782
244	654
244	1288
245	360
245	523
245	715
245	751
245	922
245	1963
246	304
246	1193
246	1343
246	1767
246	1819
247	251
247	536
247	1850
248	302
248	418
248	864
248	1043
249	1081
249	1592
249	1859
250	805
250	991
250	1445
250	1750
250	1854
251	1258
251	1337
252	572
252	637
253	824
253	855
253	1828
254	603
254	776
255	1261
255	1404
255	1623
255	1721
256	670
256	772
256	1400
256	1607
257	807
257	1120
257	1622
258	408
259	798
259	920
259	1281
260	265
260	349
260	884
260	1774
261	620
261	1202
261	1276
261	1315
262	268
262	913
262	1193
262	1332
262	1380
262	1665
263	281
263	302
263	1477
263	1865
264	287
264	1150
264	1463
264	1896
265	283
265	431
265	512
265	1730
266	859
266	912
266	1658
267	359
267	1248
268	987
268	1915
268	1930
268	1973
268	1984
269	536
269	956
270	345
270	422
270	684
271	805
271	886
271	1167
271	1270
272	420
272	489
272	839
272	1770
273	403
273	405
273	736
274	291
275	1066
275	1338
276	374
276	473
276	915
277	424
277	607
277	1259
277	1856
278	318
278	801
279	798
279	1090
279	1125
279	1564
279	1884
280	467
280	2000
281	302
281	484
281	1418
282	299
282	409
282	674
283	358
283	895
283	1313
284	466
284	1744
285	449
285	771
286	862
286	1829
286	1932
287	1080
288	708
288	1628
289	331
289	350
289	525
290	459
290	747
290	1515
291	386
292	452
292	518
292	1055
292	1734
293	475
293	575
294	586
295	1062
295	1625
296	1055
296	1516
297	1478
297	1566
297	1740
298	517
298	532
298	806
298	890
299	1197
299	1329
299	1689
300	515
301	333
301	732
301	1124
301	1565
302	1323
302	1594
303	449
303	620
303	756
303	1276
304	567
304	1048
304	1074
304	1101
305	448
305	568
305	683
306	834
306	1299
306	1493
307	739
307	1121
307	1168
307	1983
308	478
308	645
308	1605
308	1970
309	311
309	356
309	482
309	847
309	1952
310	319
310	479
310	835
310	1887
311	896
312	399
312	443
312	1227
312	1240
312	1567
313	387
313	1516
313	1591
314	1603
315	415
315	546
316	417
317	377
317	612
317	1355
318	762
318	813
318	921
318	1766
319	479
319	1825
319	1873
319	1887
320	538
320	585
320	735
320	1135
321	1715
322	1909
323	521
323	878
323	1271
324	1075
324	1137
324	1595
325	333
325	502
325	543
325	1838
326	348
326	914
326	1939
327	541
327	869
327	1823
328	661
328	969
328	1905
330	1718
330	1764
331	399
331	400
331	1519
332	368
332	829
332	1164
333	555
334	477
334	623
334	664
334	795
336	1007
336	1724
337	670
337	1174
338	526
338	780
339	355
339	444
339	820
339	1390
339	1704
340	511
340	789
341	399
341	608
341	926
341	1025
341	1431
342	529
342	606
342	1676
343	373
343	433
343	490
343	519
343	651
344	664
344	1771
345	347
345	998
346	803
346	1024
347	1760
348	1652
349	486
349	1214
350	651
350	1768
351	1086
351	1420
351	1843
352	539
352	1745
353	445
353	654
353	789
353	1986
354	750
354	1717
355	666
355	696
355	1098
355	1830
356	885
356	957
356	1991
357	763
357	1568
358	779
358	1213
358	1786
359	393
359	784
360	1368
361	904
361	1849
362	600
362	626
362	693
362	810
362	1895
363	522
363	1286
363	1310
364	882
364	965
365	494
365	723
365	1662
366	912
366	1182
367	726
367	937
367	1009
368	681
369	457
369	1769
369	1788
370	402
370	838
370	1246
371	521
371	1001
371	1596
372	478
372	648
372	779
373	1022
373	1741
375	1302
375	1803
376	537
376	1118
377	1105
377	1928
378	749
378	1434
380	691
380	973
380	1687
380	1951
383	552
383	614
384	1031
384	1883
385	525
385	1741
385	1820
387	1069
388	524
388	531
389	511
389	541
389	869
389	1488
390	470
391	473
392	1576
393	1071
394	514
394	889
395	1768
396	484
396	1200
396	1356
396	1426
397	721
397	870
397	1379
398	408
398	1399
399	1454
400	566
400	705
400	1240
401	790
401	1386
402	621
403	417
404	1260
404	1752
404	1919
405	1108
405	1639
406	1908
407	846
407	1942
408	1937
409	1467
410	465
410	1420
410	1816
411	452
411	816
412	1302
412	1796
413	539
414	428
414	461
414	622
415	881
416	503
416	591
416	1523
417	943
418	680
418	1178
419	630
420	469
420	1877
421	1049
423	656
424	464
425	775
425	1113
426	466
426	881
426	960
427	1107
427	1320
427	1543
427	1922
428	1352
429	582
429	894
430	1266
431	1318
431	1605
432	1252
432	1925
433	854
433	1464
434	502
434	1561
435	1096
437	961
437	1536
438	1604
438	1746
439	679
440	482
441	1185
441	1264
442	1970
443	1237
444	750
444	1669
444	1756
445	701
446	1817
447	1377
447	1528
448	1609
449	1236
450	476
450	550
450	799
451	622
451	770
451	1874
453	455
453	687
454	1398
455	909
455	1700
456	638
456	1686
457	1723
458	812
458	1890
459	1299
459	1511
460	526
460	585
460	1089
461	622
461	698
461	830
462	841
463	1348
464	480
464	1661
465	903
466	1524
467	492
467	804
467	1979
468	1035
468	1301
468	1892
469	510
469	1073
472	493
472	1582
473	1283
474	488
474	1278
475	704
475	819
475	1186
476	618
476	1154
476	1662
477	953
478	959
480	1216
481	1072
482	1622
483	617
483	991
483	1152
484	1339
486	512
486	779
487	507
488	523
488	1175
489	1357
489	1667
489	1877
490	1232
491	1028
491	1707
492	1036
495	1040
496	618
496	1261
497	769
497	1686
500	810
500	1339
500	1425
501	866
502	780
502	1398
504	876
504	1653
505	1798
505	1981
506	895
506	1318
506	1889
508	1103
509	972
509	1637
510	1357
510	1456
510	1767
511	613
511	1896
512	1777
513	857
513	1117
514	1685
514	1732
515	656
515	1747
515	1872
516	1652
517	639
517	1221
518	1065
519	1446
519	1998
520	962
520	1738
521	559
522	547
522	1004
523	1234
524	891
525	1244
526	968
527	982
527	1314
528	1422
529	1324
529	1879
530	1350
530	1995
531	1433
531	1853
532	659
532	1316
532	1485
533	1116
534	592
535	1126
535	1811
536	707
537	617
537	1378
538	845
538	1620
540	636
540	1565
541	973
542	851
544	831
544	988
544	1435
545	739
545	1093
545	1699
546	881
547	732
547	1898
548	1123
548	1160
548	1736
549	755
549	1499
549	1632
549	1866
550	1991
551	1020
551	1844
551	1854
552	1816
554	756
554	1297
555	754
555	1403
556	1172
556	1614
557	1423
558	1141
558	1189
559	1286
559	1955
560	1255
560	1439
560	1627
561	565
561	702
561	1725
561	1787
563	749
563	1574
565	702
565	1453
566	1192
567	660
567	1938
568	865
569	1710
570	636
570	1265
571	1430
571	1751
572	646
574	595
574	1476
575	847
576	1387
577	1163
577	1589
580	635
581	774
581	1753
582	1733
583	1253
583	1956
584	964
584	1414
588	826
588	918
588	1553
589	855
590	969
592	760
592	1509
593	713
595	771
596	1361
596	1729
597	783
600	1594
601	662
601	1218
601	1238
602	1755
603	709
603	1512
607	1000
607	1282
608	936
608	1712
610	1254
610	1355
610	1978
611	952
611	1869
612	1648
613	898
614	1541
615	1254
615	1654
616	1019
617	1132
619	999
619	1215
623	806
624	941
624	1041
624	1504
625	629
625	1558
626	693
626	1077
628	649
628	1382
629	1720
630	700
633	1011
634	666
634	1218
634	1470
635	1158
637	1071
637	1757
638	771
641	1374
642	846
643	794
643	1577
646	822
647	1935
648	1439
649	1678
650	1579
652	953
652	1572
653	1964
657	766
658	1265
660	1320
661	1056
662	1329
662	1886
663	1597
665	971
667	677
667	735
668	1139
669	1874
669	1954
670	1677
671	1142
673	2000
674	1634
676	746
676	1459
678	1419
678	1924
679	1063
679	1100
680	823
681	1262
683	1082
684	974
685	689
686	1784
686	1876
687	1128
688	914
688	1201
689	979
690	874
690	1567
690	1735
691	872
692	1861
693	1619
695	1506
695	1563
696	1689
697	761
697	1515
699	995
699	1491
700	1469
700	1610
703	1212
704	723
706	1508
707	1579
710	882
711	1031
711	1335
713	1836
714	716
717	1006
717	1555
718	832
718	892
719	1807
720	996
720	1223
721	1100
721	1932
722	764
722	950
723	1076
724	885
725	1499
725	1802
726	1040
727	757
729	1510
730	894
731	848
731	1359
732	1003
736	1536
737	1851
738	1389
740	1712
741	909
741	1520
742	1845
744	1472
744	1568
745	908
746	1587
746	1866
748	859
750	1126
752	1678
753	1415
753	1815
754	1514
755	1300
758	850
758	1990
759	807
759	871
760	1377
761	1349
763	1481
765	1408
767	1694
768	1548
769	1444
769	1577
770	1940
772	1540
772	1895
774	1417
774	1930
775	856
777	1479
778	1556
782	1493
783	1570
784	870
784	1078
785	1369
786	1337
787	1204
787	1530
788	1043
788	1426
790	1599
793	924
793	997
796	891
797	1647
800	1952
802	832
802	906
802	1856
803	1001
805	1471
806	1771
808	1730
809	1170
809	1462
809	1924
810	1109
813	1598
814	1241
814	1661
815	915
815	1230
816	1591
817	942
818	845
820	1542
820	1858
821	840
821	1099
823	1934
824	1127
827	917
827	1941
830	968
831	1235
831	1972
834	1304
835	1899
837	1497
838	1779
839	1013
839	1665
842	1809
843	1114
844	1929
848	880
849	1488
850	1844
850	1898
851	1593
852	1136
852	1239
853	1052
854	1333
856	861
857	1291
860	1402
860	1696
862	1379
863	1057
863	1207
864	1677
865	1039
868	944
868	1821
868	1947
871	1165
871	1438
872	1823
873	1873
875	943
875	1620
877	1521
878	934
878	1810
879	1233
879	1824
883	1804
884	1691
889	1484
899	1300
900	1432
900	1456
901	978
902	960
902	1413
903	1527
906	1216
906	1249
910	1781
911	1479
911	1957
913	944
913	1728
914	1196
915	1092
916	924
916	1581
918	1919
920	1766
923	1446
923	1781
925	1279
926	1586
927	1363
929	1115
931	1371
937	1370
938	1642
939	1138
939	1168
940	1964
948	1460
949	1489
955	1703
957	1438
959	1002
966	1369
967	1855
967	1906
974	1405
976	1061
977	1846
983	1155
987	1543
990	1124
993	1842
999	1188
1002	1797
1003	1024
1006	1770
1008	1737
1009	1573
1015	1961
1016	1775
1016	1946
1018	1111
1021	1786
1023	1228
1027	1405
1028	1503
1029	1988
1030	1095
1032	1996
1035	1522
1036	1044
1046	1191
1046	1280
1047	1490
1050	1839
1051	1939
1053	1558
1053	1608
1058	1209
1059	1176
1063	1181
1069	1231
1070	1776
1076	1697
1077	1989
1079	1927
1083	1455
1085	1863
1087	1611
1093	1546
1097	1554
1101	1727
1104	1685
1106	1566
1108	1801
1110	1821
1112	1212
1114	1352
1128	1755
1129	1436
1133	1772
1135	1793
1136	1825
1138	1156
1141	1159
1144	1347
1144	1982
1146	1881
1147	1427
1148	1361
1149	1728
1151	1779
1155	1782
1156	1282
1158	1306
1161	1800
1162	1818
1166	1344
1170	1660
1172	1421
1174	1638
1180	1413
1184	1946
1186	1363
1195	1806
1197	1917
1200	1989
1203	1208
1203	1894
1204	1650
1206	1368
1207	1633
1208	1655
1210	1529
1215	1418
1217	1656
1220	1870
1222	1308
1226	1759
1227	1365
1229	1907
1233	1277
1235	1832
1239	1362
1247	1649
1257	1449
1271	1955
1272	1296
1279	1610
1284	1319
1289	1580
1290	1910
1294	1467
1298	1489
1303	1763
1307	1735
1308	1954
1309	1775
1321	1971
1325	1539
1326	1671
1327	1657
1328	1855
1332	1931
1336	1547
1340	1802
1345	1378
1345	1401
1356	1739
1360	1990
1374	1833
1375	1671
1380	1984
1381	1674
1385	1840
1393	1703
1395	1631
1403	1995
1410	1940
1410	1948
1415	1773
1416	1925
1421	1847
1422	1966
1430	1453
1436	1931
1441	1749
1443	1477
1447	1527
1447	1908
1448	1606
1450	1833
1451	1533
1455	1581
1459	1754
1461	1564
1465	1638
1468	1923
1470	1830
1483	1951
1494	1731
1496	1871
1498	1892
1502	1507
1503	1762
1514	1612
1517	1675
1525	1632
1530	1656
1537	1967
1538	1848
1539	1739
1540	1666
1544	1829
1546	1815
1553	1614
1555	1792
1557	1914
1560	1926
1562	1640
1563	1813
1571	1759
1572	1585
1583	1584
1584	1765
1586	1630
1600	1753
1601	1794
1601	1818
1603	1977
1604	1890
1611	1811
1615	1750
1616	1673
1617	1789
1643	1933
1646	1918
1648	1969
1654	1899
1657	1909
1667	1904
1669	1858
1676	1949
1679	1920
1683	1696
1690	1799
1692	1882
1695	1904
1701	1764
1708	1916
1711	1783
1724	1979
1732	1945
1754	1998
1757	1834
1761	1805
1761	1923
1773	1789
1794	1982
1795	1985
1835	1871
1841	1846
1861	1999
1870	1913
1934	1936
1965	1987
1985	1993
