17,55
54,62
12,42
2,5
2,4,20,80
23,49
1,6
32,77,99
9,29,99
19,85
16,63
3,58
27,32,98
8,17,81
34,35
31,42,71
48,76,90
2,21,33,42
9,50,84,97
40,42
23,29
46,56,76
29,67,89
9,20
6,49,71
15,23,28,49
14,41
15,24,54
8,11,54
44,76,95
45,57,70
30,62,88
7,65
2,11,31,56
11,17,55,57
4,84
35,36,43
5,47
32,56
19,66,94
20,38,46,95
4,38,99
69,83
13,17,24,85
5,12,38,74
2,7,33,93
2,10,78
1,12
6,37,62,66
29,53
33,63,64
8,13,15
1,7,34
1,6,79
7,13,61
10,69
16,100
8,85
13,19,81,83
4,20,77
7,23,35
40,72
24,36
75,87,89,98
4,20,39
6,10,36
5,56
1,34
1,2
3,34,39,88
25,26,45,83
27,53,97
30,48,50,73
8,59
3,22,43
4,94
32,39,91
9,21,27
1,18,22
8,18
27,59
12,15
25,28
12,44,48
7,28
9,26,53
13,17,26,70
22,31
54,78
5,37,90
1,31
18,21,49,86
2,22,45,79
26,50,80,81
11,22,52
15,17,57
10,31,74,91
33,96
5,9,44
25,93
68,90,98
14,25,68
30,77
1,21
3,6,43
43,58
5,75
4,47,48,73
14,19,51
3,10,79
3,10,16
21,40,71
1,6,80
57,82
19,26,52
60,66
11,13,19,41
30,59
46,92
5,53,84
35,95
30,87
8,78
18,64,96,100
3,7,21,100
16,40
23,69
37,47
14,41,52
61,92
85,87
2,18,36
3,18,29
37,89
15,28
14,60
20,32,44,61
51,52,55
50,67,92
12,33,86
16,35
36,39,91
14,82,93
47,97
4,73
24,51
63,64
11,13,25,55
23,34,88
28,41,45,51
9,68
6,72
82,86,94
11,14,24
2,65
22,60
10,16,72,96
58,65,70,74
12,27
38,46,67,75
