15,26,112,132
30,104,109,228
11,78,84,197
117,172,203,280
1,18,20,123
14,19,101,205
54,105,124,133
104,121,211,241
46,72,206,263
47,66,120,257
6,22,55,294
2,61,230,251
34,142,211
55,82,170,218
3,33,41,130
21,79,130,202
25,29,69,113
8,28,54,195
11,60,110,221
82,83,119,300
18,83,155
26,152,257
36,108,178
31,185,190,287
1,25,68,93
29,38,64,68
39,104,161,204
7,25,73,79
5,85,180,221
27,150,173,300
5,58,137,188
5,68,216,257
5,9,10,126
136,160,227,251
17,99,229,287
22,38,177,288
31,33,68,169
24,30,112,154
106,108,144,196
17,54,61,75
163,283,294
4,43,152,215
32,102,132,286
3,38,115,268
64,200,234,288
10,224,264,270
63,92,119,157
119,247,253
39,126,139,231
14,109,156,247
13,22,117,123
3,42,66,179
24,147,184
36,103,136,194
13,50,59,74
8,24,53,246
63,131,149,247
12,17,28,34
20,67,91,165
14,30,198,230
102,103,231,261
1,40,45,206
28,50,67,264
6,100,112,251
2,3,72,272
49,234,242,249
12,83,153,245
10,27,53,60
16,48,70,260
52,124,235,285
22,27,51,274
10,47,60,195
33,46,65,69
16,26,74,214
19,35,41,140
7,14,82,148
36,125,134,205
37,120,206,267
85,128,134,288
30,32,183,295
10,57,113,128
2,83,111,124
4,43,148
18,103,121,237
43,97,109,159
6,12,70,275
8,15,104,176
49,67,82,118
81,181,199
27,53,56,237
9,37,131,152
49,50,96,223
15,34,44,54
3,18,67,224
27,97,118,159
74,111,114,279
2,34,82,158
9,15,122,210
6,245,294
4,23,149,282
48,204,218,260
66,77,182,197
24,45,114,266
4,25,27,233
32,75,134,262
109,161,281
14,212,271
35,91,123,203
7,57,60,222
2,12,76,210
1,9,19,177
35,47,207,259
67,103,118,140
8,124,171,266
40,150,173,197
15,24,49,248
65,83,259
5,44,50,280
29,69,113,277
7,24,56,101
16,18,48,236
44,55,132,240
13,35,56,79
128,135,274,282
95,140,163,189
59,65,70,72
31,180,220,222
228,229,243,255
11,56,78,200
7,13,24,255
48,83,86,283
36,96,213
60,69,84,93
26,165,236,266
169,171,208,278
82,100,124,134
15,41,68,264
28,88,153,156
19,52,241,243
71,73,100,118
2,75,105,241
10,30,127,188
3,23,88,180
14,16,30,202
7,16,28,146
64,84,168,248
26,138,254
57,64,136,242
98,109,145,192
38,108,155,207
90,123,191,241
16,27,166,219
8,46,121,298
13,46,66,100
10,37,51,133
4,33,73,157
8,56,85
106,187,189
2,48,61,221
3,5,35,232
36,74,77
5,52,139,239
10,47,77,188
14,146,190,203
143,203,257
52,81,153,204
49,145,148,238
35,36,133,137
5,57,83,94
56,104,209,227
92,131,142,173
23,47,197,240
84,102,140,299
17,254,266,268
3,109,145,290
58,179,216,287
3,20,25,280
29,81,162,263
1,13,28,279
44,50,158,253
1,114,180,274
9,51,108
45,101,163,205
8,24,195,227
156,184,238
36,37,62,239
58,108,182,221
19,34,262,277
12,109,171,198
37,38,188,268
22,41,97
2,35,37,296
57,111,184,252
7,71,122,200
49,60,90,147
21,39,42,65
3,31,160,259
72,79,143,176
32,70,115,270
19,99,202,272
37,58,105,189
37,87,90,143
42,126,154,214
18,27,32,212
40,90,184,205
29,147,171
1,59,230,273
40,45,157,197
5,7,8,139
110,156,195,296
17,33,34,64
76,126,275
8,143,169,181
5,78,284
6,8,71,256
25,50,125,269
62,115,135,256
28,156,237,268
54,106,134,277
6,20,51
166,180,192,270
12,17,199,299
19,26,138,160
34,42,64,131
55,113,176,300
11,22,48,158
75,125,221
43,46,87,150
11,49,91,230
4,5,36,179
27,44,173,182
29,250,258,293
4,84,163,234
65,154,189,210
16,41,55,265
129,144,227
50,97,185,286
2,56,110,208
30,67,84,294
21,114,155,260
4,9,33,37
12,13,50,81
17,51,74,137
58,122,161,191
91,117,119,154
14,26,162,292
68,115,239
49,62,98,159
7,40,90,298
14,90,159,239
5,293,297,298
15,27,71,73
1,44,48,105
7,30,84,192
32,107,226,290
28,44,82,186
51,66,69
14,17,68,273
68,114,164,201
10,39,68,294
29,55,60,192
46,83,107
42,145,205,290
5,41,86,292
9,10,21,102
81,105,125,285
31,121,148,253
23,38,232,293
5,35,51,93
67,172,255,274
2,22,141,147
89,201,275,288
1,7,52,136
24,107,215,227
10,96,209,247
16,61,116,135
7,51,71,174
16,38,46,273
11,16,43,157
106,112,261
4,23,40,116
96,113,201,271
2,139,211,232
3,6,91,107
2,74,114,185
8,80,119,233
4,8,193,278
3,42,47,51
50,89,229,252
44,89,151,165
81,91,131,194
46,71,104
3,103,292
11,33,80,284
42,104,225,290
42,116,162,244
41,138,206,235
24,176,271
45,98,117,220
6,17,153,178
30,177,249,300
5,87,195,196
3,49,154,230
63,137,218,250
3,41,75,86
43,72,85,129
13,78,229,240
43,59,62,156
71,72,182,263
1,19,75,187
23,93,108,127
31,44,214
16,111,218,229
10,23,121,186
55,226,289
18,20,31,38
13,48,80,147
107,130,185,270
3,15,20,127
40,61,174,240
16,37,58,167
7,11,33,92
53,57,265,272
2,20,44,249
58,64,66,170
62,68,135,263
7,13,214
20,30,97,101
32,65,66,83
6,24,38,172
49,53,150
30,168,197,237
11,55,179,262
1,18,24,243
145,163,164,222
2,19,54,130
4,87,234,276
76,80,89,192
8,24,80,200
22,71,141,273
5,58,133,261
3,25,69,118
100,122,166,251
46,94,248,253
89,99,155
44,204,256,275
5,250,277,282
1,12,32,151
14,95,101,129
22,54,86,138
4,37,142
1,6,92,97
52,79,86,130
21,53,198,267
60,136,169,222
11,194,246
3,173,191,204
11,38,100,110
9,10,93,244
3,35,174,242
81,201,235,255
1,127,181,242
13,44,104,120
112,269,287,298
11,80,116,209
43,45,84,125
14,15,76,136
2,4,19,20
2,15,17,296
5,118,181
26,97,174,205
43,94,175,231
1,79,100,272
1,88,155,279
61,181,201,252
9,28,138,259
6,81,96,208
1,6,23,291
13,54,55,165
6,34,160,191
2,26,80,150
56,63,209,262
7,27,298
33,39,40,282
4,27,207,296
14,167,225,276
2,77,86,191
17,26,31,245
23,68,187,252
39,69,98,145
7,40,94
25,90,279,289
4,55,151,248
70,132,180,260
11,22,25,128
18,28,114,121
46,58,59,74
122,175,223,269
23,62,103,127
36,94,168,215
56,92,101,193
54,165,223,233
126,168,295
19,25,47
5,18,115,124
110,196,220,281
38,144,170,224
57,113,120,179
39,92,111
9,156,188,216
17,62,133,153
17,20,28,164
9,60,138,286
34,35,126,177
86,158,163
15,48,83,293
23,29,69,245
1,19,188
7,140,209,249
70,85,159,293
1,34,146,215
20,25,202
11,42,59,292
18,54,59,141
43,88,94,166
59,121,170,283
39,92,96,278
16,18,31,55
10,207,286,295
9,21,39,211
42,174,183,295
4,25,144,281
81,212,216,252
6,19,52,240
56,73,124
7,16,53,112
42,98,142
20,29,141
6,142,146,170
31,76,125,272
21,206,291
70,81,148,285
29,173,213,233
20,99,111
9,23,38,256
23,35,41,64
12,115,193,258
105,125,128
17,59,113,211
146,155,207,285
70,99,100,170
12,88,95,278
18,116,174
23,36,91,122
3,26,65,95
33,94,98,209
21,44,215,235
2,39,84,124
24,30,45,74
62,165,198,203
9,164,243,281
34,79,105,151
25,35,135,237
3,10,258,267
28,43,115,149
8,11,73,280
8,16,20
5,6,8,144
16,79,187,217
3,14,99,299
98,164,223,300
9,59,157,177
18,63,201,283
26,132,206,217
21,161,162,182
53,73,122,212
12,77,110,185
63,96,142,280
37,41,58,116
4,36,70,86
13,21,32,136
31,67,106,210
7,14,33,100
22,96,196,200
2,50,139,149
15,88,166,175
76,194,267,271
3,119,217,284
112,164,270
1,16,93,241
12,132,143,183
2,4,27,185
6,8,77,90
21,63,108,141
16,121,132,178
9,127,139,171
4,7,15,190
140,200,217,236
3,51,161
6,59,290
43,52,101
76,106,125,204
42,102,150,165
26,89,111,122
8,72,149,189
13,253,273
91,148,154,168
64,77,108,225
4,95,107,277
1,70,207,286
118,130,245
30,78,142,284
35,39,169,263
9,69,130,254
15,159,192,289
21,120,189,219
23,231,279
71,94,102,111
54,59,254
15,26,82
7,19,295
21,47,129,297
66,166,171,276
13,15,73,117
85,110,154,190
5,21,79,119
76,210,243,266
47,48,92,133
31,53,226,275
13,37,95
8,73,77,123
102,115,220,228
25,33,72,91
19,20,22,158
5,39,139,194
11,86,103
3,116,175,260
28,98,244
45,117,143,276
2,61,160,193
14,143,213,269
2,13,232
116,128,291
1,61,63,86
14,25,166,228
7,12,28,69
36,106,178,187
147,161,225
19,87,103,225
5,19,51,104
6,32,160,161
88,101,219,248
4,32,109,150
45,53,75,169
134,199,217,299
23,41,47,222
10,19,99,107
17,49,71,157
25,82,111,244
1,22,141
12,199,238,242
2,8,120,218
57,169,176,261
9,29,73,132
41,93,137,182
6,129,148,162
56,75,108,170
24,53,175
6,75,131
40,46,49,97
8,29,78,268
10,11,39
1,38,137,281
15,98,145,198
5,58,126
9,33,106,283
15,30,261,285
4,14,27,45
12,40,82,141
65,102,139,183
99,152,213,216
36,87,193,267
84,131,152,219
17,61,112,236
12,18,48,133
9,23,41,57
25,167,191,211
5,36,60,102
24,80,213
2,22,40,85
17,29,202,231
45,78,87,296
54,78,95,127
1,172,235,288
73,78,142,167
20,75,141,289
62,130,136,178
63,117,120,159
2,34,70,151
48,49,93,158
90,129,140,196
34,152,184,246
10,13,64,284
162,175,178,199
58,110,160,214
22,55,146,236
17,22,71,202
14,85,219,256
4,6,39,72
1,31,67
7,50,183,264
87,172,176,210
51,88,103,107
38,62,162,208
26,32,50,79
15,149,167,265
67,76,183
64,113,133,208
16,21,77,89
3,21,60,66
151,158,164
31,43,186,226
13,34,193,297
6,17,87,291
6,66,172,190
46,140,167
33,57,74,168
12,18,138,246
13,21,89,282
8,32,105,190
11,60,137,297
12,31,61,155
10,18,42,118
51,72,233,249
10,89,157,181
4,8,63,95
76,144,199,212
1,18,32,255
4,50,123,269
6,112,251,254
4,33,117,224
14,46,110,196
32,67,106,297
94,97,195
66,113,114,128
18,27,52,186
57,65,126,149
11,85,152,223
87,88,198,265
74,78,137,265
40,63,74,151
45,153,186,257
119,177,203,289
1,75,134,262
8,47,89,247
8,20,22,92
27,48,143,258
45,62,138,220
11,80,224
57,171,228,278
11,12,35,187
40,72,129,144
3,29,65,259
10,28,96,135
6,123,186,232
26,52,107,264
30,101,109
37,128,287,292
69,134,258
5,12,131,153
61,62,135,239
2,77,146,234
7,24,53
7,34,238,244
9,56,163,291
1,2,20,226
85,105,184,208
5,135,238
29,65,93,194
3,80,88,179
4,95,168,246
52,250,271
9,120,127,147
41,47,61,274
42,52,99,276
4,28,167,250
47,123,129,299
